# This file was generated by Animated Java via MC-Build. It is not recommended to edit this file directly.
$data merge entity $(bone_eyes) {transformation: [-1f,0f,0f,-0.0156f,0f,0.9989f,0.0478f,1.7124f,0f,0.0478f,-0.9989f,0.3226f,0f,0f,0f,1f],start_interpolation: 0,interpolation_duration: 1}
$data merge entity $(bone_head) {transformation: [-1f,0f,0f,0f,0f,0.9989f,0.0478f,1.3811f,0f,0.0478f,-0.9989f,0.0552f,0f,0f,0f,1f],start_interpolation: 0,interpolation_duration: 1}
$data merge entity $(bone_fabric_overray) {transformation: [-1f,0f,0f,0f,0f,0.9775f,0.211f,1.3811f,0f,0.211f,-0.9775f,0.0552f,0f,0f,0f,1f],start_interpolation: 0,interpolation_duration: 1}
$data merge entity $(bone_fabric) {transformation: [-1f,0f,0f,0f,0f,0.9775f,0.211f,1.3811f,0f,0.211f,-0.9775f,0.0552f,0f,0f,0f,1f],start_interpolation: 0,interpolation_duration: 1}
$data merge entity $(bone_bone_overray) {transformation: [-1f,0f,0f,0f,0f,0.9782f,0.2079f,1.3811f,0f,0.2079f,-0.9782f,0.0552f,0f,0f,0f,1f],start_interpolation: 0,interpolation_duration: 1}
$data merge entity $(bone_bone) {transformation: [-1f,0f,0f,0f,0f,0.9782f,0.2079f,1.3811f,0f,0.2079f,-0.9782f,0.0552f,0f,0f,0f,1f],start_interpolation: 0,interpolation_duration: 1}
$data merge entity $(bone_left_arm1) {transformation: [-0.9996f,0.0285f,0f,0.25f,0.0284f,0.9928f,0.1161f,1.3196f,0.0033f,0.116f,-0.9932f,0.0444f,0f,0f,0f,1f],start_interpolation: 0,interpolation_duration: 1}
$data merge entity $(bone_right_arm1) {transformation: [-0.9996f,-0.0285f,0f,-0.25f,-0.0284f,0.9928f,0.1161f,1.3196f,-0.0033f,0.116f,-0.9932f,0.0444f,0f,0f,0f,1f],start_interpolation: 0,interpolation_duration: 1}
data modify entity @s data merge value {"cameras":{},"locators":{"mouse":{"posx":-3.7892277569987623e-17,"posy":1.462786213340757,"posz":0.309413927316592,"roty":0,"rotx":2.7425000000000006},"left_arm":{"posx":0.29284897538666804,"posy":0.635209781585497,"posz":-0.03562691841549215,"roty":0,"rotx":6.666666666666666},"right_arm":{"posx":-0.292848975386668,"posy":0.635209781585497,"posz":-0.03562691841549222,"roty":0,"rotx":6.666666666666666}}}