# This file was generated by Animated Java via MC-Build. It is not recommended to edit this file directly.
$data merge entity $(bone_eyes) {transformation: [-1f,0f,0f,-0.0156f,0f,0.7373f,0.6756f,1.4648f,0f,0.6756f,-0.7373f,0.4727f,0f,0f,0f,1f],start_interpolation: 0,interpolation_duration: 1}
$data merge entity $(bone_head) {transformation: [-1f,0f,0f,0f,0f,0.7373f,0.6756f,1.3811f,0f,0.6756f,-0.7373f,0.0552f,0f,0f,0f,1f],start_interpolation: 0,interpolation_duration: 1}
$data merge entity $(bone_fabric_overray) {transformation: [-1f,0f,0f,0f,0f,0.7462f,0.6657f,1.3811f,0f,0.6657f,-0.7462f,0.0552f,0f,0f,0f,1f],start_interpolation: 0,interpolation_duration: 1}
$data merge entity $(bone_fabric) {transformation: [-1f,0f,0f,0f,0f,0.7462f,0.6657f,1.3811f,0f,0.6657f,-0.7462f,0.0552f,0f,0f,0f,1f],start_interpolation: 0,interpolation_duration: 1}
$data merge entity $(bone_bone_overray) {transformation: [-1f,0f,0f,0f,0f,0.7761f,0.6306f,1.3811f,0f,0.6306f,-0.7761f,0.0552f,0f,0f,0f,1f],start_interpolation: 0,interpolation_duration: 1}
$data merge entity $(bone_bone) {transformation: [-1f,0f,0f,0f,0f,0.7761f,0.6306f,1.3811f,0f,0.6306f,-0.7761f,0.0552f,0f,0f,0f,1f],start_interpolation: 0,interpolation_duration: 1}
$data merge entity $(bone_left_arm1) {transformation: [-0.9149f,0.4036f,0f,0.25f,0.3792f,0.8598f,-0.342f,1.3196f,-0.138f,-0.3129f,-0.9397f,0.0444f,0f,0f,0f,1f],start_interpolation: 0,interpolation_duration: 1}
$data merge entity $(bone_right_arm1) {transformation: [-0.9149f,-0.4036f,0f,-0.25f,-0.3792f,0.8598f,-0.342f,1.3196f,0.138f,-0.3129f,-0.9397f,0.0444f,0f,0f,0f,1f],start_interpolation: 0,interpolation_duration: 1}
data modify entity @s data merge value {"cameras":{},"locators":{"mouse":{"posx":-3.709093726127923e-17,"posy":1.281327632342532,"posz":0.3028704871241519,"roty":0,"rotx":42.50000000000001},"left_arm":{"posx":0.029723798711647154,"posy":0.7047626086842975,"posz":0.26812767211326555,"roty":0,"rotx":-19.999999999999996},"right_arm":{"posx":-0.02972379871164721,"posy":0.7047626086842975,"posz":0.26812767211326555,"roty":0,"rotx":-19.999999999999996}}}