# This file was generated by Animated Java via MC-Build. It is not recommended to edit this file directly.
$data merge entity $(bone_eyes) {transformation: [-1f,0f,0f,-0.0156f,0f,0.7165f,0.6976f,1.4521f,0f,0.6976f,-0.7165f,0.475f,0f,0f,0f,1f],start_interpolation: 0,interpolation_duration: 1}
$data merge entity $(bone_head) {transformation: [-1f,0f,0f,0f,0f,0.7165f,0.6976f,1.3811f,0f,0.6976f,-0.7165f,0.0552f,0f,0f,0f,1f],start_interpolation: 0,interpolation_duration: 1}
$data merge entity $(bone_fabric_overray) {transformation: [-1f,0f,0f,0f,0f,0.7405f,0.672f,1.3811f,0f,0.672f,-0.7405f,0.0552f,0f,0f,0f,1f],start_interpolation: 0,interpolation_duration: 1}
$data merge entity $(bone_fabric) {transformation: [-1f,0f,0f,0f,0f,0.7405f,0.672f,1.3811f,0f,0.672f,-0.7405f,0.0552f,0f,0f,0f,1f],start_interpolation: 0,interpolation_duration: 1}
$data merge entity $(bone_bone_overray) {transformation: [-1f,0f,0f,0f,0f,0.7712f,0.6366f,1.3811f,0f,0.6366f,-0.7712f,0.0552f,0f,0f,0f,1f],start_interpolation: 0,interpolation_duration: 1}
$data merge entity $(bone_bone) {transformation: [-1f,0f,0f,0f,0f,0.7712f,0.6366f,1.3811f,0f,0.6366f,-0.7712f,0.0552f,0f,0f,0f,1f],start_interpolation: 0,interpolation_duration: 1}
$data merge entity $(bone_left_arm1) {transformation: [-0.9124f,0.4094f,0f,0.25f,0.3847f,0.8573f,-0.342f,1.3196f,-0.14f,-0.312f,-0.9397f,0.0444f,0f,0f,0f,1f],start_interpolation: 0,interpolation_duration: 1}
$data merge entity $(bone_right_arm1) {transformation: [-0.9124f,-0.4094f,0f,-0.25f,-0.3847f,0.8573f,-0.342f,1.3196f,0.14f,-0.312f,-0.9397f,0.0444f,0f,0f,0f,1f],start_interpolation: 0,interpolation_duration: 1}
data modify entity @s data merge value {"cameras":{},"locators":{"mouse":{"posx":-3.67071426801128e-17,"posy":1.273876444480948,"posz":0.2997365665404078,"roty":0,"rotx":44.23469387755103},"left_arm":{"posx":0.02556518659787471,"posy":0.7060921730024932,"posz":0.26764375027689985,"roty":0,"rotx":-19.999999999999996},"right_arm":{"posx":-0.025565186597874823,"posy":0.7060921730024932,"posz":0.2676437502768999,"roty":0,"rotx":-19.999999999999993}}}