# This file was generated by Animated Java via MC-Build. It is not recommended to edit this file directly.
$data merge entity $(bone_eyes) {transformation: [-1f,0f,0f,-0.0156f,0f,0.7146f,0.6995f,1.451f,0f,0.6995f,-0.7146f,0.4752f,0f,0f,0f,1f],start_interpolation: 0,interpolation_duration: 1}
$data merge entity $(bone_head) {transformation: [-1f,0f,0f,0f,0f,0.7146f,0.6995f,1.3811f,0f,0.6995f,-0.7146f,0.0552f,0f,0f,0f,1f],start_interpolation: 0,interpolation_duration: 1}
$data merge entity $(bone_fabric_overray) {transformation: [-1f,0f,0f,0f,0f,0.7446f,0.6675f,1.3811f,0f,0.6675f,-0.7446f,0.0552f,0f,0f,0f,1f],start_interpolation: 0,interpolation_duration: 1}
$data merge entity $(bone_fabric) {transformation: [-1f,0f,0f,0f,0f,0.7446f,0.6675f,1.3811f,0f,0.6675f,-0.7446f,0.0552f,0f,0f,0f,1f],start_interpolation: 0,interpolation_duration: 1}
$data merge entity $(bone_bone_overray) {transformation: [-1f,0f,0f,0f,0f,0.7747f,0.6323f,1.3811f,0f,0.6323f,-0.7747f,0.0552f,0f,0f,0f,1f],start_interpolation: 0,interpolation_duration: 1}
$data merge entity $(bone_bone) {transformation: [-1f,0f,0f,0f,0f,0.7747f,0.6323f,1.3811f,0f,0.6323f,-0.7747f,0.0552f,0f,0f,0f,1f],start_interpolation: 0,interpolation_duration: 1}
$data merge entity $(bone_left_arm1) {transformation: [-0.9142f,0.4052f,0f,0.25f,0.3808f,0.8591f,-0.342f,1.3196f,-0.1386f,-0.3127f,-0.9397f,0.0444f,0f,0f,0f,1f],start_interpolation: 0,interpolation_duration: 1}
$data merge entity $(bone_right_arm1) {transformation: [-0.9142f,-0.4052f,0f,-0.25f,-0.3808f,0.8591f,-0.342f,1.3196f,0.1386f,-0.3127f,-0.9397f,0.0444f,0f,0f,0f,1f],start_interpolation: 0,interpolation_duration: 1}
data modify entity @s data merge value {"cameras":{},"locators":{"mouse":{"posx":-3.667195538243779e-17,"posy":1.2732236063595395,"posz":0.2994492404501464,"roty":0,"rotx":44.387755102040806},"left_arm":{"posx":0.028534706353040062,"posy":0.7051399464482271,"posz":0.26799033239893055,"roty":0,"rotx":-19.999999999999996},"right_arm":{"posx":-0.028534706353040118,"posy":0.7051399464482271,"posz":0.2679903323989306,"roty":0,"rotx":-20}}}