# This file was generated by Animated Java via MC-Build. It is not recommended to edit this file directly.
$data merge entity $(bone_eyes) {transformation: [-1f,0f,0f,-0.0156f,0f,0.7264f,0.6873f,1.4581f,0f,0.6873f,-0.7264f,0.474f,0f,0f,0f,1f],start_interpolation: 0,interpolation_duration: 1}
$data merge entity $(bone_head) {transformation: [-1f,0f,0f,0f,0f,0.7264f,0.6873f,1.3811f,0f,0.6873f,-0.7264f,0.0552f,0f,0f,0f,1f],start_interpolation: 0,interpolation_duration: 1}
$data merge entity $(bone_fabric_overray) {transformation: [-1f,0f,0f,0f,0f,0.7534f,0.6575f,1.3811f,0f,0.6575f,-0.7534f,0.0552f,0f,0f,0f,1f],start_interpolation: 0,interpolation_duration: 1}
$data merge entity $(bone_fabric) {transformation: [-1f,0f,0f,0f,0f,0.7534f,0.6575f,1.3811f,0f,0.6575f,-0.7534f,0.0552f,0f,0f,0f,1f],start_interpolation: 0,interpolation_duration: 1}
$data merge entity $(bone_bone_overray) {transformation: [-1f,0f,0f,0f,0f,0.7824f,0.6228f,1.3811f,0f,0.6228f,-0.7824f,0.0552f,0f,0f,0f,1f],start_interpolation: 0,interpolation_duration: 1}
$data merge entity $(bone_bone) {transformation: [-1f,0f,0f,0f,0f,0.7824f,0.6228f,1.3811f,0f,0.6228f,-0.7824f,0.0552f,0f,0f,0f,1f],start_interpolation: 0,interpolation_duration: 1}
$data merge entity $(bone_left_arm1) {transformation: [-0.9182f,0.3961f,0f,0.25f,0.3722f,0.8628f,-0.342f,1.3196f,-0.1355f,-0.314f,-0.9397f,0.0444f,0f,0f,0f,1f],start_interpolation: 0,interpolation_duration: 1}
$data merge entity $(bone_right_arm1) {transformation: [-0.9182f,-0.3961f,0f,-0.25f,-0.3722f,0.8628f,-0.342f,1.3196f,0.1355f,-0.314f,-0.9397f,0.0444f,0f,0f,0f,1f],start_interpolation: 0,interpolation_duration: 1}
data modify entity @s data merge value {"cameras":{},"locators":{"mouse":{"posx":-3.68911929788161e-17,"posy":1.2773710579311908,"posz":0.30123945128098306,"roty":0,"rotx":43.41836734693877},"left_arm":{"posx":0.035083667528096746,"posy":0.7030897535739009,"posz":0.26873654157968996,"roty":0,"rotx":-19.999999999999996},"right_arm":{"posx":-0.03508366752809686,"posy":0.7030897535739009,"posz":0.26873654157968996,"roty":0,"rotx":-19.999999999999996}}}