# This file was generated by Animated Java via MC-Build. It is not recommended to edit this file directly.
$data merge entity $(bone_eyes) {transformation: [-1f,0f,0f,-0.0156f,0f,0.7456f,0.6663f,1.47f,0f,0.6663f,-0.7456f,0.4716f,0f,0f,0f,1f],start_interpolation: 0,interpolation_duration: 1}
$data merge entity $(bone_head) {transformation: [-1f,0f,0f,0f,0f,0.7456f,0.6663f,1.3811f,0f,0.6663f,-0.7456f,0.0552f,0f,0f,0f,1f],start_interpolation: 0,interpolation_duration: 1}
$data merge entity $(bone_fabric_overray) {transformation: [-1f,0f,0f,0f,0f,0.7621f,0.6474f,1.3811f,0f,0.6474f,-0.7621f,0.0552f,0f,0f,0f,1f],start_interpolation: 0,interpolation_duration: 1}
$data merge entity $(bone_fabric) {transformation: [-1f,0f,0f,0f,0f,0.7621f,0.6474f,1.3811f,0f,0.6474f,-0.7621f,0.0552f,0f,0f,0f,1f],start_interpolation: 0,interpolation_duration: 1}
$data merge entity $(bone_bone_overray) {transformation: [-1f,0f,0f,0f,0f,0.79f,0.6132f,1.3811f,0f,0.6132f,-0.79f,0.0552f,0f,0f,0f,1f],start_interpolation: 0,interpolation_duration: 1}
$data merge entity $(bone_bone) {transformation: [-1f,0f,0f,0f,0f,0.79f,0.6132f,1.3811f,0f,0.6132f,-0.79f,0.0552f,0f,0f,0f,1f],start_interpolation: 0,interpolation_duration: 1}
$data merge entity $(bone_left_arm1) {transformation: [-0.9221f,0.3869f,0f,0.25f,0.3635f,0.8665f,-0.342f,1.3196f,-0.1323f,-0.3154f,-0.9397f,0.0444f,0f,0f,0f,1f],start_interpolation: 0,interpolation_duration: 1}
$data merge entity $(bone_right_arm1) {transformation: [-0.9221f,-0.3869f,0f,-0.25f,-0.3635f,0.8665f,-0.342f,1.3196f,0.1323f,-0.3154f,-0.9397f,0.0444f,0f,0f,0f,1f],start_interpolation: 0,interpolation_duration: 1}
data modify entity @s data merge value {"cameras":{},"locators":{"mouse":{"posx":-3.724090955802999e-17,"posy":1.2844227423902939,"posz":0.3040951038614445,"roty":0,"rotx":41.78571428571429},"left_arm":{"posx":0.04165411707201108,"posy":0.7011011978555902,"posz":0.26946031667033493,"roty":0,"rotx":-19.999999999999996},"right_arm":{"posx":-0.04165411707201119,"posy":0.7011011978555902,"posz":0.269460316670335,"roty":0,"rotx":-19.999999999999996}}}