# This file was generated by Animated Java via MC-Build. It is not recommended to edit this file directly.
$data merge entity $(bone_eyes) {transformation: [-1f,0f,0f,-0.0156f,0f,0.9935f,0.1139f,1.694f,0f,0.1139f,-0.9935f,0.344f,0f,0f,0f,1f],start_interpolation: 0,interpolation_duration: 1}
$data merge entity $(bone_head) {transformation: [-1f,0f,0f,0f,0f,0.9935f,0.1139f,1.3811f,0f,0.1139f,-0.9935f,0.0552f,0f,0f,0f,1f],start_interpolation: 0,interpolation_duration: 1}
$data merge entity $(bone_fabric_overray) {transformation: [-1f,0f,0f,0f,0f,0.9649f,0.2626f,1.3811f,0f,0.2626f,-0.9649f,0.0552f,0f,0f,0f,1f],start_interpolation: 0,interpolation_duration: 1}
$data merge entity $(bone_fabric) {transformation: [-1f,0f,0f,0f,0f,0.9649f,0.2626f,1.3811f,0f,0.2626f,-0.9649f,0.0552f,0f,0f,0f,1f],start_interpolation: 0,interpolation_duration: 1}
$data merge entity $(bone_bone_overray) {transformation: [-1f,0f,0f,0f,0f,0.9669f,0.2553f,1.3811f,0f,0.2553f,-0.9669f,0.0552f,0f,0f,0f,1f],start_interpolation: 0,interpolation_duration: 1}
$data merge entity $(bone_bone) {transformation: [-1f,0f,0f,0f,0f,0.9669f,0.2553f,1.3811f,0f,0.2553f,-0.9669f,0.0552f,0f,0f,0f,1f],start_interpolation: 0,interpolation_duration: 1}
$data merge entity $(bone_left_arm1) {transformation: [-0.9977f,0.0684f,0f,0.25f,0.0682f,0.996f,0.0581f,1.3196f,0.004f,0.058f,-0.9983f,0.0444f,0f,0f,0f,1f],start_interpolation: 0,interpolation_duration: 1}
$data merge entity $(bone_right_arm1) {transformation: [-0.9977f,-0.0684f,0f,-0.25f,-0.0682f,0.996f,0.0581f,1.3196f,-0.004f,0.058f,-0.9983f,0.0444f,0f,0f,0f,1f],start_interpolation: 0,interpolation_duration: 1}
data modify entity @s data merge value {"cameras":{},"locators":{"mouse":{"posx":-3.8486429313411435e-17,"posy":1.445771156024795,"posz":0.31426554448357835,"roty":0,"rotx":6.540000000000002},"left_arm":{"posx":0.26535681747906037,"posy":0.6305583652634603,"posz":0.004232078620532556,"roty":0,"rotx":3.333333333333334},"right_arm":{"posx":-0.26535681747906037,"posy":0.6305583652634603,"posz":0.004232078620532501,"roty":0,"rotx":3.333333333333334}}}