# This file was generated by Animated Java via MC-Build. It is not recommended to edit this file directly.
$data merge entity $(bone_eyes) {transformation: [-1f,0f,0f,-0.0156f,0f,0.7903f,0.6127f,1.4988f,0f,0.6127f,-0.7903f,0.4644f,0f,0f,0f,1f],start_interpolation: 0,interpolation_duration: 1}
$data merge entity $(bone_head) {transformation: [-1f,0f,0f,0f,0f,0.7903f,0.6127f,1.3811f,0f,0.6127f,-0.7903f,0.0552f,0f,0f,0f,1f],start_interpolation: 0,interpolation_duration: 1}
$data merge entity $(bone_bone_overray) {transformation: [-1f,0f,0f,0f,0f,0.7945f,0.6072f,1.3811f,0f,0.6072f,-0.7945f,0.0552f,0f,0f,0f,1f],start_interpolation: 0,interpolation_duration: 1}
$data merge entity $(bone_bone) {transformation: [-1f,0f,0f,0f,0f,0.7945f,0.6072f,1.3811f,0f,0.6072f,-0.7945f,0.0552f,0f,0f,0f,1f],start_interpolation: 0,interpolation_duration: 1}
$data merge entity $(bone_left_arm1) {transformation: [-0.9238f,0.3828f,-0.0074f,0.25f,0.3607f,0.8636f,-0.3523f,1.3196f,-0.1285f,-0.3281f,-0.9359f,0.0444f,0f,0f,0f,1f],start_interpolation: 0,interpolation_duration: 1}
$data merge entity $(bone_right_arm1) {transformation: [-0.9238f,-0.3828f,0.0074f,-0.25f,-0.3607f,0.8636f,-0.3523f,1.3196f,0.1285f,-0.3281f,-0.9359f,0.0444f,0f,0f,0f,1f],start_interpolation: 0,interpolation_duration: 1}
data modify entity @s data merge value {"cameras":{},"locators":{"mouse":{"posx":-3.799284210491576e-17,"posy":1.302025773163148,"posz":0.31023509906176916,"roty":0,"rotx":37.78425655976677},"left_arm":{"posx":0.04453294073985009,"posy":0.7032910431894881,"posz":0.2779521964677318,"roty":359.54622915487107,"rotx":-20.62587630819991},"right_arm":{"posx":-0.0445329407398502,"posy":0.7032910431894881,"posz":0.2779521964677318,"roty":0.4537708451289859,"rotx":-20.62587630819991}}}