# This file was generated by Animated Java via MC-Build. It is not recommended to edit this file directly.
$data merge entity $(bone_eyes) {transformation: [-1f,0f,0f,-0.0156f,0f,0.7832f,0.6218f,1.4941f,0f,0.6218f,-0.7832f,0.4657f,0f,0f,0f,1f],start_interpolation: 0,interpolation_duration: 1}
$data merge entity $(bone_head) {transformation: [-1f,0f,0f,0f,0f,0.7832f,0.6218f,1.3811f,0f,0.6218f,-0.7832f,0.0552f,0f,0f,0f,1f],start_interpolation: 0,interpolation_duration: 1}
$data merge entity $(bone_bone_overray) {transformation: [-1f,0f,0f,0f,0f,0.7972f,0.6037f,1.3811f,0f,0.6037f,-0.7972f,0.0552f,0f,0f,0f,1f],start_interpolation: 0,interpolation_duration: 1}
$data merge entity $(bone_bone) {transformation: [-1f,0f,0f,0f,0f,0.7972f,0.6037f,1.3811f,0f,0.6037f,-0.7972f,0.0552f,0f,0f,0f,1f],start_interpolation: 0,interpolation_duration: 1}
$data merge entity $(bone_left_arm1) {transformation: [-0.9235f,0.3827f,-0.0247f,0.25f,0.3633f,0.8525f,-0.3759f,1.3196f,-0.1228f,-0.3562f,-0.9263f,0.0444f,0f,0f,0f,1f],start_interpolation: 0,interpolation_duration: 1}
$data merge entity $(bone_right_arm1) {transformation: [-0.9235f,-0.3827f,0.0247f,-0.25f,-0.3633f,0.8525f,-0.3759f,1.3196f,0.1228f,-0.3562f,-0.9263f,0.0444f,0f,0f,0f,1f],start_interpolation: 0,interpolation_duration: 1}
data modify entity @s data merge value {"cameras":{},"locators":{"mouse":{"posx":-3.787864308333806e-17,"posy":1.2990789783697332,"posz":0.309302593284126,"roty":0,"rotx":38.447521865889215},"left_arm":{"posx":0.044605445627452445,"posy":0.7107816107452438,"posz":0.2968899725703605,"roty":358.4716325301674,"rotx":-22.08085671485765},"right_arm":{"posx":-0.0446054456274525,"posy":0.7107816107452438,"posz":0.2968899725703605,"roty":1.5283674698325456,"rotx":-22.080856714857646}}}