# This file was generated by Animated Java via MC-Build. It is not recommended to edit this file directly.
$data merge entity $(bone_eyes) {transformation: [-1f,0f,0f,-0.0156f,0f,0.7749f,0.6321f,1.4887f,0f,0.6321f,-0.7749f,0.4672f,0f,0f,0f,1f],start_interpolation: 0,interpolation_duration: 1}
$data merge entity $(bone_head) {transformation: [-1f,0f,0f,0f,0f,0.7749f,0.6321f,1.3811f,0f,0.6321f,-0.7749f,0.0552f,0f,0f,0f,1f],start_interpolation: 0,interpolation_duration: 1}
$data merge entity $(bone_bone_overray) {transformation: [-1f,0f,0f,0f,0f,0.8003f,0.5996f,1.3811f,0f,0.5996f,-0.8003f,0.0552f,0f,0f,0f,1f],start_interpolation: 0,interpolation_duration: 1}
$data merge entity $(bone_bone) {transformation: [-1f,0f,0f,0f,0f,0.8003f,0.5996f,1.3811f,0f,0.5996f,-0.8003f,0.0552f,0f,0f,0f,1f],start_interpolation: 0,interpolation_duration: 1}
$data merge entity $(bone_left_arm1) {transformation: [-0.9232f,0.3817f,-0.0445f,0.25f,0.3663f,0.839f,-0.4025f,1.3196f,-0.1163f,-0.3879f,-0.9143f,0.0444f,0f,0f,0f,1f],start_interpolation: 0,interpolation_duration: 1}
$data merge entity $(bone_right_arm1) {transformation: [-0.9232f,-0.3817f,0.0445f,-0.25f,-0.3663f,0.839f,-0.4025f,1.3196f,0.1163f,-0.3879f,-0.9143f,0.0444f,0f,0f,0f,1f],start_interpolation: 0,interpolation_duration: 1}
data modify entity @s data merge value {"cameras":{},"locators":{"mouse":{"posx":-3.774302490604628e-17,"posy":1.2957246954937254,"posz":0.308195186827128,"roty":0,"rotx":39.20553935860059},"left_arm":{"posx":0.04527135222565573,"posy":0.7198812135663656,"posz":0.3182960253431391,"roty":357.2150355260588,"rotx":-23.734059266098775},"right_arm":{"posx":-0.04527135222565579,"posy":0.7198812135663656,"posz":0.3182960253431391,"roty":2.7849644739412156,"rotx":-23.734059266098775}}}