# This file was generated by Animated Java via MC-Build. It is not recommended to edit this file directly.
$data merge entity $(bone_eyes) {transformation: [-1f,0f,0f,-0.0156f,0f,0.7686f,0.6398f,1.4846f,0f,0.6398f,-0.7686f,0.4682f,0f,0f,0f,1f],start_interpolation: 0,interpolation_duration: 1}
$data merge entity $(bone_head) {transformation: [-1f,0f,0f,0f,0f,0.7686f,0.6398f,1.3811f,0f,0.6398f,-0.7686f,0.0552f,0f,0f,0f,1f],start_interpolation: 0,interpolation_duration: 1}
$data merge entity $(bone_bone_overray) {transformation: [-1f,0f,0f,0f,0f,0.8026f,0.5966f,1.3811f,0f,0.5966f,-0.8026f,0.0552f,0f,0f,0f,1f],start_interpolation: 0,interpolation_duration: 1}
$data merge entity $(bone_bone) {transformation: [-1f,0f,0f,0f,0f,0.8026f,0.5966f,1.3811f,0f,0.5966f,-0.8026f,0.0552f,0f,0f,0f,1f],start_interpolation: 0,interpolation_duration: 1}
$data merge entity $(bone_left_arm1) {transformation: [-0.9229f,0.3804f,-0.0593f,0.25f,0.3685f,0.8283f,-0.4221f,1.3196f,-0.1115f,-0.4114f,-0.9046f,0.0444f,0f,0f,0f,1f],start_interpolation: 0,interpolation_duration: 1}
$data merge entity $(bone_right_arm1) {transformation: [-0.9229f,-0.3804f,0.0593f,-0.25f,-0.3685f,0.8283f,-0.4221f,1.3196f,0.1115f,-0.4114f,-0.9046f,0.0444f,0f,0f,0f,1f],start_interpolation: 0,interpolation_duration: 1}
data modify entity @s data merge value {"cameras":{},"locators":{"mouse":{"posx":-3.7637751379425023e-17,"posy":1.2932187583253103,"posz":0.3073355632467246,"roty":0,"rotx":39.77405247813411},"left_arm":{"posx":0.04617847513652945,"posy":0.7270757723175995,"posz":0.3341678930775136,"roty":356.2514368191316,"rotx":-24.966888818784057},"right_arm":{"posx":-0.04617847513652956,"posy":0.7270757723175995,"posz":0.3341678930775136,"roty":3.7485631808684445,"rotx":-24.96688881878406}}}