# This file was generated by Animated Java via MC-Build. It is not recommended to edit this file directly.
$data merge entity $(bone_eyes) {transformation: [-1f,0f,0f,-0.0156f,0f,0.7675f,0.641f,1.4839f,0f,0.641f,-0.7675f,0.4684f,0f,0f,0f,1f],start_interpolation: 0,interpolation_duration: 1}
$data merge entity $(bone_head) {transformation: [-1f,0f,0f,0f,0f,0.7675f,0.641f,1.3811f,0f,0.641f,-0.7675f,0.0552f,0f,0f,0f,1f],start_interpolation: 0,interpolation_duration: 1}
$data merge entity $(bone_bone_overray) {transformation: [-1f,0f,0f,0f,0f,0.8029f,0.5961f,1.3811f,0f,0.5961f,-0.8029f,0.0552f,0f,0f,0f,1f],start_interpolation: 0,interpolation_duration: 1}
$data merge entity $(bone_bone) {transformation: [-1f,0f,0f,0f,0f,0.8029f,0.5961f,1.3811f,0f,0.5961f,-0.8029f,0.0552f,0f,0f,0f,1f],start_interpolation: 0,interpolation_duration: 1}
$data merge entity $(bone_left_arm1) {transformation: [-0.9229f,0.3801f,-0.0617f,0.25f,0.3688f,0.8265f,-0.4253f,1.3196f,-0.1107f,-0.4153f,-0.9029f,0.0444f,0f,0f,0f,1f],start_interpolation: 0,interpolation_duration: 1}
$data merge entity $(bone_right_arm1) {transformation: [-0.9229f,-0.3801f,0.0617f,-0.25f,-0.3688f,0.8265f,-0.4253f,1.3196f,0.1107f,-0.4153f,-0.9029f,0.0444f,0f,0f,0f,1f],start_interpolation: 0,interpolation_duration: 1}
data modify entity @s data merge value {"cameras":{},"locators":{"mouse":{"posx":-3.761990996648686e-17,"posy":1.292801936721564,"posz":0.30718987705417844,"roty":0,"rotx":39.868804664723044},"left_arm":{"posx":0.04636358372386734,"posy":0.7283052337829401,"posz":0.33679699512000644,"roty":356.08899873154905,"rotx":-25.171750234767618},"right_arm":{"posx":-0.046363583723867396,"posy":0.7283052337829401,"posz":0.33679699512000644,"roty":3.9110012684510025,"rotx":-25.171750234767618}}}