# This file was generated by Animated Java via MC-Build. It is not recommended to edit this file directly.
$data merge entity $(bone_eyes) {transformation: [-1f,0f,0f,-0.0156f,0f,0.8936f,0.4488f,1.5755f,0f,0.4488f,-0.8936f,0.434f,0f,0f,0f,1f],start_interpolation: 0,interpolation_duration: 1}
$data merge entity $(bone_head) {transformation: [-1f,0f,0f,0f,0f,0.8936f,0.4488f,1.3811f,0f,0.4488f,-0.8936f,0.0552f,0f,0f,0f,1f],start_interpolation: 0,interpolation_duration: 1}
$data merge entity $(bone_fabric_overray) {transformation: [-1f,0f,0f,0f,0f,0.7431f,0.6691f,1.3811f,0f,0.6691f,-0.7431f,0.0552f,0f,0f,0f,1f],start_interpolation: 0,interpolation_duration: 1}
$data merge entity $(bone_fabric) {transformation: [-1f,0f,0f,0f,0f,0.7431f,0.6691f,1.3811f,0f,0.6691f,-0.7431f,0.0552f,0f,0f,0f,1f],start_interpolation: 0,interpolation_duration: 1}
$data merge entity $(bone_bone_overray) {transformation: [-1f,0f,0f,0f,0f,0.766f,0.6428f,1.3811f,0f,0.6428f,-0.766f,0.0552f,0f,0f,0f,1f],start_interpolation: 0,interpolation_duration: 1}
$data merge entity $(bone_bone) {transformation: [-1f,0f,0f,0f,0f,0.766f,0.6428f,1.3811f,0f,0.6428f,-0.766f,0.0552f,0f,0f,0f,1f],start_interpolation: 0,interpolation_duration: 1}
$data merge entity $(bone_left_arm1) {transformation: [-0.9226f,0.2852f,0.2598f,0.25f,0.3152f,0.9455f,0.0814f,1.3196f,-0.2225f,0.157f,-0.9622f,0.0444f,0f,0f,0f,1f],start_interpolation: 0,interpolation_duration: 1}
$data merge entity $(bone_right_arm1) {transformation: [-0.9226f,-0.2852f,-0.2598f,-0.25f,-0.3152f,0.9455f,0.0814f,1.3196f,0.2225f,0.157f,-0.9622f,0.0444f,0f,0f,0f,1f],start_interpolation: 0,interpolation_duration: 1}
data modify entity @s data merge value {"cameras":{},"locators":{"mouse":{"posx":-3.9274135568841747e-17,"posy":1.3526836989007023,"posz":0.3206976541822991,"roty":0,"rotx":26.666666666666664},"left_arm":{"posx":0.11159586269823685,"posy":0.6498066437941863,"posz":-0.04968099420148815,"roty":15.11154241892936,"rotx":4.6698687195174955},"right_arm":{"posx":-0.11159586269823685,"posy":0.6498066437941863,"posz":-0.04968099420148815,"roty":344.8884575810706,"rotx":4.669868719517493}}}