# This file was generated by Animated Java via MC-Build. It is not recommended to edit this file directly.
$data merge entity $(bone_eyes) {transformation: [-1f,0f,0f,-0.0156f,0f,0.9812f,0.1929f,1.6699f,0f,0.1929f,-0.9812f,0.3681f,0f,0f,0f,1f],start_interpolation: 0,interpolation_duration: 1}
$data merge entity $(bone_head) {transformation: [-1f,0f,0f,0f,0f,0.9812f,0.1929f,1.3811f,0f,0.1929f,-0.9812f,0.0552f,0f,0f,0f,1f],start_interpolation: 0,interpolation_duration: 1}
$data merge entity $(bone_fabric_overray) {transformation: [-1f,0f,0f,0f,0f,0.9461f,0.3237f,1.3811f,0f,0.3237f,-0.9461f,0.0552f,0f,0f,0f,1f],start_interpolation: 0,interpolation_duration: 1}
$data merge entity $(bone_fabric) {transformation: [-1f,0f,0f,0f,0f,0.9461f,0.3237f,1.3811f,0f,0.3237f,-0.9461f,0.0552f,0f,0f,0f,1f],start_interpolation: 0,interpolation_duration: 1}
$data merge entity $(bone_bone_overray) {transformation: [-1f,0f,0f,0f,0f,0.9503f,0.3115f,1.3811f,0f,0.3115f,-0.9503f,0.0552f,0f,0f,0f,1f],start_interpolation: 0,interpolation_duration: 1}
$data merge entity $(bone_bone) {transformation: [-1f,0f,0f,0f,0f,0.9503f,0.3115f,1.3811f,0f,0.3115f,-0.9503f,0.0552f,0f,0f,0f,1f],start_interpolation: 0,interpolation_duration: 1}
$data merge entity $(bone_left_arm1) {transformation: [-0.9932f,0.1161f,0f,0.25f,0.1161f,0.9932f,0f,1.3196f,0f,0f,-1f,0.0444f,0f,0f,0f,1f],start_interpolation: 0,interpolation_duration: 1}
$data merge entity $(bone_right_arm1) {transformation: [-0.9932f,-0.1161f,0f,-0.25f,-0.1161f,0.9932f,0f,1.3196f,0f,0f,-1f,0.0444f,0f,0f,0f,1f],start_interpolation: 0,interpolation_duration: 1}
data modify entity @s data merge value {"cameras":{},"locators":{"mouse":{"posx":-3.901772181980548e-17,"posy":1.4248677001766752,"posz":0.31860387702781845,"roty":0,"rotx":11.122499999999997},"left_arm":{"posx":0.23226351889777566,"posy":0.6294477712768225,"posz":0.04436155985346961,"roty":0,"rotx":0},"right_arm":{"posx":-0.23226351889777566,"posy":0.6294477712768225,"posz":0.044361559853469554,"roty":0,"rotx":0}}}