# This file was generated by Animated Java via MC-Build. It is not recommended to edit this file directly.
$data merge entity $(bone_eyes) {transformation: [-1f,0f,0f,-0.0156f,0f,0.9621f,0.2728f,1.6433f,0f,0.2728f,-0.9621f,0.3907f,0f,0f,0f,1f],start_interpolation: 0,interpolation_duration: 1}
$data merge entity $(bone_head) {transformation: [-1f,0f,0f,0f,0f,0.9621f,0.2728f,1.3811f,0f,0.2728f,-0.9621f,0.0552f,0f,0f,0f,1f],start_interpolation: 0,interpolation_duration: 1}
$data merge entity $(bone_fabric_overray) {transformation: [-1f,0f,0f,0f,0f,0.7193f,0.6947f,1.3811f,0f,0.6947f,-0.7193f,0.0552f,0f,0f,0f,1f],start_interpolation: 0,interpolation_duration: 1}
$data merge entity $(bone_fabric) {transformation: [-1f,0f,0f,0f,0f,0.7193f,0.6947f,1.3811f,0f,0.6947f,-0.7193f,0.0552f,0f,0f,0f,1f],start_interpolation: 0,interpolation_duration: 1}
$data merge entity $(bone_bone_overray) {transformation: [-1f,0f,0f,0f,0f,0.7373f,0.6756f,1.3811f,0f,0.6756f,-0.7373f,0.0552f,0f,0f,0f,1f],start_interpolation: 0,interpolation_duration: 1}
$data merge entity $(bone_bone) {transformation: [-1f,0f,0f,0f,0f,0.7373f,0.6756f,1.3811f,0f,0.6756f,-0.7373f,0.0552f,0f,0f,0f,1f],start_interpolation: 0,interpolation_duration: 1}
$data merge entity $(bone_left_arm1) {transformation: [-0.9117f,0.0455f,0.4084f,0.25f,0.2677f,0.8198f,0.5063f,1.3196f,-0.3118f,0.5709f,-0.7595f,0.0444f,0f,0f,0f,1f],start_interpolation: 0,interpolation_duration: 1}
$data merge entity $(bone_right_arm1) {transformation: [-0.9117f,-0.0455f,-0.4084f,-0.25f,-0.2677f,0.8198f,0.5063f,1.3196f,0.3118f,0.5709f,-0.7595f,0.0444f,0f,0f,0f,1f],start_interpolation: 0,interpolation_duration: 1}
data modify entity @s data merge value {"cameras":{},"locators":{"mouse":{"posx":-3.9348903021345207e-17,"posy":1.403088505798034,"posz":0.32130817676363044,"roty":0,"rotx":15.83333333333334},"left_arm":{"posx":0.27572243353547965,"posy":0.7392401097925675,"posz":-0.3286472113490947,"roty":28.26966783982226,"rotx":30.417137572198435},"right_arm":{"posx":-0.27572243353547954,"posy":0.7392401097925675,"posz":-0.32864721134909475,"roty":331.73033216017774,"rotx":30.417137572198435}}}
tag @n[tag=aj.ginunga.root] add ch_tm.boss.ginunga.action.angel_wisper.flash