# This file was generated by Animated Java via MC-Build. It is not recommended to edit this file directly.
$data merge entity $(bone_eyes) {transformation: [-1f,0f,0f,-0.0156f,0f,0.9962f,0.0872f,1.7016f,0f,0.0872f,-0.9962f,0.3355f,0f,0f,0f,1f],start_interpolation: 0,interpolation_duration: 1}
$data merge entity $(bone_head) {transformation: [-1f,0f,0f,0f,0f,0.9962f,0.0872f,1.3811f,0f,0.0872f,-0.9962f,0.0552f,0f,0f,0f,1f],start_interpolation: 0,interpolation_duration: 1}
$data merge entity $(bone_fabric_overray) {transformation: [-1f,0f,0f,0f,0f,0.6947f,0.7193f,1.3811f,0f,0.7193f,-0.6947f,0.0552f,0f,0f,0f,1f],start_interpolation: 0,interpolation_duration: 1}
$data merge entity $(bone_fabric) {transformation: [-1f,0f,0f,0f,0f,0.6947f,0.7193f,1.3811f,0f,0.7193f,-0.6947f,0.0552f,0f,0f,0f,1f],start_interpolation: 0,interpolation_duration: 1}
$data merge entity $(bone_bone_overray) {transformation: [-1f,0f,0f,0f,0f,0.7071f,0.7071f,1.3811f,0f,0.7071f,-0.7071f,0.0552f,0f,0f,0f,1f],start_interpolation: 0,interpolation_duration: 1}
$data merge entity $(bone_bone) {transformation: [-1f,0f,0f,0f,0f,0.7071f,0.7071f,1.3811f,0f,0.7071f,-0.7071f,0.0552f,0f,0f,0f,1f],start_interpolation: 0,interpolation_duration: 1}
$data merge entity $(bone_left_arm1) {transformation: [-0.8911f,-0.246f,0.3812f,0.25f,0.2178f,0.5052f,0.8351f,1.3196f,-0.398f,0.8272f,-0.3967f,0.0444f,0f,0f,0f,1f],start_interpolation: 0,interpolation_duration: 1}
$data merge entity $(bone_right_arm1) {transformation: [-0.8911f,0.246f,-0.3812f,-0.25f,-0.2178f,0.5052f,0.8351f,1.3196f,0.398f,0.8272f,-0.3967f,0.0444f,0f,0f,0f,1f],start_interpolation: 0,interpolation_duration: 1}
data modify entity @s data merge value {"cameras":{},"locators":{"mouse":{"posx":-3.8262141605566654e-17,"posy":1.4527097511796847,"posz":0.3124340963631821,"roty":0,"rotx":4.999999999999998},"left_arm":{"posx":0.47482632151349935,"posy":0.9585876142745886,"posz":-0.4994382269780821,"roty":43.86180602184294,"rotx":56.62105927464112},"right_arm":{"posx":-0.47482632151349924,"posy":0.9585876142745886,"posz":-0.49943822697808216,"roty":316.1381939781571,"rotx":56.62105927464112}}}
execute as @n[tag=aj.ginunga.locator.mouse] at @s run playsound trip_magic:entity.ginunga.angel_wisper hostile @a ~ ~ ~ 1 1
