# This file was generated by Animated Java via MC-Build. It is not recommended to edit this file directly.
$data merge entity $(bone_eyes) {transformation: [-1f,0f,0f,-0.0156f,0f,0.9979f,0.0654f,1.7077f,0f,0.0654f,-0.9979f,0.3284f,0f,0f,0f,1f],start_interpolation: 0,interpolation_duration: 1}
$data merge entity $(bone_head) {transformation: [-1f,0f,0f,0f,0f,0.9979f,0.0654f,1.3811f,0f,0.0654f,-0.9979f,0.0552f,0f,0f,0f,1f],start_interpolation: 0,interpolation_duration: 1}
$data merge entity $(bone_fabric_overray) {transformation: [-1f,0f,0f,0f,0f,0.6691f,0.7431f,1.3811f,0f,0.7431f,-0.6691f,0.0552f,0f,0f,0f,1f],start_interpolation: 0,interpolation_duration: 1}
$data merge entity $(bone_fabric) {transformation: [-1f,0f,0f,0f,0f,0.6691f,0.7431f,1.3811f,0f,0.7431f,-0.6691f,0.0552f,0f,0f,0f,1f],start_interpolation: 0,interpolation_duration: 1}
$data merge entity $(bone_bone_overray) {transformation: [-1f,0f,0f,0f,0f,0.6756f,0.7373f,1.3811f,0f,0.7373f,-0.6756f,0.0552f,0f,0f,0f,1f],start_interpolation: 0,interpolation_duration: 1}
$data merge entity $(bone_bone) {transformation: [-1f,0f,0f,0f,0f,0.6756f,0.7373f,1.3811f,0f,0.7373f,-0.6756f,0.0552f,0f,0f,0f,1f],start_interpolation: 0,interpolation_duration: 1}
$data merge entity $(bone_left_arm1) {transformation: [-0.8891f,-0.2664f,0.3723f,0.25f,0.2144f,0.4763f,0.8528f,1.3196f,-0.4045f,0.838f,-0.3663f,0.0444f,0f,0f,0f,1f],start_interpolation: 0,interpolation_duration: 1}
$data merge entity $(bone_right_arm1) {transformation: [-0.8891f,0.2664f,-0.3723f,-0.25f,-0.2144f,0.4763f,0.8528f,1.3196f,0.4045f,0.838f,-0.3663f,0.0444f,0f,0f,0f,1f],start_interpolation: 0,interpolation_duration: 1}
data modify entity @s data merge value {"cameras":{},"locators":{"mouse":{"posx":-3.806335066319584e-17,"posy":1.4583039256665813,"posz":0.31081084513262947,"roty":0,"rotx":3.75},"left_arm":{"posx":0.4887214250405944,"posy":0.9787046252860745,"posz":-0.5064520545454236,"roty":45.46149281280813,"rotx":58.51251515951215},"right_arm":{"posx":-0.48872142504059424,"posy":0.9787046252860745,"posz":-0.5064520545454236,"roty":314.53850718719184,"rotx":58.51251515951217}}}