# This file was generated by Animated Java via MC-Build. It is not recommended to edit this file directly.
$data merge entity $(bone_eyes) {transformation: [-1f,0f,0f,-0.0156f,0f,0.999f,0.0436f,1.7136f,0f,0.0436f,-0.999f,0.3212f,0f,0f,0f,1f],start_interpolation: 0,interpolation_duration: 1}
$data merge entity $(bone_head) {transformation: [-1f,0f,0f,0f,0f,0.999f,0.0436f,1.3811f,0f,0.0436f,-0.999f,0.0552f,0f,0f,0f,1f],start_interpolation: 0,interpolation_duration: 1}
$data merge entity $(bone_fabric_overray) {transformation: [-1f,0f,0f,0f,0f,0.6428f,0.766f,1.3811f,0f,0.766f,-0.6428f,0.0552f,0f,0f,0f,1f],start_interpolation: 0,interpolation_duration: 1}
$data merge entity $(bone_fabric) {transformation: [-1f,0f,0f,0f,0f,0.6428f,0.766f,1.3811f,0f,0.766f,-0.6428f,0.0552f,0f,0f,0f,1f],start_interpolation: 0,interpolation_duration: 1}
$data merge entity $(bone_bone_overray) {transformation: [-1f,0f,0f,0f,0f,0.6428f,0.766f,1.3811f,0f,0.766f,-0.6428f,0.0552f,0f,0f,0f,1f],start_interpolation: 0,interpolation_duration: 1}
$data merge entity $(bone_bone) {transformation: [-1f,0f,0f,0f,0f,0.6428f,0.766f,1.3811f,0f,0.766f,-0.6428f,0.0552f,0f,0f,0f,1f],start_interpolation: 0,interpolation_duration: 1}
$data merge entity $(bone_left_arm1) {transformation: [-0.8868f,-0.2836f,0.3648f,0.25f,0.2122f,0.4514f,0.8667f,1.3196f,-0.4105f,0.846f,-0.3401f,0.0444f,0f,0f,0f,1f],start_interpolation: 0,interpolation_duration: 1}
$data merge entity $(bone_right_arm1) {transformation: [-0.8868f,0.2836f,-0.3648f,-0.25f,-0.2122f,0.4514f,0.8667f,1.3196f,0.4105f,0.846f,-0.3401f,0.0444f,0f,0f,0f,1f],start_interpolation: 0,interpolation_duration: 1}
data modify entity @s data merge value {"cameras":{},"locators":{"mouse":{"posx":-3.784966189453901e-17,"posy":1.463861357852463,"posz":0.3090659439186174,"roty":0,"rotx":2.500000000000003},"left_arm":{"posx":0.5004340897952374,"posy":0.9959589905022974,"posz":-0.5116338736540229,"roty":47.00471518082861,"rotx":60.081239429498666},"right_arm":{"posx":-0.5004340897952373,"posy":0.9959589905022974,"posz":-0.511633873654023,"roty":312.9952848191714,"rotx":60.081239429498645}}}