# This file was generated by Animated Java via MC-Build. It is not recommended to edit this file directly.
$data merge entity $(bone_eyes) {transformation: [-1f,0f,0f,-0.0156f,0f,0.9998f,0.0218f,1.7193f,0f,0.0218f,-0.9998f,0.3139f,0f,0f,0f,1f],start_interpolation: 0,interpolation_duration: 1}
$data merge entity $(bone_head) {transformation: [-1f,0f,0f,0f,0f,0.9998f,0.0218f,1.3811f,0f,0.0218f,-0.9998f,0.0552f,0f,0f,0f,1f],start_interpolation: 0,interpolation_duration: 1}
$data merge entity $(bone_fabric_overray) {transformation: [-1f,0f,0f,0f,0f,0.6384f,0.7697f,1.3811f,0f,0.7697f,-0.6384f,0.0552f,0f,0f,0f,1f],start_interpolation: 0,interpolation_duration: 1}
$data merge entity $(bone_fabric) {transformation: [-1f,0f,0f,0f,0f,0.6384f,0.7697f,1.3811f,0f,0.7697f,-0.6384f,0.0552f,0f,0f,0f,1f],start_interpolation: 0,interpolation_duration: 1}
$data merge entity $(bone_bone_overray) {transformation: [-1f,0f,0f,0f,0f,0.6378f,0.7702f,1.3811f,0f,0.7702f,-0.6378f,0.0552f,0f,0f,0f,1f],start_interpolation: 0,interpolation_duration: 1}
$data merge entity $(bone_bone) {transformation: [-1f,0f,0f,0f,0f,0.6378f,0.7702f,1.3811f,0f,0.7702f,-0.6378f,0.0552f,0f,0f,0f,1f],start_interpolation: 0,interpolation_duration: 1}
$data merge entity $(bone_left_arm1) {transformation: [-0.8845f,-0.298f,0.3589f,0.25f,0.211f,0.4306f,0.8775f,1.3196f,-0.416f,0.8519f,-0.318f,0.0444f,0f,0f,0f,1f],start_interpolation: 0,interpolation_duration: 1}
$data merge entity $(bone_right_arm1) {transformation: [-0.8845f,0.298f,-0.3589f,-0.25f,-0.211f,0.4306f,0.8775f,1.3196f,0.416f,0.8519f,-0.318f,0.0444f,0f,0f,0f,1f],start_interpolation: 0,interpolation_duration: 1}
data modify entity @s data merge value {"cameras":{},"locators":{"mouse":{"posx":-3.762117700387673e-17,"posy":1.469379402700599,"posz":0.30720022319962015,"roty":0,"rotx":1.2500000000000027},"left_arm":{"posx":0.5101564461134191,"posy":1.0103262747588242,"posz":-0.5153336700277092,"roty":48.45728511278631,"rotx":61.345954427139596},"right_arm":{"posx":-0.5101564461134189,"posy":1.0103262747588242,"posz":-0.5153336700277094,"roty":311.5427148872137,"rotx":61.345954427139596}}}