# This file was generated by Animated Java via MC-Build. It is not recommended to edit this file directly.
$data merge entity $(bone_eyes) {transformation: [-1f,0f,0f,-0.0156f,0f,1f,0f,1.7249f,0f,0f,-1f,0.3065f,0f,0f,0f,1f],start_interpolation: 0,interpolation_duration: 1}
$data merge entity $(bone_head) {transformation: [-1f,0f,0f,0f,0f,1f,0f,1.3811f,0f,0f,-1f,0.0552f,0f,0f,0f,1f],start_interpolation: 0,interpolation_duration: 1}
$data merge entity $(bone_fabric_overray) {transformation: [-1f,0f,0f,0f,0f,0.6336f,0.7737f,1.3811f,0f,0.7737f,-0.6336f,0.0552f,0f,0f,0f,1f],start_interpolation: 0,interpolation_duration: 1}
$data merge entity $(bone_fabric) {transformation: [-1f,0f,0f,0f,0f,0.6336f,0.7737f,1.3811f,0f,0.7737f,-0.6336f,0.0552f,0f,0f,0f,1f],start_interpolation: 0,interpolation_duration: 1}
$data merge entity $(bone_bone_overray) {transformation: [-1f,0f,0f,0f,0f,0.6328f,0.7743f,1.3811f,0f,0.7743f,-0.6328f,0.0552f,0f,0f,0f,1f],start_interpolation: 0,interpolation_duration: 1}
$data merge entity $(bone_bone) {transformation: [-1f,0f,0f,0f,0f,0.6328f,0.7743f,1.3811f,0f,0.7743f,-0.6328f,0.0552f,0f,0f,0f,1f],start_interpolation: 0,interpolation_duration: 1}
$data merge entity $(bone_left_arm1) {transformation: [-0.8822f,-0.3097f,0.3546f,0.25f,0.2107f,0.4139f,0.8856f,1.3196f,-0.421f,0.856f,-0.2999f,0.0444f,0f,0f,0f,1f],start_interpolation: 0,interpolation_duration: 1}
$data merge entity $(bone_right_arm1) {transformation: [-0.8822f,0.3097f,-0.3546f,-0.25f,-0.2107f,0.4139f,0.8856f,1.3196f,0.421f,0.856f,-0.2999f,0.0444f,0f,0f,0f,1f],start_interpolation: 0,interpolation_duration: 1}
data modify entity @s data merge value {"cameras":{},"locators":{"mouse":{"posx":-3.737800473764221e-17,"posy":1.474855433920498,"posz":0.3052145709576527,"roty":0,"rotx":5.4054762196434716e-48},"left_arm":{"posx":0.5180501144013923,"posy":1.021842569195029,"posz":-0.5178474536526771,"roty":49.78190527320024,"rotx":62.32659773210188},"right_arm":{"posx":-0.5180501144013921,"posy":1.021842569195029,"posz":-0.5178474536526771,"roty":310.2180947267998,"rotx":62.326597732101924}}}