# This file was generated by Animated Java via MC-Build. It is not recommended to edit this file directly.
$data merge entity $(bone_eyes) {transformation: [-1f,0f,0f,-0.0156f,0f,0.9998f,-0.0218f,1.7303f,0f,-0.0218f,-0.9998f,0.2989f,0f,0f,0f,1f],start_interpolation: 0,interpolation_duration: 1}
$data merge entity $(bone_head) {transformation: [-1f,0f,0f,0f,0f,0.9998f,-0.0218f,1.3811f,0f,-0.0218f,-0.9998f,0.0552f,0f,0f,0f,1f],start_interpolation: 0,interpolation_duration: 1}
$data merge entity $(bone_fabric_overray) {transformation: [-1f,0f,0f,0f,0f,0.6287f,0.7777f,1.3811f,0f,0.7777f,-0.6287f,0.0552f,0f,0f,0f,1f],start_interpolation: 0,interpolation_duration: 1}
$data merge entity $(bone_fabric) {transformation: [-1f,0f,0f,0f,0f,0.6287f,0.7777f,1.3811f,0f,0.7777f,-0.6287f,0.0552f,0f,0f,0f,1f],start_interpolation: 0,interpolation_duration: 1}
$data merge entity $(bone_bone_overray) {transformation: [-1f,0f,0f,0f,0f,0.628f,0.7783f,1.3811f,0f,0.7783f,-0.628f,0.0552f,0f,0f,0f,1f],start_interpolation: 0,interpolation_duration: 1}
$data merge entity $(bone_bone) {transformation: [-1f,0f,0f,0f,0f,0.628f,0.7783f,1.3811f,0f,0.7783f,-0.628f,0.0552f,0f,0f,0f,1f],start_interpolation: 0,interpolation_duration: 1}
$data merge entity $(bone_left_arm1) {transformation: [-0.88f,-0.3189f,0.352f,0.25f,0.2112f,0.4011f,0.8914f,1.3196f,-0.4254f,0.8587f,-0.2856f,0.0444f,0f,0f,0f,1f],start_interpolation: 0,interpolation_duration: 1}
$data merge entity $(bone_right_arm1) {transformation: [-0.88f,0.3189f,-0.352f,-0.25f,-0.2112f,0.4011f,0.8914f,1.3196f,0.4254f,0.8587f,-0.2856f,0.0444f,0f,0f,0f,1f],start_interpolation: 0,interpolation_duration: 1}
data modify entity @s data merge value {"cameras":{},"locators":{"mouse":{"posx":-3.7120260832664036e-17,"posy":1.4802868452178797,"posz":0.30310993225563987,"roty":0,"rotx":-1.250000000000001},"left_arm":{"posx":0.5242479435302791,"posy":1.0305916670144772,"posz":-0.519421010759628,"roty":50.94175794385663,"rotx":63.043980967430564},"right_arm":{"posx":-0.524247943530279,"posy":1.0305916670144772,"posz":-0.5194210107596281,"roty":309.0582420561434,"rotx":63.043980967430564}}}