# This file was generated by Animated Java via MC-Build. It is not recommended to edit this file directly.
$data merge entity $(bone_eyes) {transformation: [-1f,0f,0f,-0.0156f,0f,0.999f,-0.0436f,1.7355f,0f,-0.0436f,-0.999f,0.2912f,0f,0f,0f,1f],start_interpolation: 0,interpolation_duration: 1}
$data merge entity $(bone_head) {transformation: [-1f,0f,0f,0f,0f,0.999f,-0.0436f,1.3811f,0f,-0.0436f,-0.999f,0.0552f,0f,0f,0f,1f],start_interpolation: 0,interpolation_duration: 1}
$data merge entity $(bone_fabric_overray) {transformation: [-1f,0f,0f,0f,0f,0.6238f,0.7816f,1.3811f,0f,0.7816f,-0.6238f,0.0552f,0f,0f,0f,1f],start_interpolation: 0,interpolation_duration: 1}
$data merge entity $(bone_fabric) {transformation: [-1f,0f,0f,0f,0f,0.6238f,0.7816f,1.3811f,0f,0.7816f,-0.6238f,0.0552f,0f,0f,0f,1f],start_interpolation: 0,interpolation_duration: 1}
$data merge entity $(bone_bone_overray) {transformation: [-1f,0f,0f,0f,0f,0.6233f,0.782f,1.3811f,0f,0.782f,-0.6233f,0.0552f,0f,0f,0f,1f],start_interpolation: 0,interpolation_duration: 1}
$data merge entity $(bone_bone) {transformation: [-1f,0f,0f,0f,0f,0.6233f,0.782f,1.3811f,0f,0.782f,-0.6233f,0.0552f,0f,0f,0f,1f],start_interpolation: 0,interpolation_duration: 1}
$data merge entity $(bone_left_arm1) {transformation: [-0.8779f,-0.3258f,0.3509f,0.25f,0.2123f,0.3921f,0.8951f,1.3196f,-0.4292f,0.8603f,-0.2751f,0.0444f,0f,0f,0f,1f],start_interpolation: 0,interpolation_duration: 1}
$data merge entity $(bone_right_arm1) {transformation: [-0.8779f,0.3258f,-0.3509f,-0.25f,-0.2123f,0.3921f,0.8951f,1.3196f,0.4292f,0.8603f,-0.2751f,0.0444f,0f,0f,0f,1f],start_interpolation: 0,interpolation_duration: 1}
data modify entity @s data merge value {"cameras":{},"locators":{"mouse":{"posx":-3.684806796108163e-17,"posy":1.4856710515351312,"posz":0.30088730878761694,"roty":0,"rotx":-2.5000000000000013},"left_arm":{"posx":0.5288572257241173,"posy":1.0366945055876888,"posz":-0.5202543423419467,"roty":51.90406213034865,"rotx":63.519392599721854},"right_arm":{"posx":-0.5288572257241171,"posy":1.0366945055876888,"posz":-0.5202543423419467,"roty":308.0959378696514,"rotx":63.519392599721854}}}