# This file was generated by Animated Java via MC-Build. It is not recommended to edit this file directly.
$data merge entity $(bone_eyes) {transformation: [-1f,0f,0f,-0.0156f,0f,0.9988f,-0.0487f,1.7367f,0f,-0.0487f,-0.9988f,0.2894f,0f,0f,0f,1f],start_interpolation: 0,interpolation_duration: 1}
$data merge entity $(bone_head) {transformation: [-1f,0f,0f,0f,0f,0.9988f,-0.0487f,1.3811f,0f,-0.0487f,-0.9988f,0.0552f,0f,0f,0f,1f],start_interpolation: 0,interpolation_duration: 1}
$data merge entity $(bone_fabric_overray) {transformation: [-1f,0f,0f,0f,0f,0.6192f,0.7853f,1.3811f,0f,0.7853f,-0.6192f,0.0552f,0f,0f,0f,1f],start_interpolation: 0,interpolation_duration: 1}
$data merge entity $(bone_fabric) {transformation: [-1f,0f,0f,0f,0f,0.6192f,0.7853f,1.3811f,0f,0.7853f,-0.6192f,0.0552f,0f,0f,0f,1f],start_interpolation: 0,interpolation_duration: 1}
$data merge entity $(bone_bone_overray) {transformation: [-1f,0f,0f,0f,0f,0.619f,0.7854f,1.3811f,0f,0.7854f,-0.619f,0.0552f,0f,0f,0f,1f],start_interpolation: 0,interpolation_duration: 1}
$data merge entity $(bone_bone) {transformation: [-1f,0f,0f,0f,0f,0.619f,0.7854f,1.3811f,0f,0.7854f,-0.619f,0.0552f,0f,0f,0f,1f],start_interpolation: 0,interpolation_duration: 1}
$data merge entity $(bone_left_arm1) {transformation: [-0.876f,-0.3305f,0.3513f,0.25f,0.2138f,0.3868f,0.8971f,1.3196f,-0.4323f,0.8609f,-0.2681f,0.0444f,0f,0f,0f,1f],start_interpolation: 0,interpolation_duration: 1}
$data merge entity $(bone_right_arm1) {transformation: [-0.876f,0.3305f,-0.3513f,-0.25f,-0.2138f,0.3868f,0.8971f,1.3196f,0.4323f,0.8609f,-0.2681f,0.0444f,0f,0f,0f,1f],start_interpolation: 0,interpolation_duration: 1}
data modify entity @s data merge value {"cameras":{},"locators":{"mouse":{"posx":-3.678261134398345e-17,"posy":1.4869180221781422,"posz":0.30035281494707644,"roty":0,"rotx":-2.791134485349364},"left_arm":{"posx":0.5319638819758931,"posy":1.0403005390254263,"posz":-0.5205064278846553,"roty":52.64294820053253,"rotx":63.774193987862034},"right_arm":{"posx":-0.531963881975893,"posy":1.0403005390254263,"posz":-0.5205064278846553,"roty":307.3570517994675,"rotx":63.77419398786204}}}