# This file was generated by Animated Java via MC-Build. It is not recommended to edit this file directly.
$data merge entity $(bone_eyes) {transformation: [-1f,0f,0f,-0.0156f,0f,0.9986f,-0.0522f,1.7375f,0f,-0.0522f,-0.9986f,0.2882f,0f,0f,0f,1f],start_interpolation: 0,interpolation_duration: 1}
$data merge entity $(bone_head) {transformation: [-1f,0f,0f,0f,0f,0.9986f,-0.0522f,1.3811f,0f,-0.0522f,-0.9986f,0.0552f,0f,0f,0f,1f],start_interpolation: 0,interpolation_duration: 1}
$data merge entity $(bone_fabric_overray) {transformation: [-1f,0f,0f,0f,0f,0.615f,0.7886f,1.3811f,0f,0.7886f,-0.615f,0.0552f,0f,0f,0f,1f],start_interpolation: 0,interpolation_duration: 1}
$data merge entity $(bone_fabric) {transformation: [-1f,0f,0f,0f,0f,0.615f,0.7886f,1.3811f,0f,0.7886f,-0.615f,0.0552f,0f,0f,0f,1f],start_interpolation: 0,interpolation_duration: 1}
$data merge entity $(bone_bone_overray) {transformation: [-1f,0f,0f,0f,0f,0.6152f,0.7884f,1.3811f,0f,0.7884f,-0.6152f,0.0552f,0f,0f,0f,1f],start_interpolation: 0,interpolation_duration: 1}
$data merge entity $(bone_bone) {transformation: [-1f,0f,0f,0f,0f,0.6152f,0.7884f,1.3811f,0f,0.7884f,-0.6152f,0.0552f,0f,0f,0f,1f],start_interpolation: 0,interpolation_duration: 1}
$data merge entity $(bone_left_arm1) {transformation: [-0.8744f,-0.3331f,0.3529f,0.25f,0.2157f,0.3847f,0.8975f,1.3196f,-0.4347f,0.8608f,-0.2646f,0.0444f,0f,0f,0f,1f],start_interpolation: 0,interpolation_duration: 1}
$data merge entity $(bone_right_arm1) {transformation: [-0.8744f,0.3331f,-0.3529f,-0.25f,-0.2157f,0.3847f,0.8975f,1.3196f,0.4347f,0.8608f,-0.2646f,0.0444f,0f,0f,0f,1f],start_interpolation: 0,interpolation_duration: 1}
data modify entity @s data merge value {"cameras":{},"locators":{"mouse":{"posx":-3.6737401071729706e-17,"posy":1.4877692181392952,"posz":0.29998364505837705,"roty":0,"rotx":-2.99023290758828},"left_arm":{"posx":0.5336372228453399,"posy":1.041580689431851,"posz":-0.5203000526504423,"roty":53.14116288014975,"rotx":63.82946382068371},"right_arm":{"posx":-0.5336372228453398,"posy":1.041580689431851,"posz":-0.5203000526504423,"roty":306.85883711985025,"rotx":63.829463820683735}}}