# This file was generated by Animated Java via MC-Build. It is not recommended to edit this file directly.
$data merge entity $(bone_eyes) {transformation: [-1f,0f,0f,-0.0156f,0f,0.9602f,0.2793f,1.641f,0f,0.2793f,-0.9602f,0.3925f,0f,0f,0f,1f],start_interpolation: 0,interpolation_duration: 1}
$data merge entity $(bone_head) {transformation: [-1f,0f,0f,0f,0f,0.9602f,0.2793f,1.3811f,0f,0.2793f,-0.9602f,0.0552f,0f,0f,0f,1f],start_interpolation: 0,interpolation_duration: 1}
$data merge entity $(bone_fabric_overray) {transformation: [-1f,0f,0f,0f,0f,0.921f,0.3895f,1.3811f,0f,0.3895f,-0.921f,0.0552f,0f,0f,0f,1f],start_interpolation: 0,interpolation_duration: 1}
$data merge entity $(bone_fabric) {transformation: [-1f,0f,0f,0f,0f,0.921f,0.3895f,1.3811f,0f,0.3895f,-0.921f,0.0552f,0f,0f,0f,1f],start_interpolation: 0,interpolation_duration: 1}
$data merge entity $(bone_bone_overray) {transformation: [-1f,0f,0f,0f,0f,0.9282f,0.3721f,1.3811f,0f,0.3721f,-0.9282f,0.0552f,0f,0f,0f,1f],start_interpolation: 0,interpolation_duration: 1}
$data merge entity $(bone_bone) {transformation: [-1f,0f,0f,0f,0f,0.9282f,0.3721f,1.3811f,0f,0.3721f,-0.9282f,0.0552f,0f,0f,0f,1f],start_interpolation: 0,interpolation_duration: 1}
$data merge entity $(bone_left_arm1) {transformation: [-0.9857f,0.1683f,0f,0.25f,0.1681f,0.9841f,-0.0581f,1.3196f,-0.0098f,-0.0573f,-0.9983f,0.0444f,0f,0f,0f,1f],start_interpolation: 0,interpolation_duration: 1}
$data merge entity $(bone_right_arm1) {transformation: [-0.9857f,-0.1683f,0f,-0.25f,-0.1681f,0.9841f,-0.0581f,1.3196f,0.0098f,-0.0573f,-0.9983f,0.0444f,0f,0f,0f,1f],start_interpolation: 0,interpolation_duration: 1}
data modify entity @s data merge value {"cameras":{},"locators":{"mouse":{"posx":-3.9366329078496504e-17,"posy":1.4012922578136768,"posz":0.3214504713187907,"roty":0,"rotx":16.220000000000002},"left_arm":{"posx":0.1958738210844158,"posy":0.6325093986209864,"posz":0.0843774063336181,"roty":0,"rotx":-3.333333333333336},"right_arm":{"posx":-0.1958738210844158,"posy":0.6325093986209864,"posz":0.08437740633361807,"roty":0,"rotx":-3.333333333333337}}}