# This file was generated by Animated Java via MC-Build. It is not recommended to edit this file directly.
$data merge entity $(bone_eyes) {transformation: [-1f,0f,0f,-0.0156f,0f,0.9985f,-0.0542f,1.738f,0f,-0.0542f,-0.9985f,0.2875f,0f,0f,0f,1f],start_interpolation: 0,interpolation_duration: 1}
$data merge entity $(bone_head) {transformation: [-1f,0f,0f,0f,0f,0.9985f,-0.0542f,1.3811f,0f,-0.0542f,-0.9985f,0.0552f,0f,0f,0f,1f],start_interpolation: 0,interpolation_duration: 1}
$data merge entity $(bone_fabric_overray) {transformation: [-1f,0f,0f,0f,0f,0.6114f,0.7913f,1.3811f,0f,0.7913f,-0.6114f,0.0552f,0f,0f,0f,1f],start_interpolation: 0,interpolation_duration: 1}
$data merge entity $(bone_fabric) {transformation: [-1f,0f,0f,0f,0f,0.6114f,0.7913f,1.3811f,0f,0.7913f,-0.6114f,0.0552f,0f,0f,0f,1f],start_interpolation: 0,interpolation_duration: 1}
$data merge entity $(bone_bone_overray) {transformation: [-1f,0f,0f,0f,0f,0.6121f,0.7908f,1.3811f,0f,0.7908f,-0.6121f,0.0552f,0f,0f,0f,1f],start_interpolation: 0,interpolation_duration: 1}
$data merge entity $(bone_bone) {transformation: [-1f,0f,0f,0f,0f,0.6121f,0.7908f,1.3811f,0f,0.7908f,-0.6121f,0.0552f,0f,0f,0f,1f],start_interpolation: 0,interpolation_duration: 1}
$data merge entity $(bone_left_arm1) {transformation: [-0.8731f,-0.3336f,0.3556f,0.25f,0.2177f,0.3858f,0.8965f,1.3196f,-0.4363f,0.8602f,-0.2642f,0.0444f,0f,0f,0f,1f],start_interpolation: 0,interpolation_duration: 1}
$data merge entity $(bone_right_arm1) {transformation: [-0.8731f,0.3336f,-0.3556f,-0.25f,-0.2177f,0.3858f,0.8965f,1.3196f,0.4363f,0.8602f,-0.2642f,0.0444f,0f,0f,0f,1f],start_interpolation: 0,interpolation_duration: 1}
data modify entity @s data merge value {"cameras":{},"locators":{"mouse":{"posx":-3.671035928881959e-17,"posy":1.488274508055033,"posz":0.2997628321437559,"roty":0,"rotx":-3.1085649887302784},"left_arm":{"posx":0.5339349754023632,"posy":1.0407215414058741,"posz":-0.5197265186887818,"roty":53.3904258794644,"rotx":63.70573309960922},"right_arm":{"posx":-0.533934975402363,"posy":1.0407215414058741,"posz":-0.5197265186887818,"roty":306.6095741205356,"rotx":63.70573309960922}}}