# This file was generated by Animated Java via MC-Build. It is not recommended to edit this file directly.
$data merge entity $(bone_eyes) {transformation: [-1f,0f,0f,-0.0156f,0f,0.9985f,-0.0551f,1.7382f,0f,-0.0551f,-0.9985f,0.2871f,0f,0f,0f,1f],start_interpolation: 0,interpolation_duration: 1}
$data merge entity $(bone_head) {transformation: [-1f,0f,0f,0f,0f,0.9985f,-0.0551f,1.3811f,0f,-0.0551f,-0.9985f,0.0552f,0f,0f,0f,1f],start_interpolation: 0,interpolation_duration: 1}
$data merge entity $(bone_fabric_overray) {transformation: [-1f,0f,0f,0f,0f,0.6088f,0.7934f,1.3811f,0f,0.7934f,-0.6088f,0.0552f,0f,0f,0f,1f],start_interpolation: 0,interpolation_duration: 1}
$data merge entity $(bone_fabric) {transformation: [-1f,0f,0f,0f,0f,0.6088f,0.7934f,1.3811f,0f,0.7934f,-0.6088f,0.0552f,0f,0f,0f,1f],start_interpolation: 0,interpolation_duration: 1}
$data merge entity $(bone_bone_overray) {transformation: [-1f,0f,0f,0f,0f,0.6096f,0.7927f,1.3811f,0f,0.7927f,-0.6096f,0.0552f,0f,0f,0f,1f],start_interpolation: 0,interpolation_duration: 1}
$data merge entity $(bone_bone) {transformation: [-1f,0f,0f,0f,0f,0.6096f,0.7927f,1.3811f,0f,0.7927f,-0.6096f,0.0552f,0f,0f,0f,1f],start_interpolation: 0,interpolation_duration: 1}
$data merge entity $(bone_left_arm1) {transformation: [-0.8722f,-0.3322f,0.3591f,0.25f,0.2198f,0.3897f,0.8943f,1.3196f,-0.4371f,0.8589f,-0.2668f,0.0444f,0f,0f,0f,1f],start_interpolation: 0,interpolation_duration: 1}
$data merge entity $(bone_right_arm1) {transformation: [-0.8722f,0.3322f,-0.3591f,-0.25f,-0.2198f,0.3897f,0.8943f,1.3196f,0.4371f,0.8589f,-0.2668f,0.0444f,0f,0f,0f,1f],start_interpolation: 0,interpolation_duration: 1}
data modify entity @s data merge value {"cameras":{},"locators":{"mouse":{"posx":-3.669916194325514e-17,"posy":1.4884829072698116,"posz":0.29967139887848915,"roty":0,"rotx":-3.1574004507888787},"left_arm":{"posx":0.5329083323128242,"posy":1.0379204818216807,"posz":-0.5188501252205721,"roty":53.39058324408332,"rotx":63.42282751551938},"right_arm":{"posx":-0.5329083323128241,"posy":1.0379204818216807,"posz":-0.5188501252205722,"roty":306.6094167559167,"rotx":63.42282751551938}}}