# This file was generated by Animated Java via MC-Build. It is not recommended to edit this file directly.
$data merge entity $(bone_eyes) {transformation: [-1f,0f,0f,-0.0156f,0f,0.9985f,-0.0549f,1.7381f,0f,-0.0549f,-0.9985f,0.2872f,0f,0f,0f,1f],start_interpolation: 0,interpolation_duration: 1}
$data merge entity $(bone_head) {transformation: [-1f,0f,0f,0f,0f,0.9985f,-0.0549f,1.3811f,0f,-0.0549f,-0.9985f,0.0552f,0f,0f,0f,1f],start_interpolation: 0,interpolation_duration: 1}
$data merge entity $(bone_fabric_overray) {transformation: [-1f,0f,0f,0f,0f,0.6072f,0.7946f,1.3811f,0f,0.7946f,-0.6072f,0.0552f,0f,0f,0f,1f],start_interpolation: 0,interpolation_duration: 1}
$data merge entity $(bone_fabric) {transformation: [-1f,0f,0f,0f,0f,0.6072f,0.7946f,1.3811f,0f,0.7946f,-0.6072f,0.0552f,0f,0f,0f,1f],start_interpolation: 0,interpolation_duration: 1}
$data merge entity $(bone_bone_overray) {transformation: [-1f,0f,0f,0f,0f,0.6081f,0.7938f,1.3811f,0f,0.7938f,-0.6081f,0.0552f,0f,0f,0f,1f],start_interpolation: 0,interpolation_duration: 1}
$data merge entity $(bone_bone) {transformation: [-1f,0f,0f,0f,0f,0.6081f,0.7938f,1.3811f,0f,0.7938f,-0.6081f,0.0552f,0f,0f,0f,1f],start_interpolation: 0,interpolation_duration: 1}
$data merge entity $(bone_left_arm1) {transformation: [-0.8717f,-0.3289f,0.3633f,0.25f,0.2219f,0.3961f,0.891f,1.3196f,-0.4369f,0.8573f,-0.2723f,0.0444f,0f,0f,0f,1f],start_interpolation: 0,interpolation_duration: 1}
$data merge entity $(bone_right_arm1) {transformation: [-0.8717f,0.3289f,-0.3633f,-0.25f,-0.2219f,0.3961f,0.891f,1.3196f,0.4369f,0.8573f,-0.2723f,0.0444f,0f,0f,0f,1f],start_interpolation: 0,interpolation_duration: 1}
data modify entity @s data merge value {"cameras":{},"locators":{"mouse":{"posx":-3.6701316968274735e-17,"posy":1.488442836551371,"posz":0.29968899599319265,"roty":0,"rotx":-3.148009015777612},"left_arm":{"posx":0.530606828343092,"posy":1.0333815370082102,"posz":-0.517712355171721,"roty":53.147926716767,"rotx":62.99980728445348},"right_arm":{"posx":-0.5306068283430919,"posy":1.0333815370082102,"posz":-0.5177123551717211,"roty":306.85207328323304,"rotx":62.999807284453496}}}