# This file was generated by Animated Java via MC-Build. It is not recommended to edit this file directly.
$data merge entity $(bone_eyes) {transformation: [-1f,0f,0f,-0.0156f,0f,0.9985f,-0.0539f,1.7379f,0f,-0.0539f,-0.9985f,0.2876f,0f,0f,0f,1f],start_interpolation: 0,interpolation_duration: 1}
$data merge entity $(bone_head) {transformation: [-1f,0f,0f,0f,0f,0.9985f,-0.0539f,1.3811f,0f,-0.0539f,-0.9985f,0.0552f,0f,0f,0f,1f],start_interpolation: 0,interpolation_duration: 1}
$data merge entity $(bone_fabric_overray) {transformation: [-1f,0f,0f,0f,0f,0.6069f,0.7948f,1.3811f,0f,0.7948f,-0.6069f,0.0552f,0f,0f,0f,1f],start_interpolation: 0,interpolation_duration: 1}
$data merge entity $(bone_fabric) {transformation: [-1f,0f,0f,0f,0f,0.6069f,0.7948f,1.3811f,0f,0.7948f,-0.6069f,0.0552f,0f,0f,0f,1f],start_interpolation: 0,interpolation_duration: 1}
$data merge entity $(bone_bone_overray) {transformation: [-1f,0f,0f,0f,0f,0.6076f,0.7942f,1.3811f,0f,0.7942f,-0.6076f,0.0552f,0f,0f,0f,1f],start_interpolation: 0,interpolation_duration: 1}
$data merge entity $(bone_bone) {transformation: [-1f,0f,0f,0f,0f,0.6076f,0.7942f,1.3811f,0f,0.7942f,-0.6076f,0.0552f,0f,0f,0f,1f],start_interpolation: 0,interpolation_duration: 1}
$data merge entity $(bone_left_arm1) {transformation: [-0.8717f,-0.3238f,0.3677f,0.25f,0.2237f,0.4047f,0.8866f,1.3196f,-0.4359f,0.8552f,-0.2804f,0.0444f,0f,0f,0f,1f],start_interpolation: 0,interpolation_duration: 1}
$data merge entity $(bone_right_arm1) {transformation: [-0.8717f,0.3238f,-0.3677f,-0.25f,-0.2237f,0.4047f,0.8866f,1.3196f,0.4359f,0.8552f,-0.2804f,0.0444f,0f,0f,0f,1f],start_interpolation: 0,interpolation_duration: 1}
data modify entity @s data merge value {"cameras":{},"locators":{"mouse":{"posx":-3.671423022432232e-17,"posy":1.488202351717973,"posz":0.2997944407308638,"roty":0,"rotx":-3.0916604057099946},"left_arm":{"posx":0.5270828874081718,"posy":1.0273117157598346,"posz":-0.5163357434413522,"roty":52.673124549104955,"rotx":62.45497542359852},"right_arm":{"posx":-0.5270828874081717,"posy":1.0273117157598346,"posz":-0.5163357434413524,"roty":307.3268754508951,"rotx":62.45497542359855}}}