# This file was generated by Animated Java via MC-Build. It is not recommended to edit this file directly.
$data merge entity $(bone_eyes) {transformation: [-1f,0f,0f,-0.0156f,0f,0.9986f,-0.0523f,1.7375f,0f,-0.0523f,-0.9986f,0.2881f,0f,0f,0f,1f],start_interpolation: 0,interpolation_duration: 1}
$data merge entity $(bone_head) {transformation: [-1f,0f,0f,0f,0f,0.9986f,-0.0523f,1.3811f,0f,-0.0523f,-0.9986f,0.0552f,0f,0f,0f,1f],start_interpolation: 0,interpolation_duration: 1}
$data merge entity $(bone_fabric_overray) {transformation: [-1f,0f,0f,0f,0f,0.6081f,0.7939f,1.3811f,0f,0.7939f,-0.6081f,0.0552f,0f,0f,0f,1f],start_interpolation: 0,interpolation_duration: 1}
$data merge entity $(bone_fabric) {transformation: [-1f,0f,0f,0f,0f,0.6081f,0.7939f,1.3811f,0f,0.7939f,-0.6081f,0.0552f,0f,0f,0f,1f],start_interpolation: 0,interpolation_duration: 1}
$data merge entity $(bone_bone_overray) {transformation: [-1f,0f,0f,0f,0f,0.6083f,0.7937f,1.3811f,0f,0.7937f,-0.6083f,0.0552f,0f,0f,0f,1f],start_interpolation: 0,interpolation_duration: 1}
$data merge entity $(bone_bone) {transformation: [-1f,0f,0f,0f,0f,0.6083f,0.7937f,1.3811f,0f,0.7937f,-0.6083f,0.0552f,0f,0f,0f,1f],start_interpolation: 0,interpolation_duration: 1}
$data merge entity $(bone_left_arm1) {transformation: [-0.8724f,-0.3169f,0.3722f,0.25f,0.2251f,0.4154f,0.8814f,1.3196f,-0.4339f,0.8527f,-0.291f,0.0444f,0f,0f,0f,1f],start_interpolation: 0,interpolation_duration: 1}
$data merge entity $(bone_right_arm1) {transformation: [-0.8724f,0.3169f,-0.3722f,-0.25f,-0.2251f,0.4154f,0.8814f,1.3196f,0.4339f,0.8527f,-0.291f,0.0444f,0f,0f,0f,1f],start_interpolation: 0,interpolation_duration: 1}
data modify entity @s data merge value {"cameras":{},"locators":{"mouse":{"posx":-3.673525956801343e-17,"posy":1.4878093371631438,"posz":0.29996615835349383,"roty":0,"rotx":-2.9996243425995495},"left_arm":{"posx":0.5223959136002791,"posy":1.0199177242908775,"posz":-0.5147274309238504,"roty":51.97915773956581,"rotx":61.80591791073929},"right_arm":{"posx":-0.5223959136002789,"posy":1.0199177242908775,"posz":-0.5147274309238504,"roty":308.0208422604342,"rotx":61.80591791073929}}}