# This file was generated by Animated Java via MC-Build. It is not recommended to edit this file directly.
$data merge entity $(bone_eyes) {transformation: [-1f,0f,0f,-0.0156f,0f,0.9987f,-0.0503f,1.7371f,0f,-0.0503f,-0.9987f,0.2889f,0f,0f,0f,1f],start_interpolation: 0,interpolation_duration: 1}
$data merge entity $(bone_head) {transformation: [-1f,0f,0f,0f,0f,0.9987f,-0.0503f,1.3811f,0f,-0.0503f,-0.9987f,0.0552f,0f,0f,0f,1f],start_interpolation: 0,interpolation_duration: 1}
$data merge entity $(bone_fabric_overray) {transformation: [-1f,0f,0f,0f,0f,0.6109f,0.7917f,1.3811f,0f,0.7917f,-0.6109f,0.0552f,0f,0f,0f,1f],start_interpolation: 0,interpolation_duration: 1}
$data merge entity $(bone_fabric) {transformation: [-1f,0f,0f,0f,0f,0.6109f,0.7917f,1.3811f,0f,0.7917f,-0.6109f,0.0552f,0f,0f,0f,1f],start_interpolation: 0,interpolation_duration: 1}
$data merge entity $(bone_bone_overray) {transformation: [-1f,0f,0f,0f,0f,0.6102f,0.7923f,1.3811f,0f,0.7923f,-0.6102f,0.0552f,0f,0f,0f,1f],start_interpolation: 0,interpolation_duration: 1}
$data merge entity $(bone_bone) {transformation: [-1f,0f,0f,0f,0f,0.6102f,0.7923f,1.3811f,0f,0.7923f,-0.6102f,0.0552f,0f,0f,0f,1f],start_interpolation: 0,interpolation_duration: 1}
$data merge entity $(bone_left_arm1) {transformation: [-0.8736f,-0.3084f,0.3764f,0.25f,0.2261f,0.4277f,0.8752f,1.3196f,-0.4309f,0.8497f,-0.3039f,0.0444f,0f,0f,0f,1f],start_interpolation: 0,interpolation_duration: 1}
$data merge entity $(bone_right_arm1) {transformation: [-0.8736f,0.3084f,-0.3764f,-0.25f,-0.2261f,0.4277f,0.8752f,1.3196f,0.4309f,0.8497f,-0.3039f,0.0444f,0f,0f,0f,1f],start_interpolation: 0,interpolation_duration: 1}
data modify entity @s data merge value {"cameras":{},"locators":{"mouse":{"posx":-3.6761757277696084e-17,"posy":1.4873116589816233,"posz":0.30018252857306327,"roty":0,"rotx":-2.8831705484598076},"left_arm":{"posx":0.5166158254482112,"posy":1.0114029745787847,"posz":-0.5128824280555165,"roty":51.07953356051581,"rotx":61.06954176762225},"right_arm":{"posx":-0.5166158254482109,"posy":1.0114029745787847,"posz":-0.5128824280555165,"roty":308.9204664394842,"rotx":61.06954176762225}}}