# This file was generated by Animated Java via MC-Build. It is not recommended to edit this file directly.
$data merge entity $(bone_eyes) {transformation: [-1f,0f,0f,-0.0156f,0f,0.9988f,-0.048f,1.7365f,0f,-0.048f,-0.9988f,0.2897f,0f,0f,0f,1f],start_interpolation: 0,interpolation_duration: 1}
$data merge entity $(bone_head) {transformation: [-1f,0f,0f,0f,0f,0.9988f,-0.048f,1.3811f,0f,-0.048f,-0.9988f,0.0552f,0f,0f,0f,1f],start_interpolation: 0,interpolation_duration: 1}
$data merge entity $(bone_fabric_overray) {transformation: [-1f,0f,0f,0f,0f,0.6157f,0.788f,1.3811f,0f,0.788f,-0.6157f,0.0552f,0f,0f,0f,1f],start_interpolation: 0,interpolation_duration: 1}
$data merge entity $(bone_fabric) {transformation: [-1f,0f,0f,0f,0f,0.6157f,0.788f,1.3811f,0f,0.788f,-0.6157f,0.0552f,0f,0f,0f,1f],start_interpolation: 0,interpolation_duration: 1}
$data merge entity $(bone_bone_overray) {transformation: [-1f,0f,0f,0f,0f,0.6135f,0.7897f,1.3811f,0f,0.7897f,-0.6135f,0.0552f,0f,0f,0f,1f],start_interpolation: 0,interpolation_duration: 1}
$data merge entity $(bone_bone) {transformation: [-1f,0f,0f,0f,0f,0.6135f,0.7897f,1.3811f,0f,0.7897f,-0.6135f,0.0552f,0f,0f,0f,1f],start_interpolation: 0,interpolation_duration: 1}
$data merge entity $(bone_left_arm1) {transformation: [-0.8756f,-0.2983f,0.3799f,0.25f,0.2264f,0.4414f,0.8683f,1.3196f,-0.4267f,0.8463f,-0.3189f,0.0444f,0f,0f,0f,1f],start_interpolation: 0,interpolation_duration: 1}
$data merge entity $(bone_right_arm1) {transformation: [-0.8756f,0.2983f,-0.3799f,-0.25f,-0.2264f,0.4414f,0.8683f,1.3196f,0.4267f,0.8463f,-0.3189f,0.0444f,0f,0f,0f,1f],start_interpolation: 0,interpolation_duration: 1}
data modify entity @s data merge value {"cameras":{},"locators":{"mouse":{"posx":-3.679110094956733e-17,"posy":1.4867572755744682,"posz":0.30042213783747884,"roty":0,"rotx":-2.7535687453042823},"left_arm":{"posx":0.5098259560637506,"posy":1.0019648576621385,"posz":-0.5107866241592839,"roty":49.98691294923782,"rotx":60.26208563962862},"right_arm":{"posx":-0.5098259560637504,"posy":1.0019648576621385,"posz":-0.5107866241592839,"roty":310.01308705076224,"rotx":60.262085639628644}}}