# This file was generated by Animated Java via MC-Build. It is not recommended to edit this file directly.
$data merge entity $(bone_eyes) {transformation: [-1f,0f,0f,-0.0156f,0f,0.999f,-0.0457f,1.736f,0f,-0.0457f,-0.999f,0.2905f,0f,0f,0f,1f],start_interpolation: 0,interpolation_duration: 1}
$data merge entity $(bone_head) {transformation: [-1f,0f,0f,0f,0f,0.999f,-0.0457f,1.3811f,0f,-0.0457f,-0.999f,0.0552f,0f,0f,0f,1f],start_interpolation: 0,interpolation_duration: 1}
$data merge entity $(bone_fabric_overray) {transformation: [-1f,0f,0f,0f,0f,0.6225f,0.7827f,1.3811f,0f,0.7827f,-0.6225f,0.0552f,0f,0f,0f,1f],start_interpolation: 0,interpolation_duration: 1}
$data merge entity $(bone_fabric) {transformation: [-1f,0f,0f,0f,0f,0.6225f,0.7827f,1.3811f,0f,0.7827f,-0.6225f,0.0552f,0f,0f,0f,1f],start_interpolation: 0,interpolation_duration: 1}
$data merge entity $(bone_bone_overray) {transformation: [-1f,0f,0f,0f,0f,0.6183f,0.7859f,1.3811f,0f,0.7859f,-0.6183f,0.0552f,0f,0f,0f,1f],start_interpolation: 0,interpolation_duration: 1}
$data merge entity $(bone_bone) {transformation: [-1f,0f,0f,0f,0f,0.6183f,0.7859f,1.3811f,0f,0.7859f,-0.6183f,0.0552f,0f,0f,0f,1f],start_interpolation: 0,interpolation_duration: 1}
$data merge entity $(bone_left_arm1) {transformation: [-0.8783f,-0.2869f,0.3825f,0.25f,0.2258f,0.4562f,0.8607f,1.3196f,-0.4214f,0.8424f,-0.3359f,0.0444f,0f,0f,0f,1f],start_interpolation: 0,interpolation_duration: 1}
$data merge entity $(bone_right_arm1) {transformation: [-0.8783f,0.2869f,-0.3825f,-0.25f,-0.2258f,0.4562f,0.8607f,1.3196f,0.4214f,0.8424f,-0.3359f,0.0444f,0f,0f,0f,1f],start_interpolation: 0,interpolation_duration: 1}
data modify entity @s data merge value {"cameras":{},"locators":{"mouse":{"posx":-3.6820712889004995e-17,"posy":1.48619430525865,"posz":0.30066393767281324,"roty":0,"rotx":-2.622088655146507},"left_arm":{"posx":0.5021252639890749,"posy":0.9917922961798614,"posz":-0.5084195853030633,"roty":48.712177482367224,"rotx":59.39908756577908},"right_arm":{"posx":-0.5021252639890748,"posy":0.9917922961798614,"posz":-0.5084195853030634,"roty":311.2878225176328,"rotx":59.39908756577906}}}