# This file was generated by Animated Java via MC-Build. It is not recommended to edit this file directly.
$data merge entity $(bone_eyes) {transformation: [-1f,0f,0f,-0.0156f,0f,0.999f,-0.0436f,1.7355f,0f,-0.0436f,-0.999f,0.2912f,0f,0f,0f,1f],start_interpolation: 0,interpolation_duration: 1}
$data merge entity $(bone_head) {transformation: [-1f,0f,0f,0f,0f,0.999f,-0.0436f,1.3811f,0f,-0.0436f,-0.999f,0.0552f,0f,0f,0f,1f],start_interpolation: 0,interpolation_duration: 1}
$data merge entity $(bone_fabric_overray) {transformation: [-1f,0f,0f,0f,0f,0.6315f,0.7754f,1.3811f,0f,0.7754f,-0.6315f,0.0552f,0f,0f,0f,1f],start_interpolation: 0,interpolation_duration: 1}
$data merge entity $(bone_fabric) {transformation: [-1f,0f,0f,0f,0f,0.6315f,0.7754f,1.3811f,0f,0.7754f,-0.6315f,0.0552f,0f,0f,0f,1f],start_interpolation: 0,interpolation_duration: 1}
$data merge entity $(bone_bone_overray) {transformation: [-1f,0f,0f,0f,0f,0.6248f,0.7808f,1.3811f,0f,0.7808f,-0.6248f,0.0552f,0f,0f,0f,1f],start_interpolation: 0,interpolation_duration: 1}
$data merge entity $(bone_bone) {transformation: [-1f,0f,0f,0f,0f,0.6248f,0.7808f,1.3811f,0f,0.7808f,-0.6248f,0.0552f,0f,0f,0f,1f],start_interpolation: 0,interpolation_duration: 1}
$data merge entity $(bone_left_arm1) {transformation: [-0.8818f,-0.2742f,0.3838f,0.25f,0.2244f,0.472f,0.8526f,1.3196f,-0.4149f,0.8379f,-0.3546f,0.0444f,0f,0f,0f,1f],start_interpolation: 0,interpolation_duration: 1}
$data merge entity $(bone_right_arm1) {transformation: [-0.8818f,0.2742f,-0.3838f,-0.25f,-0.2244f,0.472f,0.8526f,1.3196f,0.4149f,0.8379f,-0.3546f,0.0444f,0f,0f,0f,1f],start_interpolation: 0,interpolation_duration: 1}
data modify entity @s data merge value {"cameras":{},"locators":{"mouse":{"posx":-3.684806796108163e-17,"posy":1.4856710515351312,"posz":0.30088730878761694,"roty":0,"rotx":-2.5000000000000013},"left_arm":{"posx":0.4936298207906005,"posy":0.9810636241368584,"posz":-0.5057571847572673,"roty":47.26388985989564,"rotx":58.49530338586505},"right_arm":{"posx":-0.49362982079060036,"posy":0.9810636241368584,"posz":-0.5057571847572674,"roty":312.73611014010436,"rotx":58.49530338586505}}}