# This file was generated by Animated Java via MC-Build. It is not recommended to edit this file directly.
$data merge entity $(bone_eyes) {transformation: [-1f,0f,0f,-0.0156f,0f,0.9991f,-0.0429f,1.7353f,0f,-0.0429f,-0.9991f,0.2915f,0f,0f,0f,1f],start_interpolation: 0,interpolation_duration: 1}
$data merge entity $(bone_head) {transformation: [-1f,0f,0f,0f,0f,0.9991f,-0.0429f,1.3811f,0f,-0.0429f,-0.9991f,0.0552f,0f,0f,0f,1f],start_interpolation: 0,interpolation_duration: 1}
$data merge entity $(bone_fabric_overray) {transformation: [-1f,0f,0f,0f,0f,0.6428f,0.766f,1.3811f,0f,0.766f,-0.6428f,0.0552f,0f,0f,0f,1f],start_interpolation: 0,interpolation_duration: 1}
$data merge entity $(bone_fabric) {transformation: [-1f,0f,0f,0f,0f,0.6428f,0.766f,1.3811f,0f,0.766f,-0.6428f,0.0552f,0f,0f,0f,1f],start_interpolation: 0,interpolation_duration: 1}
$data merge entity $(bone_bone_overray) {transformation: [-1f,0f,0f,0f,0f,0.6329f,0.7742f,1.3811f,0f,0.7742f,-0.6329f,0.0552f,0f,0f,0f,1f],start_interpolation: 0,interpolation_duration: 1}
$data merge entity $(bone_bone) {transformation: [-1f,0f,0f,0f,0f,0.6329f,0.7742f,1.3811f,0f,0.7742f,-0.6329f,0.0552f,0f,0f,0f,1f],start_interpolation: 0,interpolation_duration: 1}
$data merge entity $(bone_left_arm1) {transformation: [-0.886f,-0.2605f,0.3835f,0.25f,0.2217f,0.4884f,0.844f,1.3196f,-0.4072f,0.8328f,-0.3749f,0.0444f,0f,0f,0f,1f],start_interpolation: 0,interpolation_duration: 1}
$data merge entity $(bone_right_arm1) {transformation: [-0.886f,0.2605f,-0.3835f,-0.25f,-0.2217f,0.4884f,0.844f,1.3196f,0.4072f,0.8328f,-0.3749f,0.0444f,0f,0f,0f,1f],start_interpolation: 0,interpolation_duration: 1}
data modify entity @s data merge value {"cameras":{},"locators":{"mouse":{"posx":-3.685759151507288e-17,"posy":1.485488155215772,"posz":0.300965074507479,"roty":0,"rotx":-2.4573516845703125},"left_arm":{"posx":0.48447356138792264,"posy":0.9699448654581434,"posz":-0.5027741072768449,"roty":45.648067346130205,"rotx":57.56457534166036},"right_arm":{"posx":-0.4844735613879224,"posy":0.9699448654581434,"posz":-0.502774107276845,"roty":314.3519326538698,"rotx":57.56457534166036}}}