# This file was generated by Animated Java via MC-Build. It is not recommended to edit this file directly.
$data merge entity $(bone_eyes) {transformation: [-1f,0f,0f,-0.0156f,0f,0.93f,0.3675f,1.6085f,0f,0.3675f,-0.93f,0.4152f,0f,0f,0f,1f],start_interpolation: 0,interpolation_duration: 1}
$data merge entity $(bone_head) {transformation: [-1f,0f,0f,0f,0f,0.93f,0.3675f,1.3811f,0f,0.3675f,-0.93f,0.0552f,0f,0f,0f,1f],start_interpolation: 0,interpolation_duration: 1}
$data merge entity $(bone_fabric_overray) {transformation: [-1f,0f,0f,0f,0f,0.8904f,0.4552f,1.3811f,0f,0.4552f,-0.8904f,0.0552f,0f,0f,0f,1f],start_interpolation: 0,interpolation_duration: 1}
$data merge entity $(bone_fabric) {transformation: [-1f,0f,0f,0f,0f,0.8904f,0.4552f,1.3811f,0f,0.4552f,-0.8904f,0.0552f,0f,0f,0f,1f],start_interpolation: 0,interpolation_duration: 1}
$data merge entity $(bone_bone_overray) {transformation: [-1f,0f,0f,0f,0f,0.9014f,0.433f,1.3811f,0f,0.433f,-0.9014f,0.0552f,0f,0f,0f,1f],start_interpolation: 0,interpolation_duration: 1}
$data merge entity $(bone_bone) {transformation: [-1f,0f,0f,0f,0f,0.9014f,0.433f,1.3811f,0f,0.433f,-0.9014f,0.0552f,0f,0f,0f,1f],start_interpolation: 0,interpolation_duration: 1}
$data merge entity $(bone_left_arm1) {transformation: [-0.9751f,0.2217f,0f,0.25f,0.2202f,0.9685f,-0.1161f,1.3196f,-0.0257f,-0.1132f,-0.9932f,0.0444f,0f,0f,0f,1f],start_interpolation: 0,interpolation_duration: 1}
$data merge entity $(bone_right_arm1) {transformation: [-0.9751f,-0.2217f,0f,-0.25f,-0.2202f,0.9685f,-0.1161f,1.3196f,0.0257f,-0.1132f,-0.9932f,0.0444f,0f,0f,0f,1f],start_interpolation: 0,interpolation_duration: 1}
data modify entity @s data merge value {"cameras":{},"locators":{"mouse":{"posx":-3.945487405661871e-17,"posy":1.3764155644921983,"posz":0.32217349593440925,"roty":0,"rotx":21.5625},"left_arm":{"posx":0.15852903570707355,"posy":0.6399334174012694,"posz":0.12379792427901717,"roty":0,"rotx":-6.666666666666669},"right_arm":{"posx":-0.15852903570707355,"posy":0.6399334174012694,"posz":0.12379792427901713,"roty":0,"rotx":-6.666666666666669}}}