# This file was generated by Animated Java via MC-Build. It is not recommended to edit this file directly.
$data merge entity $(bone_eyes) {transformation: [-1f,0f,0f,-0.0156f,0f,0.9991f,-0.042f,1.7351f,0f,-0.042f,-0.9991f,0.2918f,0f,0f,0f,1f],start_interpolation: 0,interpolation_duration: 1}
$data merge entity $(bone_head) {transformation: [-1f,0f,0f,0f,0f,0.9991f,-0.042f,1.3811f,0f,-0.042f,-0.9991f,0.0552f,0f,0f,0f,1f],start_interpolation: 0,interpolation_duration: 1}
$data merge entity $(bone_fabric_overray) {transformation: [-1f,0f,0f,0f,0f,0.6529f,0.7574f,1.3811f,0f,0.7574f,-0.6529f,0.0552f,0f,0f,0f,1f],start_interpolation: 0,interpolation_duration: 1}
$data merge entity $(bone_fabric) {transformation: [-1f,0f,0f,0f,0f,0.6529f,0.7574f,1.3811f,0f,0.7574f,-0.6529f,0.0552f,0f,0f,0f,1f],start_interpolation: 0,interpolation_duration: 1}
$data merge entity $(bone_bone_overray) {transformation: [-1f,0f,0f,0f,0f,0.6428f,0.766f,1.3811f,0f,0.766f,-0.6428f,0.0552f,0f,0f,0f,1f],start_interpolation: 0,interpolation_duration: 1}
$data merge entity $(bone_bone) {transformation: [-1f,0f,0f,0f,0f,0.6428f,0.766f,1.3811f,0f,0.766f,-0.6428f,0.0552f,0f,0f,0f,1f],start_interpolation: 0,interpolation_duration: 1}
$data merge entity $(bone_left_arm1) {transformation: [-0.8911f,-0.246f,0.3813f,0.25f,0.2178f,0.5052f,0.835f,1.3196f,-0.398f,0.8272f,-0.3967f,0.0444f,0f,0f,0f,1f],start_interpolation: 0,interpolation_duration: 1}
$data merge entity $(bone_right_arm1) {transformation: [-0.8911f,0.246f,-0.3813f,-0.25f,-0.2178f,0.5052f,0.835f,1.3196f,0.398f,0.8272f,-0.3967f,0.0444f,0f,0f,0f,1f],start_interpolation: 0,interpolation_duration: 1}
data modify entity @s data merge value {"cameras":{},"locators":{"mouse":{"posx":-3.6868627459861324e-17,"posy":1.4852757397173493,"posz":0.3010551898353933,"roty":0,"rotx":-2.4078369140624987},"left_arm":{"posx":0.47480830091270865,"posy":0.9585884957396689,"posz":-0.4994462620868721,"roty":43.86818090520762,"rotx":56.61965388292145},"right_arm":{"posx":-0.4748083009127084,"posy":0.9585884957396689,"posz":-0.4994462620868724,"roty":316.1318190947924,"rotx":56.61965388292144}}}