# This file was generated by Animated Java via MC-Build. It is not recommended to edit this file directly.
$data merge entity $(bone_eyes) {transformation: [-1f,0f,0f,-0.0156f,0f,0.9992f,-0.041f,1.7349f,0f,-0.041f,-0.9992f,0.2921f,0f,0f,0f,1f],start_interpolation: 0,interpolation_duration: 1}
$data merge entity $(bone_head) {transformation: [-1f,0f,0f,0f,0f,0.9992f,-0.041f,1.3811f,0f,-0.041f,-0.9992f,0.0552f,0f,0f,0f,1f],start_interpolation: 0,interpolation_duration: 1}
$data merge entity $(bone_fabric_overray) {transformation: [-1f,0f,0f,0f,0f,0.6649f,0.7469f,1.3811f,0f,0.7469f,-0.6649f,0.0552f,0f,0f,0f,1f],start_interpolation: 0,interpolation_duration: 1}
$data merge entity $(bone_fabric) {transformation: [-1f,0f,0f,0f,0f,0.6649f,0.7469f,1.3811f,0f,0.7469f,-0.6649f,0.0552f,0f,0f,0f,1f],start_interpolation: 0,interpolation_duration: 1}
$data merge entity $(bone_bone_overray) {transformation: [-1f,0f,0f,0f,0f,0.6594f,0.7518f,1.3811f,0f,0.7518f,-0.6594f,0.0552f,0f,0f,0f,1f],start_interpolation: 0,interpolation_duration: 1}
$data merge entity $(bone_bone) {transformation: [-1f,0f,0f,0f,0f,0.6594f,0.7518f,1.3811f,0f,0.7518f,-0.6594f,0.0552f,0f,0f,0f,1f],start_interpolation: 0,interpolation_duration: 1}
$data merge entity $(bone_left_arm1) {transformation: [-0.9042f,-0.2106f,0.3716f,0.25f,0.2054f,0.5484f,0.8106f,1.3196f,-0.3745f,0.8093f,-0.4526f,0.0444f,0f,0f,0f,1f],start_interpolation: 0,interpolation_duration: 1}
$data merge entity $(bone_right_arm1) {transformation: [-0.9042f,0.2106f,-0.3716f,-0.25f,-0.2054f,0.5484f,0.8106f,1.3196f,0.3745f,0.8093f,-0.4526f,0.0444f,0f,0f,0f,1f],start_interpolation: 0,interpolation_duration: 1}
data modify entity @s data merge value {"cameras":{},"locators":{"mouse":{"posx":-3.688106474694275e-17,"posy":1.4850357377584418,"posz":0.30115674799150893,"roty":0,"rotx":-2.3519134521484375},"left_arm":{"posx":0.4512955970811046,"posy":0.9296824215373743,"posz":-0.4885943432446325,"roty":39.38986367604113,"rotx":54.152782955314485},"right_arm":{"posx":-0.45129559708110445,"posy":0.9296824215373743,"posz":-0.4885943432446326,"roty":320.61013632395884,"rotx":54.152782955314485}}}