# This file was generated by Animated Java via MC-Build. It is not recommended to edit this file directly.
$data merge entity $(bone_eyes) {transformation: [-1f,0f,0f,-0.0156f,0f,0.9992f,-0.04f,1.7346f,0f,-0.04f,-0.9992f,0.2925f,0f,0f,0f,1f],start_interpolation: 0,interpolation_duration: 1}
$data merge entity $(bone_head) {transformation: [-1f,0f,0f,0f,0f,0.9992f,-0.04f,1.3811f,0f,-0.04f,-0.9992f,0.0552f,0f,0f,0f,1f],start_interpolation: 0,interpolation_duration: 1}
$data merge entity $(bone_fabric_overray) {transformation: [-1f,0f,0f,0f,0f,0.6785f,0.7346f,1.3811f,0f,0.7346f,-0.6785f,0.0552f,0f,0f,0f,1f],start_interpolation: 0,interpolation_duration: 1}
$data merge entity $(bone_fabric) {transformation: [-1f,0f,0f,0f,0f,0.6785f,0.7346f,1.3811f,0f,0.7346f,-0.6785f,0.0552f,0f,0f,0f,1f],start_interpolation: 0,interpolation_duration: 1}
$data merge entity $(bone_bone_overray) {transformation: [-1f,0f,0f,0f,0f,0.6803f,0.7329f,1.3811f,0f,0.7329f,-0.6803f,0.0552f,0f,0f,0f,1f],start_interpolation: 0,interpolation_duration: 1}
$data merge entity $(bone_bone) {transformation: [-1f,0f,0f,0f,0f,0.6803f,0.7329f,1.3811f,0f,0.7329f,-0.6803f,0.0552f,0f,0f,0f,1f],start_interpolation: 0,interpolation_duration: 1}
$data merge entity $(bone_left_arm1) {transformation: [-0.9209f,-0.1647f,0.3533f,0.25f,0.1869f,0.6089f,0.7709f,1.3196f,-0.3421f,0.7759f,-0.53f,0.0444f,0f,0f,0f,1f],start_interpolation: 0,interpolation_duration: 1}
$data merge entity $(bone_right_arm1) {transformation: [-0.9209f,0.1647f,-0.3533f,-0.25f,-0.1869f,0.6089f,0.7709f,1.3196f,0.3421f,0.7759f,-0.53f,0.0444f,0f,0f,0f,1f],start_interpolation: 0,interpolation_duration: 1}
data modify entity @s data merge value {"cameras":{},"locators":{"mouse":{"posx":-3.68947920739997e-17,"posy":1.4847700813433011,"posz":0.30126884012343236,"roty":0,"rotx":-2.290039062500002},"left_arm":{"posx":0.42079018433784987,"posy":0.8892340101494043,"posz":-0.46770982405031164,"roty":33.69055916618501,"rotx":50.43441515029414},"right_arm":{"posx":-0.42079018433784976,"posy":0.8892340101494043,"posz":-0.4677098240503117,"roty":326.309440833815,"rotx":50.43441515029414}}}