# This file was generated by Animated Java via MC-Build. It is not recommended to edit this file directly.
$data merge entity $(bone_eyes) {transformation: [-1f,0f,0f,-0.0156f,0f,0.9992f,-0.0388f,1.7343f,0f,-0.0388f,-0.9992f,0.2929f,0f,0f,0f,1f],start_interpolation: 0,interpolation_duration: 1}
$data merge entity $(bone_head) {transformation: [-1f,0f,0f,0f,0f,0.9992f,-0.0388f,1.3811f,0f,-0.0388f,-0.9992f,0.0552f,0f,0f,0f,1f],start_interpolation: 0,interpolation_duration: 1}
$data merge entity $(bone_fabric_overray) {transformation: [-1f,0f,0f,0f,0f,0.6934f,0.7206f,1.3811f,0f,0.7206f,-0.6934f,0.0552f,0f,0f,0f,1f],start_interpolation: 0,interpolation_duration: 1}
$data merge entity $(bone_fabric) {transformation: [-1f,0f,0f,0f,0f,0.6934f,0.7206f,1.3811f,0f,0.7206f,-0.6934f,0.0552f,0f,0f,0f,1f],start_interpolation: 0,interpolation_duration: 1}
$data merge entity $(bone_bone_overray) {transformation: [-1f,0f,0f,0f,0f,0.7043f,0.7099f,1.3811f,0f,0.7099f,-0.7043f,0.0552f,0f,0f,0f,1f],start_interpolation: 0,interpolation_duration: 1}
$data merge entity $(bone_bone) {transformation: [-1f,0f,0f,0f,0f,0.7043f,0.7099f,1.3811f,0f,0.7099f,-0.7043f,0.0552f,0f,0f,0f,1f],start_interpolation: 0,interpolation_duration: 1}
$data merge entity $(bone_left_arm1) {transformation: [-0.939f,-0.1146f,0.3241f,0.25f,0.1637f,0.6799f,0.7148f,1.3196f,-0.3023f,0.7243f,-0.6197f,0.0444f,0f,0f,0f,1f],start_interpolation: 0,interpolation_duration: 1}
$data merge entity $(bone_right_arm1) {transformation: [-0.939f,0.1146f,-0.3241f,-0.25f,-0.1637f,0.6799f,0.7148f,1.3196f,0.3023f,0.7243f,-0.6197f,0.0444f,0f,0f,0f,1f],start_interpolation: 0,interpolation_duration: 1}
data modify entity @s data merge value {"cameras":{},"locators":{"mouse":{"posx":-3.69096981432366e-17,"posy":1.4844807026815046,"posz":0.3013905574156938,"roty":0,"rotx":-2.2226715087890625},"left_arm":{"posx":0.38750630288826693,"posy":0.8418935744958126,"posz":-0.4346938937544561,"roty":27.610495380690992,"rotx":45.62680454211658},"right_arm":{"posx":-0.3875063028882668,"posy":0.8418935744958126,"posz":-0.4346938937544563,"roty":332.38950461930904,"rotx":45.62680454211658}}}