# This file was generated by Animated Java via MC-Build. It is not recommended to edit this file directly.
$data merge entity $(bone_eyes) {transformation: [-1f,0f,0f,-0.0156f,0f,0.9993f,-0.0375f,1.734f,0f,-0.0375f,-0.9993f,0.2934f,0f,0f,0f,1f],start_interpolation: 0,interpolation_duration: 1}
$data merge entity $(bone_head) {transformation: [-1f,0f,0f,0f,0f,0.9993f,-0.0375f,1.3811f,0f,-0.0375f,-0.9993f,0.0552f,0f,0f,0f,1f],start_interpolation: 0,interpolation_duration: 1}
$data merge entity $(bone_fabric_overray) {transformation: [-1f,0f,0f,0f,0f,0.7093f,0.7049f,1.3811f,0f,0.7049f,-0.7093f,0.0552f,0f,0f,0f,1f],start_interpolation: 0,interpolation_duration: 1}
$data merge entity $(bone_fabric) {transformation: [-1f,0f,0f,0f,0f,0.7093f,0.7049f,1.3811f,0f,0.7049f,-0.7093f,0.0552f,0f,0f,0f,1f],start_interpolation: 0,interpolation_duration: 1}
$data merge entity $(bone_bone_overray) {transformation: [-1f,0f,0f,0f,0f,0.7305f,0.683f,1.3811f,0f,0.683f,-0.7305f,0.0552f,0f,0f,0f,1f],start_interpolation: 0,interpolation_duration: 1}
$data merge entity $(bone_bone) {transformation: [-1f,0f,0f,0f,0f,0.7305f,0.683f,1.3811f,0f,0.683f,-0.7305f,0.0552f,0f,0f,0f,1f],start_interpolation: 0,interpolation_duration: 1}
$data merge entity $(bone_left_arm1) {transformation: [-0.9566f,-0.067f,0.2835f,0.25f,0.1376f,0.7539f,0.6424f,1.3196f,-0.2567f,0.6536f,-0.712f,0.0444f,0f,0f,0f,1f],start_interpolation: 0,interpolation_duration: 1}
$data merge entity $(bone_right_arm1) {transformation: [-0.9566f,0.067f,-0.2835f,-0.25f,-0.1376f,0.7539f,0.6424f,1.3196f,0.2567f,0.6536f,-0.712f,0.0444f,0f,0f,0f,1f],start_interpolation: 0,interpolation_duration: 1}
data modify entity @s data merge value {"cameras":{},"locators":{"mouse":{"posx":-3.69256719009316e-17,"posy":1.4841695350329467,"posz":0.30152099304583735,"roty":0,"rotx":-2.1502685546875},"left_arm":{"posx":0.3558409443091485,"posy":0.7926636047356712,"posz":-0.3889347653913079,"roty":21.711253737448743,"rotx":39.974310774828226},"right_arm":{"posx":-0.35584094430914837,"posy":0.7926636047356712,"posz":-0.38893476539130795,"roty":338.2887462625513,"rotx":39.974310774828226}}}