# This file was generated by Animated Java via MC-Build. It is not recommended to edit this file directly.
$data merge entity $(bone_eyes) {transformation: [-1f,0f,0f,-0.0156f,0f,0.9993f,-0.0362f,1.7337f,0f,-0.0362f,-0.9993f,0.2939f,0f,0f,0f,1f],start_interpolation: 0,interpolation_duration: 1}
$data merge entity $(bone_head) {transformation: [-1f,0f,0f,0f,0f,0.9993f,-0.0362f,1.3811f,0f,-0.0362f,-0.9993f,0.0552f,0f,0f,0f,1f],start_interpolation: 0,interpolation_duration: 1}
$data merge entity $(bone_fabric_overray) {transformation: [-1f,0f,0f,0f,0f,0.7261f,0.6876f,1.3811f,0f,0.6876f,-0.7261f,0.0552f,0f,0f,0f,1f],start_interpolation: 0,interpolation_duration: 1}
$data merge entity $(bone_fabric) {transformation: [-1f,0f,0f,0f,0f,0.7261f,0.6876f,1.3811f,0f,0.6876f,-0.7261f,0.0552f,0f,0f,0f,1f],start_interpolation: 0,interpolation_duration: 1}
$data merge entity $(bone_bone_overray) {transformation: [-1f,0f,0f,0f,0f,0.7576f,0.6527f,1.3811f,0f,0.6527f,-0.7576f,0.0552f,0f,0f,0f,1f],start_interpolation: 0,interpolation_duration: 1}
$data merge entity $(bone_bone) {transformation: [-1f,0f,0f,0f,0f,0.7576f,0.6527f,1.3811f,0f,0.6527f,-0.7576f,0.0552f,0f,0f,0f,1f],start_interpolation: 0,interpolation_duration: 1}
$data merge entity $(bone_left_arm1) {transformation: [-0.972f,-0.0276f,0.2333f,0.25f,0.1102f,0.8236f,0.5563f,1.3196f,-0.2075f,0.5665f,-0.7975f,0.0444f,0f,0f,0f,1f],start_interpolation: 0,interpolation_duration: 1}
$data merge entity $(bone_right_arm1) {transformation: [-0.972f,0.0276f,-0.2333f,-0.25f,-0.1102f,0.8236f,0.5563f,1.3196f,0.2075f,0.5665f,-0.7975f,0.0444f,0f,0f,0f,1f],start_interpolation: 0,interpolation_duration: 1}
data modify entity @s data merge value {"cameras":{},"locators":{"mouse":{"posx":-3.694260275824841e-17,"posy":1.4838385134772747,"posz":0.30165924398748506,"roty":0,"rotx":-2.073287963867189},"left_arm":{"posx":0.32971232859879035,"posy":0.7464236536928193,"posz":-0.3321075127134362,"roty":16.305989162536378,"rotx":33.80197389725556},"right_arm":{"posx":-0.3297123285987903,"posy":0.7464236536928193,"posz":-0.33210751271343625,"roty":343.6940108374637,"rotx":33.80197389725556}}}