# This file was generated by Animated Java via MC-Build. It is not recommended to edit this file directly.
$data merge entity $(bone_eyes) {transformation: [-1f,0f,0f,-0.0156f,0f,0.9994f,-0.0348f,1.7334f,0f,-0.0348f,-0.9994f,0.2944f,0f,0f,0f,1f],start_interpolation: 0,interpolation_duration: 1}
$data merge entity $(bone_head) {transformation: [-1f,0f,0f,0f,0f,0.9994f,-0.0348f,1.3811f,0f,-0.0348f,-0.9994f,0.0552f,0f,0f,0f,1f],start_interpolation: 0,interpolation_duration: 1}
$data merge entity $(bone_fabric_overray) {transformation: [-1f,0f,0f,0f,0f,0.7433f,0.6689f,1.3811f,0f,0.6689f,-0.7433f,0.0552f,0f,0f,0f,1f],start_interpolation: 0,interpolation_duration: 1}
$data merge entity $(bone_fabric) {transformation: [-1f,0f,0f,0f,0f,0.7433f,0.6689f,1.3811f,0f,0.6689f,-0.7433f,0.0552f,0f,0f,0f,1f],start_interpolation: 0,interpolation_duration: 1}
$data merge entity $(bone_bone_overray) {transformation: [-1f,0f,0f,0f,0f,0.7849f,0.6196f,1.3811f,0f,0.6196f,-0.7849f,0.0552f,0f,0f,0f,1f],start_interpolation: 0,interpolation_duration: 1}
$data merge entity $(bone_bone) {transformation: [-1f,0f,0f,0f,0f,0.7849f,0.6196f,1.3811f,0f,0.6196f,-0.7849f,0.0552f,0f,0f,0f,1f],start_interpolation: 0,interpolation_duration: 1}
$data merge entity $(bone_left_arm1) {transformation: [-0.9841f,-0.0004f,0.1776f,0.25f,0.0829f,0.8831f,0.4617f,1.3196f,-0.157f,0.4691f,-0.8691f,0.0444f,0f,0f,0f,1f],start_interpolation: 0,interpolation_duration: 1}
$data merge entity $(bone_right_arm1) {transformation: [-0.9841f,0.0004f,-0.1776f,-0.25f,-0.0829f,0.8831f,0.4617f,1.3196f,0.157f,0.4691f,-0.8691f,0.0444f,0f,0f,0f,1f],start_interpolation: 0,interpolation_duration: 1}
data modify entity @s data merge value {"cameras":{},"locators":{"mouse":{"posx":-3.696038079332807e-17,"posy":1.483489575607302,"posz":0.30180441266054286,"roty":0,"rotx":-1.9921875000000004},"left_arm":{"posx":0.31179725911008616,"posy":0.7072123025163515,"posz":-0.2683365079793549,"roty":11.54762529330344,"rotx":27.4980825015115},"right_arm":{"posx":-0.3117972591100861,"posy":0.7072123025163515,"posz":-0.26833650797935493,"roty":348.45237470669656,"rotx":27.4980825015115}}}