# This file was generated by Animated Java via MC-Build. It is not recommended to edit this file directly.
$data merge entity $(bone_eyes) {transformation: [-1f,0f,0f,-0.0156f,0f,0.9994f,-0.0333f,1.733f,0f,-0.0333f,-0.9994f,0.2949f,0f,0f,0f,1f],start_interpolation: 0,interpolation_duration: 1}
$data merge entity $(bone_head) {transformation: [-1f,0f,0f,0f,0f,0.9994f,-0.0333f,1.3811f,0f,-0.0333f,-0.9994f,0.0552f,0f,0f,0f,1f],start_interpolation: 0,interpolation_duration: 1}
$data merge entity $(bone_fabric_overray) {transformation: [-1f,0f,0f,0f,0f,0.7609f,0.6489f,1.3811f,0f,0.6489f,-0.7609f,0.0552f,0f,0f,0f,1f],start_interpolation: 0,interpolation_duration: 1}
$data merge entity $(bone_fabric) {transformation: [-1f,0f,0f,0f,0f,0.7609f,0.6489f,1.3811f,0f,0.6489f,-0.7609f,0.0552f,0f,0f,0f,1f],start_interpolation: 0,interpolation_duration: 1}
$data merge entity $(bone_bone_overray) {transformation: [-1f,0f,0f,0f,0f,0.8114f,0.5845f,1.3811f,0f,0.5845f,-0.8114f,0.0552f,0f,0f,0f,1f],start_interpolation: 0,interpolation_duration: 1}
$data merge entity $(bone_bone) {transformation: [-1f,0f,0f,0f,0f,0.8114f,0.5845f,1.3811f,0f,0.5845f,-0.8114f,0.0552f,0f,0f,0f,1f],start_interpolation: 0,interpolation_duration: 1}
$data merge entity $(bone_left_arm1) {transformation: [-0.9925f,0.0132f,0.1216f,0.25f,0.0572f,0.9287f,0.3664f,1.3196f,-0.108f,0.3706f,-0.9225f,0.0444f,0f,0f,0f,1f],start_interpolation: 0,interpolation_duration: 1}
$data merge entity $(bone_right_arm1) {transformation: [-0.9925f,-0.0132f,-0.1216f,-0.25f,-0.0572f,0.9287f,0.3664f,1.3196f,0.108f,0.3706f,-0.9225f,0.0444f,0f,0f,0f,1f],start_interpolation: 0,interpolation_duration: 1}
data modify entity @s data merge value {"cameras":{},"locators":{"mouse":{"posx":-3.697889693466044e-17,"posy":1.4831246621463068,"posz":0.3019556084285411,"roty":0,"rotx":-1.9074249267578134},"left_arm":{"posx":0.3029547863055442,"posy":0.6775086319628161,"posz":-0.20370056326813685,"roty":7.50658651384893,"rotx":21.495785391415133},"right_arm":{"posx":-0.3029547863055441,"posy":0.6775086319628161,"posz":-0.2037005632681369,"roty":352.4934134861511,"rotx":21.495785391415133}}}