# This file was generated by Animated Java via MC-Build. It is not recommended to edit this file directly.
$data merge entity $(bone_eyes) {transformation: [-1f,0f,0f,-0.0156f,0f,0.9995f,-0.0318f,1.7327f,0f,-0.0318f,-0.9995f,0.2954f,0f,0f,0f,1f],start_interpolation: 0,interpolation_duration: 1}
$data merge entity $(bone_head) {transformation: [-1f,0f,0f,0f,0f,0.9995f,-0.0318f,1.3811f,0f,-0.0318f,-0.9995f,0.0552f,0f,0f,0f,1f],start_interpolation: 0,interpolation_duration: 1}
$data merge entity $(bone_fabric_overray) {transformation: [-1f,0f,0f,0f,0f,0.7785f,0.6277f,1.3811f,0f,0.6277f,-0.7785f,0.0552f,0f,0f,0f,1f],start_interpolation: 0,interpolation_duration: 1}
$data merge entity $(bone_fabric) {transformation: [-1f,0f,0f,0f,0f,0.7785f,0.6277f,1.3811f,0f,0.6277f,-0.7785f,0.0552f,0f,0f,0f,1f],start_interpolation: 0,interpolation_duration: 1}
$data merge entity $(bone_bone_overray) {transformation: [-1f,0f,0f,0f,0f,0.8364f,0.5481f,1.3811f,0f,0.5481f,-0.8364f,0.0552f,0f,0f,0f,1f],start_interpolation: 0,interpolation_duration: 1}
$data merge entity $(bone_bone) {transformation: [-1f,0f,0f,0f,0f,0.8364f,0.5481f,1.3811f,0f,0.5481f,-0.8364f,0.0552f,0f,0f,0f,1f],start_interpolation: 0,interpolation_duration: 1}
$data merge entity $(bone_left_arm1) {transformation: [-0.9974f,0.0149f,0.0706f,0.25f,0.0342f,0.9594f,0.28f,1.3196f,-0.0636f,0.2816f,-0.9574f,0.0444f,0f,0f,0f,1f],start_interpolation: 0,interpolation_duration: 1}
$data merge entity $(bone_right_arm1) {transformation: [-0.9974f,-0.0149f,-0.0706f,-0.25f,-0.0342f,0.9594f,0.28f,1.3196f,0.0636f,0.2816f,-0.9574f,0.0444f,0f,0f,0f,1f],start_interpolation: 0,interpolation_duration: 1}
data modify entity @s data merge value {"cameras":{},"locators":{"mouse":{"posx":-3.6998043125715834e-17,"posy":1.4827457174894787,"posz":0.3021119489429549,"roty":0,"rotx":-1.8194580078125009},"left_arm":{"posx":0.30207924662156055,"posy":0.6578293552893025,"posz":-0.14529468240280913,"roty":4.218670707680957,"rotx":16.25782645930683},"right_arm":{"posx":-0.3020792466215605,"posy":0.6578293552893025,"posz":-0.14529468240280918,"roty":355.781329292319,"rotx":16.25782645930683}}}