# This file was generated by Animated Java via MC-Build. It is not recommended to edit this file directly.
$data merge entity $(bone_eyes) {transformation: [-1f,0f,0f,-0.0156f,0f,0.9995f,-0.0302f,1.7323f,0f,-0.0302f,-0.9995f,0.296f,0f,0f,0f,1f],start_interpolation: 0,interpolation_duration: 1}
$data merge entity $(bone_head) {transformation: [-1f,0f,0f,0f,0f,0.9995f,-0.0302f,1.3811f,0f,-0.0302f,-0.9995f,0.0552f,0f,0f,0f,1f],start_interpolation: 0,interpolation_duration: 1}
$data merge entity $(bone_fabric_overray) {transformation: [-1f,0f,0f,0f,0f,0.7958f,0.6055f,1.3811f,0f,0.6055f,-0.7958f,0.0552f,0f,0f,0f,1f],start_interpolation: 0,interpolation_duration: 1}
$data merge entity $(bone_fabric) {transformation: [-1f,0f,0f,0f,0f,0.7958f,0.6055f,1.3811f,0f,0.6055f,-0.7958f,0.0552f,0f,0f,0f,1f],start_interpolation: 0,interpolation_duration: 1}
$data merge entity $(bone_bone_overray) {transformation: [-1f,0f,0f,0f,0f,0.8593f,0.5114f,1.3811f,0f,0.5114f,-0.8593f,0.0552f,0f,0f,0f,1f],start_interpolation: 0,interpolation_duration: 1}
$data merge entity $(bone_bone) {transformation: [-1f,0f,0f,0f,0f,0.8593f,0.5114f,1.3811f,0f,0.5114f,-0.8593f,0.0552f,0f,0f,0f,1f],start_interpolation: 0,interpolation_duration: 1}
$data merge entity $(bone_left_arm1) {transformation: [-0.9995f,0.0087f,0.0291f,0.25f,0.0147f,0.9771f,0.2124f,1.3196f,-0.0266f,0.2127f,-0.9767f,0.0444f,0f,0f,0f,1f],start_interpolation: 0,interpolation_duration: 1}
$data merge entity $(bone_right_arm1) {transformation: [-0.9995f,-0.0087f,-0.0291f,-0.25f,-0.0147f,0.9771f,0.2124f,1.3196f,0.0266f,0.2127f,-0.9767f,0.0444f,0f,0f,0f,1f],start_interpolation: 0,interpolation_duration: 1}
data modify entity @s data merge value {"cameras":{},"locators":{"mouse":{"posx":-3.7017712470801436e-17,"posy":1.4823546901700924,"posz":0.30227256133421176,"roty":0,"rotx":-1.72874450683594},"left_arm":{"posx":0.30645592690344,"posy":0.6468992319774776,"posz":-0.10023966487784823,"roty":1.7084482349079622,"rotx":12.264009026497067},"right_arm":{"posx":-0.3064559269034399,"posy":0.6468992319774776,"posz":-0.10023966487784829,"roty":358.29155176509204,"rotx":12.264009026497067}}}