# This file was generated by Animated Java via MC-Build. It is not recommended to edit this file directly.
$data merge entity $(bone_eyes) {transformation: [-1f,0f,0f,-0.0156f,0f,0.892f,0.4521f,1.5741f,0f,0.4521f,-0.892f,0.4347f,0f,0f,0f,1f],start_interpolation: 0,interpolation_duration: 1}
$data merge entity $(bone_head) {transformation: [-1f,0f,0f,0f,0f,0.892f,0.4521f,1.3811f,0f,0.4521f,-0.892f,0.0552f,0f,0f,0f,1f],start_interpolation: 0,interpolation_duration: 1}
$data merge entity $(bone_fabric_overray) {transformation: [-1f,0f,0f,0f,0f,0.8562f,0.5167f,1.3811f,0f,0.5167f,-0.8562f,0.0552f,0f,0f,0f,1f],start_interpolation: 0,interpolation_duration: 1}
$data merge entity $(bone_fabric) {transformation: [-1f,0f,0f,0f,0f,0.8562f,0.5167f,1.3811f,0f,0.5167f,-0.8562f,0.0552f,0f,0f,0f,1f],start_interpolation: 0,interpolation_duration: 1}
$data merge entity $(bone_bone_overray) {transformation: [-1f,0f,0f,0f,0f,0.8716f,0.4902f,1.3811f,0f,0.4902f,-0.8716f,0.0552f,0f,0f,0f,1f],start_interpolation: 0,interpolation_duration: 1}
$data merge entity $(bone_bone) {transformation: [-1f,0f,0f,0f,0f,0.8716f,0.4902f,1.3811f,0f,0.4902f,-0.8716f,0.0552f,0f,0f,0f,1f],start_interpolation: 0,interpolation_duration: 1}
$data merge entity $(bone_left_arm1) {transformation: [-0.9621f,0.2728f,0f,0.25f,0.2687f,0.9474f,-0.1736f,1.3196f,-0.0474f,-0.1671f,-0.9848f,0.0444f,0f,0f,0f,1f],start_interpolation: 0,interpolation_duration: 1}
$data merge entity $(bone_right_arm1) {transformation: [-0.9621f,-0.2728f,0f,-0.25f,-0.2687f,0.9474f,-0.1736f,1.3196f,0.0474f,-0.1671f,-0.9848f,0.0444f,0f,0f,0f,1f],start_interpolation: 0,interpolation_duration: 1}
data modify entity @s data merge value {"cameras":{},"locators":{"mouse":{"posx":-3.9260950455393226e-17,"posy":1.3516954066955682,"posz":0.3205899895604858,"roty":0,"rotx":26.880000000000003},"left_arm":{"posx":0.12255121632072138,"posy":0.6513940540490608,"posz":0.16217635315062467,"roty":0,"rotx":-9.999999999999998},"right_arm":{"posx":-0.12255121632072138,"posy":0.6513940540490608,"posz":0.16217635315062467,"roty":0,"rotx":-9.999999999999998}}}