# This file was generated by Animated Java via MC-Build. It is not recommended to edit this file directly.
$data merge entity $(bone_eyes) {transformation: [-1f,0f,0f,-0.0156f,0f,0.9996f,-0.0285f,1.7319f,0f,-0.0285f,-0.9996f,0.2965f,0f,0f,0f,1f],start_interpolation: 0,interpolation_duration: 1}
$data merge entity $(bone_head) {transformation: [-1f,0f,0f,0f,0f,0.9996f,-0.0285f,1.3811f,0f,-0.0285f,-0.9996f,0.0552f,0f,0f,0f,1f],start_interpolation: 0,interpolation_duration: 1}
$data merge entity $(bone_fabric_overray) {transformation: [-1f,0f,0f,0f,0f,0.8128f,0.5825f,1.3811f,0f,0.5825f,-0.8128f,0.0552f,0f,0f,0f,1f],start_interpolation: 0,interpolation_duration: 1}
$data merge entity $(bone_fabric) {transformation: [-1f,0f,0f,0f,0f,0.8128f,0.5825f,1.3811f,0f,0.5825f,-0.8128f,0.0552f,0f,0f,0f,1f],start_interpolation: 0,interpolation_duration: 1}
$data merge entity $(bone_bone_overray) {transformation: [-1f,0f,0f,0f,0f,0.8798f,0.4754f,1.3811f,0f,0.4754f,-0.8798f,0.0552f,0f,0f,0f,1f],start_interpolation: 0,interpolation_duration: 1}
$data merge entity $(bone_bone) {transformation: [-1f,0f,0f,0f,0f,0.8798f,0.4754f,1.3811f,0f,0.4754f,-0.8798f,0.0552f,0f,0f,0f,1f],start_interpolation: 0,interpolation_duration: 1}
$data merge entity $(bone_left_arm1) {transformation: [-1f,0f,0f,0.25f,0f,0.9848f,0.1736f,1.3196f,0f,0.1736f,-0.9848f,0.0444f,0f,0f,0f,1f],start_interpolation: 0,interpolation_duration: 1}
$data merge entity $(bone_right_arm1) {transformation: [-1f,0f,0f,-0.25f,0f,0.9848f,0.1736f,1.3196f,0f,0.1736f,-0.9848f,0.0444f,0f,0f,0f,1f],start_interpolation: 0,interpolation_duration: 1}
data modify entity @s data merge value {"cameras":{},"locators":{"mouse":{"posx":-3.703779936209222e-17,"posy":1.481953533251264,"posz":0.30243658324897743,"roty":0,"rotx":-1.6357421875000022},"left_arm":{"posx":0.3125,"posy":0.6424996191613421,"posz":-0.075021562292545,"roty":0,"rotx":10.000000000000002},"right_arm":{"posx":-0.3125,"posy":0.6424996191613421,"posz":-0.07502156229254509,"roty":0,"rotx":10.000000000000002}}}