# This file was generated by Animated Java via MC-Build. It is not recommended to edit this file directly.
$data merge entity $(bone_eyes) {transformation: [-1f,0f,0f,-0.0156f,0f,0.9996f,-0.0269f,1.7315f,0f,-0.0269f,-0.9996f,0.2971f,0f,0f,0f,1f],start_interpolation: 0,interpolation_duration: 1}
$data merge entity $(bone_head) {transformation: [-1f,0f,0f,0f,0f,0.9996f,-0.0269f,1.3811f,0f,-0.0269f,-0.9996f,0.0552f,0f,0f,0f,1f],start_interpolation: 0,interpolation_duration: 1}
$data merge entity $(bone_fabric_overray) {transformation: [-1f,0f,0f,0f,0f,0.8293f,0.5588f,1.3811f,0f,0.5588f,-0.8293f,0.0552f,0f,0f,0f,1f],start_interpolation: 0,interpolation_duration: 1}
$data merge entity $(bone_fabric) {transformation: [-1f,0f,0f,0f,0f,0.8293f,0.5588f,1.3811f,0f,0.5588f,-0.8293f,0.0552f,0f,0f,0f,1f],start_interpolation: 0,interpolation_duration: 1}
$data merge entity $(bone_bone_overray) {transformation: [-1f,0f,0f,0f,0f,0.8974f,0.4412f,1.3811f,0f,0.4412f,-0.8974f,0.0552f,0f,0f,0f,1f],start_interpolation: 0,interpolation_duration: 1}
$data merge entity $(bone_bone) {transformation: [-1f,0f,0f,0f,0f,0.8974f,0.4412f,1.3811f,0f,0.4412f,-0.8974f,0.0552f,0f,0f,0f,1f],start_interpolation: 0,interpolation_duration: 1}
$data merge entity $(bone_left_arm1) {transformation: [-0.9997f,-0.0088f,-0.021f,0.25f,-0.0117f,0.9891f,0.1466f,1.3196f,0.0195f,0.1468f,-0.989f,0.0444f,0f,0f,0f,1f],start_interpolation: 0,interpolation_duration: 1}
$data merge entity $(bone_right_arm1) {transformation: [-0.9997f,0.0088f,0.021f,-0.25f,0.0117f,0.9891f,0.1466f,1.3196f,-0.0195f,0.1468f,-0.989f,0.0444f,0f,0f,0f,1f],start_interpolation: 0,interpolation_duration: 1}
data modify entity @s data merge value {"cameras":{},"locators":{"mouse":{"posx":-3.7058199587774037e-17,"posy":1.4815442046444,"posz":0.3026031637332119,"roty":0,"rotx":-1.5409088134765627},"left_arm":{"posx":0.3185013643712229,"posy":0.6402627336442281,"posz":-0.05777633101468191,"roty":358.78392320726743,"rotx":8.429048991546273},"right_arm":{"posx":-0.3185013643712229,"posy":0.6402627336442281,"posz":-0.05777633101468198,"roty":1.216076792732565,"rotx":8.429048991546273}}}