# This file was generated by Animated Java via MC-Build. It is not recommended to edit this file directly.
$data merge entity $(bone_eyes) {transformation: [-1f,0f,0f,-0.0156f,0f,0.9997f,-0.0252f,1.7311f,0f,-0.0252f,-0.9997f,0.2977f,0f,0f,0f,1f],start_interpolation: 0,interpolation_duration: 1}
$data merge entity $(bone_head) {transformation: [-1f,0f,0f,0f,0f,0.9997f,-0.0252f,1.3811f,0f,-0.0252f,-0.9997f,0.0552f,0f,0f,0f,1f],start_interpolation: 0,interpolation_duration: 1}
$data merge entity $(bone_fabric_overray) {transformation: [-1f,0f,0f,0f,0f,0.845f,0.5348f,1.3811f,0f,0.5348f,-0.845f,0.0552f,0f,0f,0f,1f],start_interpolation: 0,interpolation_duration: 1}
$data merge entity $(bone_fabric) {transformation: [-1f,0f,0f,0f,0f,0.845f,0.5348f,1.3811f,0f,0.5348f,-0.845f,0.0552f,0f,0f,0f,1f],start_interpolation: 0,interpolation_duration: 1}
$data merge entity $(bone_bone_overray) {transformation: [-1f,0f,0f,0f,0f,0.9121f,0.4099f,1.3811f,0f,0.4099f,-0.9121f,0.0552f,0f,0f,0f,1f],start_interpolation: 0,interpolation_duration: 1}
$data merge entity $(bone_bone) {transformation: [-1f,0f,0f,0f,0f,0.9121f,0.4099f,1.3811f,0f,0.4099f,-0.9121f,0.0552f,0f,0f,0f,1f],start_interpolation: 0,interpolation_duration: 1}
$data merge entity $(bone_left_arm1) {transformation: [-0.9994f,-0.0133f,-0.0307f,0.25f,-0.0178f,0.9882f,0.152f,1.3196f,0.0283f,0.1524f,-0.9879f,0.0444f,0f,0f,0f,1f],start_interpolation: 0,interpolation_duration: 1}
$data merge entity $(bone_right_arm1) {transformation: [-0.9994f,0.0133f,0.0307f,-0.25f,0.0178f,0.9882f,0.152f,1.3196f,-0.0283f,0.1524f,-0.9879f,0.0444f,0f,0f,0f,1f],start_interpolation: 0,interpolation_duration: 1}
data modify entity @s data merge value {"cameras":{},"locators":{"mouse":{"posx":-3.707881042122677e-17,"posy":1.4811286673556556,"posz":0.30277146396040455,"roty":0,"rotx":-1.4447021484375007},"left_arm":{"posx":0.3215778885407669,"posy":0.6412609916627228,"posz":-0.06220491154894017,"roty":358.2214400809253,"rotx":8.741266559415799},"right_arm":{"posx":-0.32157788854076685,"posy":0.6412609916627228,"posz":-0.06220491154894024,"roty":1.7785599190747519,"rotx":8.741266559415799}}}