# This file was generated by Animated Java via MC-Build. It is not recommended to edit this file directly.
$data merge entity $(bone_eyes) {transformation: [-1f,0f,0f,-0.0156f,0f,0.9997f,-0.0235f,1.7307f,0f,-0.0235f,-0.9997f,0.2983f,0f,0f,0f,1f],start_interpolation: 0,interpolation_duration: 1}
$data merge entity $(bone_head) {transformation: [-1f,0f,0f,0f,0f,0.9997f,-0.0235f,1.3811f,0f,-0.0235f,-0.9997f,0.0552f,0f,0f,0f,1f],start_interpolation: 0,interpolation_duration: 1}
$data merge entity $(bone_fabric_overray) {transformation: [-1f,0f,0f,0f,0f,0.8599f,0.5105f,1.3811f,0f,0.5105f,-0.8599f,0.0552f,0f,0f,0f,1f],start_interpolation: 0,interpolation_duration: 1}
$data merge entity $(bone_fabric) {transformation: [-1f,0f,0f,0f,0f,0.8599f,0.5105f,1.3811f,0f,0.5105f,-0.8599f,0.0552f,0f,0f,0f,1f],start_interpolation: 0,interpolation_duration: 1}
$data merge entity $(bone_bone_overray) {transformation: [-1f,0f,0f,0f,0f,0.9239f,0.3827f,1.3811f,0f,0.3827f,-0.9239f,0.0552f,0f,0f,0f,1f],start_interpolation: 0,interpolation_duration: 1}
$data merge entity $(bone_bone) {transformation: [-1f,0f,0f,0f,0f,0.9239f,0.3827f,1.3811f,0f,0.3827f,-0.9239f,0.0552f,0f,0f,0f,1f],start_interpolation: 0,interpolation_duration: 1}
$data merge entity $(bone_left_arm1) {transformation: [-0.9994f,-0.0136f,-0.0321f,0.25f,-0.0191f,0.9833f,0.1811f,1.3196f,0.0291f,0.1816f,-0.9829f,0.0444f,0f,0f,0f,1f],start_interpolation: 0,interpolation_duration: 1}
$data merge entity $(bone_right_arm1) {transformation: [-0.9994f,0.0136f,0.0321f,-0.25f,0.0191f,0.9833f,0.1811f,1.3196f,-0.0291f,0.1816f,-0.9829f,0.0444f,0f,0f,0f,1f],start_interpolation: 0,interpolation_duration: 1}
data modify entity @s data merge value {"cameras":{},"locators":{"mouse":{"posx":-3.7099530691167027e-17,"posy":1.4807088896619076,"posz":0.3029406578043332,"roty":0,"rotx":-1.3475799560546886},"left_arm":{"posx":0.32178002833980285,"posy":0.6447477854498949,"posz":-0.08230895396434408,"roty":358.13175268478454,"rotx":10.433901119140195},"right_arm":{"posx":-0.3217800283398028,"posy":0.6447477854498949,"posz":-0.08230895396434416,"roty":1.8682473152154557,"rotx":10.433901119140195}}}