# This file was generated by Animated Java via MC-Build. It is not recommended to edit this file directly.
$data merge entity $(bone_eyes) {transformation: [-1f,0f,0f,-0.0156f,0f,0.9998f,-0.0201f,1.7298f,0f,-0.0201f,-0.9998f,0.2995f,0f,0f,0f,1f],start_interpolation: 0,interpolation_duration: 1}
$data merge entity $(bone_head) {transformation: [-1f,0f,0f,0f,0f,0.9998f,-0.0201f,1.3811f,0f,-0.0201f,-0.9998f,0.0552f,0f,0f,0f,1f],start_interpolation: 0,interpolation_duration: 1}
$data merge entity $(bone_fabric_overray) {transformation: [-1f,0f,0f,0f,0f,0.8866f,0.4625f,1.3811f,0f,0.4625f,-0.8866f,0.0552f,0f,0f,0f,1f],start_interpolation: 0,interpolation_duration: 1}
$data merge entity $(bone_fabric) {transformation: [-1f,0f,0f,0f,0f,0.8866f,0.4625f,1.3811f,0f,0.4625f,-0.8866f,0.0552f,0f,0f,0f,1f],start_interpolation: 0,interpolation_duration: 1}
$data merge entity $(bone_bone_overray) {transformation: [-1f,0f,0f,0f,0f,0.9381f,0.3464f,1.3811f,0f,0.3464f,-0.9381f,0.0552f,0f,0f,0f,1f],start_interpolation: 0,interpolation_duration: 1}
$data merge entity $(bone_bone) {transformation: [-1f,0f,0f,0f,0f,0.9381f,0.3464f,1.3811f,0f,0.3464f,-0.9381f,0.0552f,0f,0f,0f,1f],start_interpolation: 0,interpolation_duration: 1}
$data merge entity $(bone_left_arm1) {transformation: [-0.9998f,-0.0073f,-0.0196f,0.25f,-0.0124f,0.9618f,0.2735f,1.3196f,0.0168f,0.2737f,-0.9617f,0.0444f,0f,0f,0f,1f],start_interpolation: 0,interpolation_duration: 1}
$data merge entity $(bone_right_arm1) {transformation: [-0.9998f,0.0073f,0.0196f,-0.25f,0.0124f,0.9618f,0.2735f,1.3196f,-0.0168f,0.2737f,-0.9617f,0.0444f,0f,0f,0f,1f],start_interpolation: 0,interpolation_duration: 1}
data modify entity @s data merge value {"cameras":{},"locators":{"mouse":{"posx":-3.714090291893863e-17,"posy":1.4798645130961834,"posz":0.30327848768148963,"roty":0,"rotx":-1.1524200439453136},"left_arm":{"posx":0.3174982777194728,"posy":0.6590908902320869,"posz":-0.14483069450393682,"roty":358.8338766267016,"rotx":15.871210469174603},"right_arm":{"posx":-0.31749827771947275,"posy":0.6590908902320869,"posz":-0.14483069450393687,"roty":1.166123373298376,"rotx":15.871210469174603}}}