# This file was generated by Animated Java via MC-Build. It is not recommended to edit this file directly.
$data merge entity $(bone_eyes) {transformation: [-1f,0f,0f,-0.0156f,0f,0.9998f,-0.0184f,1.7294f,0f,-0.0184f,-0.9998f,0.3001f,0f,0f,0f,1f],start_interpolation: 0,interpolation_duration: 1}
$data merge entity $(bone_head) {transformation: [-1f,0f,0f,0f,0f,0.9998f,-0.0184f,1.3811f,0f,-0.0184f,-0.9998f,0.0552f,0f,0f,0f,1f],start_interpolation: 0,interpolation_duration: 1}
$data merge entity $(bone_fabric_overray) {transformation: [-1f,0f,0f,0f,0f,0.8983f,0.4393f,1.3811f,0f,0.4393f,-0.8983f,0.0552f,0f,0f,0f,1f],start_interpolation: 0,interpolation_duration: 1}
$data merge entity $(bone_fabric) {transformation: [-1f,0f,0f,0f,0f,0.8983f,0.4393f,1.3811f,0f,0.4393f,-0.8983f,0.0552f,0f,0f,0f,1f],start_interpolation: 0,interpolation_duration: 1}
$data merge entity $(bone_bone_overray) {transformation: [-1f,0f,0f,0f,0f,0.9442f,0.3295f,1.3811f,0f,0.3295f,-0.9442f,0.0552f,0f,0f,0f,1f],start_interpolation: 0,interpolation_duration: 1}
$data merge entity $(bone_bone) {transformation: [-1f,0f,0f,0f,0f,0.9442f,0.3295f,1.3811f,0f,0.3295f,-0.9442f,0.0552f,0f,0f,0f,1f],start_interpolation: 0,interpolation_duration: 1}
$data merge entity $(bone_left_arm1) {transformation: [-0.9999f,-0.0037f,-0.0105f,0.25f,-0.0069f,0.948f,0.3183f,1.3196f,0.0088f,0.3184f,-0.9479f,0.0444f,0f,0f,0f,1f],start_interpolation: 0,interpolation_duration: 1}
$data merge entity $(bone_right_arm1) {transformation: [-0.9999f,0.0037f,0.0105f,-0.25f,0.0069f,0.948f,0.3183f,1.3196f,-0.0088f,0.3184f,-0.9479f,0.0444f,0f,0f,0f,1f],start_interpolation: 0,interpolation_duration: 1}
data modify entity @s data merge value {"cameras":{},"locators":{"mouse":{"posx":-3.716136067385266e-17,"posy":1.4794438777620975,"posz":0.3034455379275547,"roty":0,"rotx":-1.0552978515624998},"left_arm":{"posx":0.31503890984409705,"posy":0.6682642026607148,"posz":-0.17507591067920963,"roty":359.3647870202269,"rotx":18.562012398026788},"right_arm":{"posx":-0.315038909844097,"posy":0.6682642026607148,"posz":-0.1750759106792097,"roty":0.6352129797731436,"rotx":18.562012398026788}}}