# This file was generated by Animated Java via MC-Build. It is not recommended to edit this file directly.
$data merge entity $(bone_eyes) {transformation: [-1f,0f,0f,-0.0156f,0f,0.9999f,-0.0167f,1.729f,0f,-0.0167f,-0.9999f,0.3007f,0f,0f,0f,1f],start_interpolation: 0,interpolation_duration: 1}
$data merge entity $(bone_head) {transformation: [-1f,0f,0f,0f,0f,0.9999f,-0.0167f,1.3811f,0f,-0.0167f,-0.9999f,0.0552f,0f,0f,0f,1f],start_interpolation: 0,interpolation_duration: 1}
$data merge entity $(bone_fabric_overray) {transformation: [-1f,0f,0f,0f,0f,0.9089f,0.417f,1.3811f,0f,0.417f,-0.9089f,0.0552f,0f,0f,0f,1f],start_interpolation: 0,interpolation_duration: 1}
$data merge entity $(bone_fabric) {transformation: [-1f,0f,0f,0f,0f,0.9089f,0.417f,1.3811f,0f,0.417f,-0.9089f,0.0552f,0f,0f,0f,1f],start_interpolation: 0,interpolation_duration: 1}
$data merge entity $(bone_bone_overray) {transformation: [-1f,0f,0f,0f,0f,0.9496f,0.3134f,1.3811f,0f,0.3134f,-0.9496f,0.0552f,0f,0f,0f,1f],start_interpolation: 0,interpolation_duration: 1}
$data merge entity $(bone_bone) {transformation: [-1f,0f,0f,0f,0f,0.9496f,0.3134f,1.3811f,0f,0.3134f,-0.9496f,0.0552f,0f,0f,0f,1f],start_interpolation: 0,interpolation_duration: 1}
$data merge entity $(bone_left_arm1) {transformation: [-1f,-0.0011f,-0.0031f,0.25f,-0.0021f,0.9364f,0.3508f,1.3196f,0.0025f,0.3508f,-0.9364f,0.0444f,0f,0f,0f,1f],start_interpolation: 0,interpolation_duration: 1}
$data merge entity $(bone_right_arm1) {transformation: [-1f,0.0011f,0.0031f,-0.25f,0.0021f,0.9364f,0.3508f,1.3196f,-0.0025f,0.3508f,-0.9364f,0.0444f,0f,0f,0f,1f],start_interpolation: 0,interpolation_duration: 1}
data modify entity @s data merge value {"cameras":{},"locators":{"mouse":{"posx":-3.718153946499668e-17,"posy":1.479026928984964,"posz":0.30361031026157026,"roty":0,"rotx":-0.959091186523439},"left_arm":{"posx":0.31323264296412656,"posy":0.6758802165971938,"posz":-0.19698253323782733,"roty":359.8121761787629,"rotx":20.53711727156217},"right_arm":{"posx":-0.31323264296412645,"posy":0.6758802165971938,"posz":-0.19698253323782738,"roty":0.18782382123708885,"rotx":20.53711727156217}}}