# This file was generated by Animated Java via MC-Build. It is not recommended to edit this file directly.
$data merge entity $(bone_eyes) {transformation: [-1f,0f,0f,-0.0156f,0f,0.9999f,-0.0151f,1.7286f,0f,-0.0151f,-0.9999f,0.3013f,0f,0f,0f,1f],start_interpolation: 0,interpolation_duration: 1}
$data merge entity $(bone_head) {transformation: [-1f,0f,0f,0f,0f,0.9999f,-0.0151f,1.3811f,0f,-0.0151f,-0.9999f,0.0552f,0f,0f,0f,1f],start_interpolation: 0,interpolation_duration: 1}
$data merge entity $(bone_fabric_overray) {transformation: [-1f,0f,0f,0f,0f,0.9183f,0.3958f,1.3811f,0f,0.3958f,-0.9183f,0.0552f,0f,0f,0f,1f],start_interpolation: 0,interpolation_duration: 1}
$data merge entity $(bone_fabric) {transformation: [-1f,0f,0f,0f,0f,0.9183f,0.3958f,1.3811f,0f,0.3958f,-0.9183f,0.0552f,0f,0f,0f,1f],start_interpolation: 0,interpolation_duration: 1}
$data merge entity $(bone_bone_overray) {transformation: [-1f,0f,0f,0f,0f,0.9545f,0.2981f,1.3811f,0f,0.2981f,-0.9545f,0.0552f,0f,0f,0f,1f],start_interpolation: 0,interpolation_duration: 1}
$data merge entity $(bone_bone) {transformation: [-1f,0f,0f,0f,0f,0.9545f,0.2981f,1.3811f,0f,0.2981f,-0.9545f,0.0552f,0f,0f,0f,1f],start_interpolation: 0,interpolation_duration: 1}
$data merge entity $(bone_left_arm1) {transformation: [-1f,0f,0f,0.25f,0f,0.9318f,0.3629f,1.3196f,0f,0.3629f,-0.9318f,0.0444f,0f,0f,0f,1f],start_interpolation: 0,interpolation_duration: 1}
$data merge entity $(bone_right_arm1) {transformation: [-1f,0f,0f,-0.25f,0f,0.9318f,0.3629f,1.3196f,0f,0.3629f,-0.9318f,0.0444f,0f,0f,0f,1f],start_interpolation: 0,interpolation_duration: 1}
data modify entity @s data merge value {"cameras":{},"locators":{"mouse":{"posx":-3.7201346277284416e-17,"posy":1.4786156616880715,"posz":0.3037720451577176,"roty":0,"rotx":-0.8642578124999979},"left_arm":{"posx":0.3125,"posy":0.6789300953804541,"posz":-0.20515005604292086,"roty":0,"rotx":21.279999999999994},"right_arm":{"posx":-0.3125,"posy":0.6789300953804541,"posz":-0.20515005604292091,"roty":0,"rotx":21.279999999999994}}}