# This file was generated by Animated Java via MC-Build. It is not recommended to edit this file directly.
$data merge entity $(bone_eyes) {transformation: [-1f,0f,0f,-0.0156f,0f,0.9999f,-0.0135f,1.7282f,0f,-0.0135f,-0.9999f,0.3018f,0f,0f,0f,1f],start_interpolation: 0,interpolation_duration: 1}
$data merge entity $(bone_head) {transformation: [-1f,0f,0f,0f,0f,0.9999f,-0.0135f,1.3811f,0f,-0.0135f,-0.9999f,0.0552f,0f,0f,0f,1f],start_interpolation: 0,interpolation_duration: 1}
$data merge entity $(bone_fabric_overray) {transformation: [-1f,0f,0f,0f,0f,0.9266f,0.376f,1.3811f,0f,0.376f,-0.9266f,0.0552f,0f,0f,0f,1f],start_interpolation: 0,interpolation_duration: 1}
$data merge entity $(bone_fabric) {transformation: [-1f,0f,0f,0f,0f,0.9266f,0.376f,1.3811f,0f,0.376f,-0.9266f,0.0552f,0f,0f,0f,1f],start_interpolation: 0,interpolation_duration: 1}
$data merge entity $(bone_bone_overray) {transformation: [-1f,0f,0f,0f,0f,0.9589f,0.2836f,1.3811f,0f,0.2836f,-0.9589f,0.0552f,0f,0f,0f,1f],start_interpolation: 0,interpolation_duration: 1}
$data merge entity $(bone_bone) {transformation: [-1f,0f,0f,0f,0f,0.9589f,0.2836f,1.3811f,0f,0.2836f,-0.9589f,0.0552f,0f,0f,0f,1f],start_interpolation: 0,interpolation_duration: 1}
$data merge entity $(bone_left_arm1) {transformation: [-1f,0f,0f,0.25f,0f,0.9299f,0.3679f,1.3196f,0f,0.3679f,-0.9299f,0.0444f,0f,0f,0f,1f],start_interpolation: 0,interpolation_duration: 1}
$data merge entity $(bone_right_arm1) {transformation: [-1f,0f,0f,-0.25f,0f,0.9299f,0.3679f,1.3196f,0f,0.3679f,-0.9299f,0.0444f,0f,0f,0f,1f],start_interpolation: 0,interpolation_duration: 1}
data modify entity @s data merge value {"cameras":{},"locators":{"mouse":{"posx":-3.722068966696657e-17,"posy":1.4782120757388757,"posz":0.30392999592111836,"roty":0,"rotx":-0.771255493164062},"left_arm":{"posx":0.3125,"posy":0.6802612488284676,"posz":-0.20854121684982085,"roty":0,"rotx":21.583611111111104},"right_arm":{"posx":-0.3125,"posy":0.6802612488284676,"posz":-0.2085412168498209,"roty":0,"rotx":21.583611111111104}}}