# This file was generated by Animated Java via MC-Build. It is not recommended to edit this file directly.
$data merge entity $(bone_eyes) {transformation: [-1f,0f,0f,-0.0156f,0f,0.8489f,0.5285f,1.5402f,0f,0.5285f,-0.8489f,0.4502f,0f,0f,0f,1f],start_interpolation: 0,interpolation_duration: 1}
$data merge entity $(bone_head) {transformation: [-1f,0f,0f,0f,0f,0.8489f,0.5285f,1.3811f,0f,0.5285f,-0.8489f,0.0552f,0f,0f,0f,1f],start_interpolation: 0,interpolation_duration: 1}
$data merge entity $(bone_fabric_overray) {transformation: [-1f,0f,0f,0f,0f,0.8214f,0.5703f,1.3811f,0f,0.5703f,-0.8214f,0.0552f,0f,0f,0f,1f],start_interpolation: 0,interpolation_duration: 1}
$data merge entity $(bone_fabric) {transformation: [-1f,0f,0f,0f,0f,0.8214f,0.5703f,1.3811f,0f,0.5703f,-0.8214f,0.0552f,0f,0f,0f,1f],start_interpolation: 0,interpolation_duration: 1}
$data merge entity $(bone_bone_overray) {transformation: [-1f,0f,0f,0f,0f,0.8414f,0.5404f,1.3811f,0f,0.5404f,-0.8414f,0.0552f,0f,0f,0f,1f],start_interpolation: 0,interpolation_duration: 1}
$data merge entity $(bone_bone) {transformation: [-1f,0f,0f,0f,0f,0.8414f,0.5404f,1.3811f,0f,0.5404f,-0.8414f,0.0552f,0f,0f,0f,1f],start_interpolation: 0,interpolation_duration: 1}
$data merge entity $(bone_left_arm1) {transformation: [-0.9479f,0.3186f,0f,0.25f,0.31f,0.9223f,-0.2306f,1.3196f,-0.0735f,-0.2186f,-0.973f,0.0444f,0f,0f,0f,1f],start_interpolation: 0,interpolation_duration: 1}
$data merge entity $(bone_right_arm1) {transformation: [-0.9479f,-0.3186f,0f,-0.25f,-0.31f,0.9223f,-0.2306f,1.3196f,0.0735f,-0.2186f,-0.973f,0.0444f,0f,0f,0f,1f],start_interpolation: 0,interpolation_duration: 1}
data modify entity @s data merge value {"cameras":{},"locators":{"mouse":{"posx":-3.882084979455066e-17,"posy":1.3285755235226293,"posz":0.316996294944626,"roty":0,"rotx":31.90250000000001},"left_arm":{"posx":0.0901825227831938,"posy":0.6660766220853006,"posz":0.1992387685122326,"roty":0,"rotx":-13.33333333333333},"right_arm":{"posx":-0.0901825227831938,"posy":0.6660766220853006,"posz":0.19923876851223254,"roty":0,"rotx":-13.33333333333333}}}