# This file was generated by Animated Java via MC-Build. It is not recommended to edit this file directly.
$data merge entity $(bone_eyes) {transformation: [-1f,0f,0f,-0.0156f,0f,0.9999f,-0.0119f,1.7278f,0f,-0.0119f,-0.9999f,0.3024f,0f,0f,0f,1f],start_interpolation: 0,interpolation_duration: 1}
$data merge entity $(bone_head) {transformation: [-1f,0f,0f,0f,0f,0.9999f,-0.0119f,1.3811f,0f,-0.0119f,-0.9999f,0.0552f,0f,0f,0f,1f],start_interpolation: 0,interpolation_duration: 1}
$data merge entity $(bone_fabric_overray) {transformation: [-1f,0f,0f,0f,0f,0.9337f,0.358f,1.3811f,0f,0.358f,-0.9337f,0.0552f,0f,0f,0f,1f],start_interpolation: 0,interpolation_duration: 1}
$data merge entity $(bone_fabric) {transformation: [-1f,0f,0f,0f,0f,0.9337f,0.358f,1.3811f,0f,0.358f,-0.9337f,0.0552f,0f,0f,0f,1f],start_interpolation: 0,interpolation_duration: 1}
$data merge entity $(bone_bone_overray) {transformation: [-1f,0f,0f,0f,0f,0.9629f,0.2699f,1.3811f,0f,0.2699f,-0.9629f,0.0552f,0f,0f,0f,1f],start_interpolation: 0,interpolation_duration: 1}
$data merge entity $(bone_bone) {transformation: [-1f,0f,0f,0f,0f,0.9629f,0.2699f,1.3811f,0f,0.2699f,-0.9629f,0.0552f,0f,0f,0f,1f],start_interpolation: 0,interpolation_duration: 1}
$data merge entity $(bone_left_arm1) {transformation: [-1f,0f,0f,0.25f,0f,0.9311f,0.3647f,1.3196f,0f,0.3647f,-0.9311f,0.0444f,0f,0f,0f,1f],start_interpolation: 0,interpolation_duration: 1}
$data merge entity $(bone_right_arm1) {transformation: [-1f,0f,0f,-0.25f,0f,0.9311f,0.3647f,1.3196f,0f,0.3647f,-0.9311f,0.0444f,0f,0f,0f,1f],start_interpolation: 0,interpolation_duration: 1}
data modify entity @s data merge value {"cameras":{},"locators":{"mouse":{"posx":-3.723947969598093e-17,"posy":1.4778181756813338,"posz":0.3040834281517618,"roty":0,"rotx":-0.6805419921875032},"left_arm":{"posx":0.3125,"posy":0.6794054412425514,"posz":-0.20636709279821347,"roty":0,"rotx":21.388888888888886},"right_arm":{"posx":-0.3125,"posy":0.6794054412425514,"posz":-0.20636709279821353,"roty":0,"rotx":21.388888888888886}}}