# This file was generated by Animated Java via MC-Build. It is not recommended to edit this file directly.
$data merge entity $(bone_eyes) {transformation: [-1f,0f,0f,-0.0156f,0f,1f,-0.0089f,1.7271f,0f,-0.0089f,-1f,0.3034f,0f,0f,0f,1f],start_interpolation: 0,interpolation_duration: 1}
$data merge entity $(bone_head) {transformation: [-1f,0f,0f,0f,0f,1f,-0.0089f,1.3811f,0f,-0.0089f,-1f,0.0552f,0f,0f,0f,1f],start_interpolation: 0,interpolation_duration: 1}
$data merge entity $(bone_fabric_overray) {transformation: [-1f,0f,0f,0f,0f,0.9513f,0.3083f,1.3811f,0f,0.3083f,-0.9513f,0.0552f,0f,0f,0f,1f],start_interpolation: 0,interpolation_duration: 1}
$data merge entity $(bone_fabric) {transformation: [-1f,0f,0f,0f,0f,0.9513f,0.3083f,1.3811f,0f,0.3083f,-0.9513f,0.0552f,0f,0f,0f,1f],start_interpolation: 0,interpolation_duration: 1}
$data merge entity $(bone_bone_overray) {transformation: [-1f,0f,0f,0f,0f,0.9695f,0.2449f,1.3811f,0f,0.2449f,-0.9695f,0.0552f,0f,0f,0f,1f],start_interpolation: 0,interpolation_duration: 1}
$data merge entity $(bone_bone) {transformation: [-1f,0f,0f,0f,0f,0.9695f,0.2449f,1.3811f,0f,0.2449f,-0.9695f,0.0552f,0f,0f,0f,1f],start_interpolation: 0,interpolation_duration: 1}
$data merge entity $(bone_left_arm1) {transformation: [-1f,0f,0f,0.25f,0f,0.9407f,0.3392f,1.3196f,0f,0.3392f,-0.9407f,0.0444f,0f,0f,0f,1f],start_interpolation: 0,interpolation_duration: 1}
$data merge entity $(bone_right_arm1) {transformation: [-1f,0f,0f,-0.25f,0f,0.9407f,0.3392f,1.3196f,0f,0.3392f,-0.9407f,0.0444f,0f,0f,0f,1f],start_interpolation: 0,interpolation_duration: 1}
data modify entity @s data merge value {"cameras":{},"locators":{"mouse":{"posx":-3.727504691604381e-17,"posy":1.477067472801641,"posz":0.30437385654374927,"roty":0,"rotx":-0.5078125000000032},"left_arm":{"posx":0.3125,"posy":0.672825969133389,"posz":-0.18887196290564007,"roty":0,"rotx":19.831111111111117},"right_arm":{"posx":-0.3125,"posy":0.672825969133389,"posz":-0.18887196290564012,"roty":0,"rotx":19.831111111111117}}}