# This file was generated by Animated Java via MC-Build. It is not recommended to edit this file directly.
$data merge entity $(bone_eyes) {transformation: [-1f,0f,0f,-0.0156f,0f,1f,-0.0074f,1.7267f,0f,-0.0074f,-1f,0.3039f,0f,0f,0f,1f],start_interpolation: 0,interpolation_duration: 1}
$data merge entity $(bone_head) {transformation: [-1f,0f,0f,0f,0f,1f,-0.0074f,1.3811f,0f,-0.0074f,-1f,0.0552f,0f,0f,0f,1f],start_interpolation: 0,interpolation_duration: 1}
$data merge entity $(bone_fabric_overray) {transformation: [-1f,0f,0f,0f,0f,0.9601f,0.2797f,1.3811f,0f,0.2797f,-0.9601f,0.0552f,0f,0f,0f,1f],start_interpolation: 0,interpolation_duration: 1}
$data merge entity $(bone_fabric) {transformation: [-1f,0f,0f,0f,0f,0.9601f,0.2797f,1.3811f,0f,0.2797f,-0.9601f,0.0552f,0f,0f,0f,1f],start_interpolation: 0,interpolation_duration: 1}
$data merge entity $(bone_bone_overray) {transformation: [-1f,0f,0f,0f,0f,0.9723f,0.2336f,1.3811f,0f,0.2336f,-0.9723f,0.0552f,0f,0f,0f,1f],start_interpolation: 0,interpolation_duration: 1}
$data merge entity $(bone_bone) {transformation: [-1f,0f,0f,0f,0f,0.9723f,0.2336f,1.3811f,0f,0.2336f,-0.9723f,0.0552f,0f,0f,0f,1f],start_interpolation: 0,interpolation_duration: 1}
$data merge entity $(bone_left_arm1) {transformation: [-1f,0f,0f,0.25f,0f,0.9476f,0.3195f,1.3196f,0f,0.3195f,-0.9476f,0.0444f,0f,0f,0f,1f],start_interpolation: 0,interpolation_duration: 1}
$data merge entity $(bone_right_arm1) {transformation: [-1f,0f,0f,-0.25f,0f,0.9476f,0.3195f,1.3196f,0f,0.3195f,-0.9476f,0.0444f,0f,0f,0f,1f],start_interpolation: 0,interpolation_duration: 1}
data modify entity @s data merge value {"cameras":{},"locators":{"mouse":{"posx":-3.729165089179045e-17,"posy":1.4767146992630698,"posz":0.3045094382948157,"roty":0,"rotx":-0.426712036132814},"left_arm":{"posx":0.3125,"posy":0.6680843979657409,"posz":-0.17527989950623873,"roty":0,"rotx":18.631388888888896},"right_arm":{"posx":-0.3125,"posy":0.6680843979657409,"posz":-0.1752798995062388,"roty":0,"rotx":18.631388888888896}}}