# This file was generated by Animated Java via MC-Build. It is not recommended to edit this file directly.
$data merge entity $(bone_eyes) {transformation: [-1f,0f,0f,-0.0156f,0f,1f,-0.0061f,1.7264f,0f,-0.0061f,-1f,0.3044f,0f,0f,0f,1f],start_interpolation: 0,interpolation_duration: 1}
$data merge entity $(bone_head) {transformation: [-1f,0f,0f,0f,0f,1f,-0.0061f,1.3811f,0f,-0.0061f,-1f,0.0552f,0f,0f,0f,1f],start_interpolation: 0,interpolation_duration: 1}
$data merge entity $(bone_fabric_overray) {transformation: [-1f,0f,0f,0f,0f,0.9668f,0.2557f,1.3811f,0f,0.2557f,-0.9668f,0.0552f,0f,0f,0f,1f],start_interpolation: 0,interpolation_duration: 1}
$data merge entity $(bone_fabric) {transformation: [-1f,0f,0f,0f,0f,0.9668f,0.2557f,1.3811f,0f,0.2557f,-0.9668f,0.0552f,0f,0f,0f,1f],start_interpolation: 0,interpolation_duration: 1}
$data merge entity $(bone_bone_overray) {transformation: [-1f,0f,0f,0f,0f,0.9748f,0.223f,1.3811f,0f,0.223f,-0.9748f,0.0552f,0f,0f,0f,1f],start_interpolation: 0,interpolation_duration: 1}
$data merge entity $(bone_bone) {transformation: [-1f,0f,0f,0f,0f,0.9748f,0.223f,1.3811f,0f,0.223f,-0.9748f,0.0552f,0f,0f,0f,1f],start_interpolation: 0,interpolation_duration: 1}
$data merge entity $(bone_left_arm1) {transformation: [-1f,0f,0f,0.25f,0f,0.955f,0.2967f,1.3196f,0f,0.2967f,-0.955f,0.0444f,0f,0f,0f,1f],start_interpolation: 0,interpolation_duration: 1}
$data merge entity $(bone_right_arm1) {transformation: [-1f,0f,0f,-0.25f,0f,0.955f,0.2967f,1.3196f,0f,0.2967f,-0.955f,0.0444f,0f,0f,0f,1f],start_interpolation: 0,interpolation_duration: 1}
data modify entity @s data merge value {"cameras":{},"locators":{"mouse":{"posx":-3.7307354806216286e-17,"posy":1.4763796692674604,"posz":0.30463767048745094,"roty":0,"rotx":-0.3497314453125},"left_arm":{"posx":0.3125,"posy":0.6630143299775764,"posz":-0.15962536400336458,"roty":0,"rotx":17.25999999999999},"right_arm":{"posx":-0.3125,"posy":0.6630143299775764,"posz":-0.15962536400336463,"roty":0,"rotx":17.25999999999999}}}