# This file was generated by Animated Java via MC-Build. It is not recommended to edit this file directly.
$data merge entity $(bone_eyes) {transformation: [-1f,0f,0f,-0.0156f,0f,1f,-0.0048f,1.7261f,0f,-0.0048f,-1f,0.3048f,0f,0f,0f,1f],start_interpolation: 0,interpolation_duration: 1}
$data merge entity $(bone_head) {transformation: [-1f,0f,0f,0f,0f,1f,-0.0048f,1.3811f,0f,-0.0048f,-1f,0.0552f,0f,0f,0f,1f],start_interpolation: 0,interpolation_duration: 1}
$data merge entity $(bone_fabric_overray) {transformation: [-1f,0f,0f,0f,0f,0.9718f,0.2357f,1.3811f,0f,0.2357f,-0.9718f,0.0552f,0f,0f,0f,1f],start_interpolation: 0,interpolation_duration: 1}
$data merge entity $(bone_fabric) {transformation: [-1f,0f,0f,0f,0f,0.9718f,0.2357f,1.3811f,0f,0.2357f,-0.9718f,0.0552f,0f,0f,0f,1f],start_interpolation: 0,interpolation_duration: 1}
$data merge entity $(bone_bone_overray) {transformation: [-1f,0f,0f,0f,0f,0.977f,0.2131f,1.3811f,0f,0.2131f,-0.977f,0.0552f,0f,0f,0f,1f],start_interpolation: 0,interpolation_duration: 1}
$data merge entity $(bone_bone) {transformation: [-1f,0f,0f,0f,0f,0.977f,0.2131f,1.3811f,0f,0.2131f,-0.977f,0.0552f,0f,0f,0f,1f],start_interpolation: 0,interpolation_duration: 1}
$data merge entity $(bone_left_arm1) {transformation: [-1f,0f,0f,0.25f,0f,0.9622f,0.2723f,1.3196f,0f,0.2723f,-0.9622f,0.0444f,0f,0f,0f,1f],start_interpolation: 0,interpolation_duration: 1}
$data merge entity $(bone_right_arm1) {transformation: [-1f,0f,0f,-0.25f,0f,0.9622f,0.2723f,1.3196f,0f,0.2723f,-0.9622f,0.0444f,0f,0f,0f,1f],start_interpolation: 0,interpolation_duration: 1}
data modify entity @s data merge value {"cameras":{},"locators":{"mouse":{"posx":-3.732207457184921e-17,"posy":1.476064404808937,"posz":0.3047578664953381,"roty":0,"rotx":-0.2773284912109363},"left_arm":{"posx":0.3125,"posy":0.6580255413218444,"posz":-0.1428150741165467,"roty":0,"rotx":15.79861111111111},"right_arm":{"posx":-0.3125,"posy":0.6580255413218444,"posz":-0.14281507411654676,"roty":0,"rotx":15.79861111111111}}}