# This file was generated by Animated Java via MC-Build. It is not recommended to edit this file directly.
$data merge entity $(bone_eyes) {transformation: [-1f,0f,0f,-0.0156f,0f,1f,-0.0037f,1.7258f,0f,-0.0037f,-1f,0.3052f,0f,0f,0f,1f],start_interpolation: 0,interpolation_duration: 1}
$data merge entity $(bone_head) {transformation: [-1f,0f,0f,0f,0f,1f,-0.0037f,1.3811f,0f,-0.0037f,-1f,0.0552f,0f,0f,0f,1f],start_interpolation: 0,interpolation_duration: 1}
$data merge entity $(bone_fabric_overray) {transformation: [-1f,0f,0f,0f,0f,0.9757f,0.2192f,1.3811f,0f,0.2192f,-0.9757f,0.0552f,0f,0f,0f,1f],start_interpolation: 0,interpolation_duration: 1}
$data merge entity $(bone_fabric) {transformation: [-1f,0f,0f,0f,0f,0.9757f,0.2192f,1.3811f,0f,0.2192f,-0.9757f,0.0552f,0f,0f,0f,1f],start_interpolation: 0,interpolation_duration: 1}
$data merge entity $(bone_bone_overray) {transformation: [-1f,0f,0f,0f,0f,0.979f,0.2039f,1.3811f,0f,0.2039f,-0.979f,0.0552f,0f,0f,0f,1f],start_interpolation: 0,interpolation_duration: 1}
$data merge entity $(bone_bone) {transformation: [-1f,0f,0f,0f,0f,0.979f,0.2039f,1.3811f,0f,0.2039f,-0.979f,0.0552f,0f,0f,0f,1f],start_interpolation: 0,interpolation_duration: 1}
$data merge entity $(bone_left_arm1) {transformation: [-1f,0f,0f,0.25f,0f,0.9689f,0.2475f,1.3196f,0f,0.2475f,-0.9689f,0.0444f,0f,0f,0f,1f],start_interpolation: 0,interpolation_duration: 1}
$data merge entity $(bone_right_arm1) {transformation: [-1f,0f,0f,-0.25f,0f,0.9689f,0.2475f,1.3196f,0f,0.2475f,-0.9689f,0.0444f,0f,0f,0f,1f],start_interpolation: 0,interpolation_duration: 1}
data modify entity @s data merge value {"cameras":{},"locators":{"mouse":{"posx":-3.7335726796420344e-17,"posy":1.4757709298187212,"posz":0.3048693453689255,"roty":0,"rotx":-0.20996093750000297},"left_arm":{"posx":0.3125,"posy":0.6534423388710774,"posz":-0.12578614113398512,"roty":0,"rotx":14.328888888888883},"right_arm":{"posx":-0.3125,"posy":0.6534423388710774,"posz":-0.12578614113398517,"roty":0,"rotx":14.328888888888883}}}