# This file was generated by Animated Java via MC-Build. It is not recommended to edit this file directly.
$data merge entity $(bone_eyes) {transformation: [-1f,0f,0f,-0.0156f,0f,1f,-0.0026f,1.7255f,0f,-0.0026f,-1f,0.3056f,0f,0f,0f,1f],start_interpolation: 0,interpolation_duration: 1}
$data merge entity $(bone_head) {transformation: [-1f,0f,0f,0f,0f,1f,-0.0026f,1.3811f,0f,-0.0026f,-1f,0.0552f,0f,0f,0f,1f],start_interpolation: 0,interpolation_duration: 1}
$data merge entity $(bone_fabric_overray) {transformation: [-1f,0f,0f,0f,0f,0.9787f,0.2054f,1.3811f,0f,0.2054f,-0.9787f,0.0552f,0f,0f,0f,1f],start_interpolation: 0,interpolation_duration: 1}
$data merge entity $(bone_fabric) {transformation: [-1f,0f,0f,0f,0f,0.9787f,0.2054f,1.3811f,0f,0.2054f,-0.9787f,0.0552f,0f,0f,0f,1f],start_interpolation: 0,interpolation_duration: 1}
$data merge entity $(bone_bone_overray) {transformation: [-1f,0f,0f,0f,0f,0.9807f,0.1954f,1.3811f,0f,0.1954f,-0.9807f,0.0552f,0f,0f,0f,1f],start_interpolation: 0,interpolation_duration: 1}
$data merge entity $(bone_bone) {transformation: [-1f,0f,0f,0f,0f,0.9807f,0.1954f,1.3811f,0f,0.1954f,-0.9807f,0.0552f,0f,0f,0f,1f],start_interpolation: 0,interpolation_duration: 1}
$data merge entity $(bone_left_arm1) {transformation: [-1f,0f,0f,0.25f,0f,0.9746f,0.2238f,1.3196f,0f,0.2238f,-0.9746f,0.0444f,0f,0f,0f,1f],start_interpolation: 0,interpolation_duration: 1}
$data merge entity $(bone_right_arm1) {transformation: [-1f,0f,0f,-0.25f,0f,0.9746f,0.2238f,1.3196f,0f,0.2238f,-0.9746f,0.0444f,0f,0f,0f,1f],start_interpolation: 0,interpolation_duration: 1}
data modify entity @s data merge value {"cameras":{},"locators":{"mouse":{"posx":-3.734822857796973e-17,"posy":1.4755012695289147,"posz":0.30497143016233763,"roty":0,"rotx":-0.14808654785156258},"left_arm":{"posx":0.3125,"posy":0.6494937974522298,"posz":-0.10950299976874274,"roty":0,"rotx":12.93249999999999},"right_arm":{"posx":-0.3125,"posy":0.6494937974522298,"posz":-0.1095029997687428,"roty":0,"rotx":12.93249999999999}}}