# This file was generated by Animated Java via MC-Build. It is not recommended to edit this file directly.
$data merge entity $(bone_eyes) {transformation: [-1f,0f,0f,-0.0156f,0f,1f,-0.0016f,1.7253f,0f,-0.0016f,-1f,0.3059f,0f,0f,0f,1f],start_interpolation: 0,interpolation_duration: 1}
$data merge entity $(bone_head) {transformation: [-1f,0f,0f,0f,0f,1f,-0.0016f,1.3811f,0f,-0.0016f,-1f,0.0552f,0f,0f,0f,1f],start_interpolation: 0,interpolation_duration: 1}
$data merge entity $(bone_fabric_overray) {transformation: [-1f,0f,0f,0f,0f,0.9811f,0.1937f,1.3811f,0f,0.1937f,-0.9811f,0.0552f,0f,0f,0f,1f],start_interpolation: 0,interpolation_duration: 1}
$data merge entity $(bone_fabric) {transformation: [-1f,0f,0f,0f,0f,0.9811f,0.1937f,1.3811f,0f,0.1937f,-0.9811f,0.0552f,0f,0f,0f,1f],start_interpolation: 0,interpolation_duration: 1}
$data merge entity $(bone_bone_overray) {transformation: [-1f,0f,0f,0f,0f,0.9823f,0.1875f,1.3811f,0f,0.1875f,-0.9823f,0.0552f,0f,0f,0f,1f],start_interpolation: 0,interpolation_duration: 1}
$data merge entity $(bone_bone) {transformation: [-1f,0f,0f,0f,0f,0.9823f,0.1875f,1.3811f,0f,0.1875f,-0.9823f,0.0552f,0f,0f,0f,1f],start_interpolation: 0,interpolation_duration: 1}
$data merge entity $(bone_left_arm1) {transformation: [-1f,0f,0f,0.25f,0f,0.9793f,0.2026f,1.3196f,0f,0.2026f,-0.9793f,0.0444f,0f,0f,0f,1f],start_interpolation: 0,interpolation_duration: 1}
$data merge entity $(bone_right_arm1) {transformation: [-1f,0f,0f,-0.25f,0f,0.9793f,0.2026f,1.3196f,0f,0.2026f,-0.9793f,0.0444f,0f,0f,0f,1f],start_interpolation: 0,interpolation_duration: 1}
data modify entity @s data merge value {"cameras":{},"locators":{"mouse":{"posx":-3.7359497279976336e-17,"posy":1.4752574497858881,"posz":0.3050634460971724,"roty":0,"rotx":-0.09216308593749858},"left_arm":{"posx":0.3125,"posy":0.6463176460643845,"posz":-0.09495026109138126,"roty":0,"rotx":11.69111111111111},"right_arm":{"posx":-0.3125,"posy":0.6463176460643845,"posz":-0.09495026109138131,"roty":0,"rotx":11.69111111111111}}}