# This file was generated by Animated Java via MC-Build. It is not recommended to edit this file directly.
$data merge entity $(bone_eyes) {transformation: [-1f,0f,0f,-0.0156f,0f,1f,-0.0007f,1.725f,0f,-0.0007f,-1f,0.3062f,0f,0f,0f,1f],start_interpolation: 0,interpolation_duration: 1}
$data merge entity $(bone_head) {transformation: [-1f,0f,0f,0f,0f,1f,-0.0007f,1.3811f,0f,-0.0007f,-1f,0.0552f,0f,0f,0f,1f],start_interpolation: 0,interpolation_duration: 1}
$data merge entity $(bone_fabric_overray) {transformation: [-1f,0f,0f,0f,0f,0.9831f,0.1833f,1.3811f,0f,0.1833f,-0.9831f,0.0552f,0f,0f,0f,1f],start_interpolation: 0,interpolation_duration: 1}
$data merge entity $(bone_fabric) {transformation: [-1f,0f,0f,0f,0f,0.9831f,0.1833f,1.3811f,0f,0.1833f,-0.9831f,0.0552f,0f,0f,0f,1f],start_interpolation: 0,interpolation_duration: 1}
$data merge entity $(bone_bone_overray) {transformation: [-1f,0f,0f,0f,0f,0.9836f,0.1803f,1.3811f,0f,0.1803f,-0.9836f,0.0552f,0f,0f,0f,1f],start_interpolation: 0,interpolation_duration: 1}
$data merge entity $(bone_bone) {transformation: [-1f,0f,0f,0f,0f,0.9836f,0.1803f,1.3811f,0f,0.1803f,-0.9836f,0.0552f,0f,0f,0f,1f],start_interpolation: 0,interpolation_duration: 1}
$data merge entity $(bone_left_arm1) {transformation: [-1f,0f,0f,0.25f,0f,0.9827f,0.1854f,1.3196f,0f,0.1854f,-0.9827f,0.0444f,0f,0f,0f,1f],start_interpolation: 0,interpolation_duration: 1}
$data merge entity $(bone_right_arm1) {transformation: [-1f,0f,0f,-0.25f,0f,0.9827f,0.1854f,1.3196f,0f,0.1854f,-0.9827f,0.0444f,0f,0f,0f,1f],start_interpolation: 0,interpolation_duration: 1}
data modify entity @s data merge value {"cameras":{},"locators":{"mouse":{"posx":-3.736945028653757e-17,"posy":1.4750414963128202,"posz":0.30514471856339026,"roty":0,"rotx":-0.042648315429687174},"left_arm":{"posx":0.3125,"posy":0.6439783474253916,"posz":-0.0831237527210515,"roty":0,"rotx":10.686388888888885},"right_arm":{"posx":-0.3125,"posy":0.6439783474253916,"posz":-0.08312375272105156,"roty":0,"rotx":10.686388888888885}}}