# This file was generated by Animated Java via MC-Build. It is not recommended to edit this file directly.
$data merge entity $(bone_eyes) {transformation: [-1f,0f,0f,-0.0156f,0f,0.8053f,0.5929f,1.509f,0f,0.5929f,-0.8053f,0.4613f,0f,0f,0f,1f],start_interpolation: 0,interpolation_duration: 1}
$data merge entity $(bone_head) {transformation: [-1f,0f,0f,0f,0f,0.8053f,0.5929f,1.3811f,0f,0.5929f,-0.8053f,0.0552f,0f,0f,0f,1f],start_interpolation: 0,interpolation_duration: 1}
$data merge entity $(bone_fabric_overray) {transformation: [-1f,0f,0f,0f,0f,0.79f,0.6132f,1.3811f,0f,0.6132f,-0.79f,0.0552f,0f,0f,0f,1f],start_interpolation: 0,interpolation_duration: 1}
$data merge entity $(bone_fabric) {transformation: [-1f,0f,0f,0f,0f,0.79f,0.6132f,1.3811f,0f,0.6132f,-0.79f,0.0552f,0f,0f,0f,1f],start_interpolation: 0,interpolation_duration: 1}
$data merge entity $(bone_bone_overray) {transformation: [-1f,0f,0f,0f,0f,0.8141f,0.5807f,1.3811f,0f,0.5807f,-0.8141f,0.0552f,0f,0f,0f,1f],start_interpolation: 0,interpolation_duration: 1}
$data merge entity $(bone_bone) {transformation: [-1f,0f,0f,0f,0f,0.8141f,0.5807f,1.3811f,0f,0.5807f,-0.8141f,0.0552f,0f,0f,0f,1f],start_interpolation: 0,interpolation_duration: 1}
$data merge entity $(bone_left_arm1) {transformation: [-0.9344f,0.3562f,0f,0.25f,0.3412f,0.8952f,-0.2868f,1.3196f,-0.1021f,-0.268f,-0.958f,0.0444f,0f,0f,0f,1f],start_interpolation: 0,interpolation_duration: 1}
$data merge entity $(bone_right_arm1) {transformation: [-0.9344f,-0.3562f,0f,-0.25f,-0.3412f,0.8952f,-0.2868f,1.3196f,0.1021f,-0.268f,-0.958f,0.0444f,0f,0f,0f,1f],start_interpolation: 0,interpolation_duration: 1}
data modify entity @s data merge value {"cameras":{},"locators":{"mouse":{"posx":-3.8223904815216945e-17,"posy":1.308388843165651,"posz":0.31212186927553254,"roty":0,"rotx":36.36},"left_arm":{"posx":0.06354570688130662,"posy":0.6828000699164152,"posz":0.23499345667536864,"roty":0,"rotx":-16.666666666666664},"right_arm":{"posx":-0.0635457068813067,"posy":0.6828000699164152,"posz":0.23499345667536864,"roty":0,"rotx":-16.666666666666668}}}