# This file was generated by Animated Java via MC-Build. It is not recommended to edit this file directly.
$data merge entity $(bone_eyes) {transformation: [-1f,0f,0f,-0.0156f,0f,0.7662f,0.6426f,1.4831f,0f,0.6426f,-0.7662f,0.4686f,0f,0f,0f,1f],start_interpolation: 0,interpolation_duration: 1}
$data merge entity $(bone_head) {transformation: [-1f,0f,0f,0f,0f,0.7662f,0.6426f,1.3811f,0f,0.6426f,-0.7662f,0.0552f,0f,0f,0f,1f],start_interpolation: 0,interpolation_duration: 1}
$data merge entity $(bone_fabric_overray) {transformation: [-1f,0f,0f,0f,0f,0.766f,0.6428f,1.3811f,0f,0.6428f,-0.766f,0.0552f,0f,0f,0f,1f],start_interpolation: 0,interpolation_duration: 1}
$data merge entity $(bone_fabric) {transformation: [-1f,0f,0f,0f,0f,0.766f,0.6428f,1.3811f,0f,0.6428f,-0.766f,0.0552f,0f,0f,0f,1f],start_interpolation: 0,interpolation_duration: 1}
$data merge entity $(bone_bone_overray) {transformation: [-1f,0f,0f,0f,0f,0.7934f,0.6088f,1.3811f,0f,0.6088f,-0.7934f,0.0552f,0f,0f,0f,1f],start_interpolation: 0,interpolation_duration: 1}
$data merge entity $(bone_bone) {transformation: [-1f,0f,0f,0f,0f,0.7934f,0.6088f,1.3811f,0f,0.6088f,-0.7934f,0.0552f,0f,0f,0f,1f],start_interpolation: 0,interpolation_duration: 1}
$data merge entity $(bone_left_arm1) {transformation: [-0.9239f,0.3827f,0f,0.25f,0.3596f,0.8682f,-0.342f,1.3196f,-0.1309f,-0.316f,-0.9397f,0.0444f,0f,0f,0f,1f],start_interpolation: 0,interpolation_duration: 1}
$data merge entity $(bone_right_arm1) {transformation: [-0.9239f,-0.3827f,0f,-0.25f,-0.3596f,0.8682f,-0.342f,1.3196f,0.1309f,-0.316f,-0.9397f,0.0444f,0f,0f,0f,1f],start_interpolation: 0,interpolation_duration: 1}
data modify entity @s data merge value {"cameras":{},"locators":{"mouse":{"posx":-3.759839026110875e-17,"posy":1.292302101704422,"posz":0.3070141553245084,"roty":0,"rotx":39.982499999999995},"left_arm":{"posx":0.044647611030956214,"posy":0.7002177388168352,"posz":0.2697818694636352,"roty":0,"rotx":-19.999999999999996},"right_arm":{"posx":-0.04464761103095627,"posy":0.7002177388168352,"posz":0.2697818694636352,"roty":0,"rotx":-19.999999999999996}}}