# This file was generated by Animated Java via MC-Build. It is not recommended to edit this file directly.
$data merge entity $(bone_eyes) {transformation: [-1f,0f,0f,-0.0156f,0f,0.9912f,-0.1284f,1.7519f,0f,-0.1283f,-0.9917f,0.2132f,0f,0f,0f,1f],start_interpolation: 0,interpolation_duration: 1}
$data merge entity $(bone_head) {transformation: [-1f,0f,0f,0f,0f,0.9912f,-0.1284f,1.3789f,0f,-0.1283f,-0.9917f,0.0081f,0f,0f,0f,1f],start_interpolation: 0,interpolation_duration: 1}
$data merge entity $(bone_fabric_overray) {transformation: [-1f,0f,0f,0f,0f,0.9919f,0.1273f,1.3789f,0f,0.1273f,-0.9919f,0.0081f,0f,0f,0f,1f],start_interpolation: 0,interpolation_duration: 1}
$data merge entity $(bone_fabric) {transformation: [-1f,0f,0f,0f,0f,0.9919f,0.1273f,1.3789f,0f,0.1273f,-0.9919f,0.0081f,0f,0f,0f,1f],start_interpolation: 0,interpolation_duration: 1}
$data merge entity $(bone_bone_overray) {transformation: [-1f,0f,0f,0f,0f,0.9997f,-0.0251f,1.3789f,0f,-0.0251f,-0.9997f,0.0081f,0f,0f,0f,1f],start_interpolation: 0,interpolation_duration: 1}
$data merge entity $(bone_bone) {transformation: [-1f,0f,0f,0f,0f,0.9997f,-0.0251f,1.3789f,0f,-0.0251f,-0.9997f,0.0081f,0f,0f,0f,1f],start_interpolation: 0,interpolation_duration: 1}
$data merge entity $(bone_left_arm1) {transformation: [-1f,0f,0f,0.25f,0f,0.953f,-0.303f,1.3166f,0f,-0.303f,-0.953f,0.0032f,0f,0f,0f,1f],start_interpolation: 0,interpolation_duration: 1}
$data merge entity $(bone_right_arm1) {transformation: [-1f,0f,0f,-0.25f,0f,0.953f,-0.303f,1.3166f,0f,-0.303f,-0.953f,0.0032f,0f,0f,0f,1f],start_interpolation: 0,interpolation_duration: 1}
data modify entity @s data merge value {"cameras":{},"locators":{"mouse":{"posx":-2.988197792533562e-17,"posy":1.5039521328225518,"posz":0.24400486692277817,"roty":0,"rotx":-7.374999999999999},"left_arm":{"posx":0.3125,"posy":0.6614597296231843,"posz":0.21153321628659277,"roty":0,"rotx":-17.64000000000001},"right_arm":{"posx":-0.3125,"posy":0.6614597296231843,"posz":0.21153321628659272,"roty":0,"rotx":-17.64000000000001}}}