# This file was generated by Animated Java via MC-Build. It is not recommended to edit this file directly.
$data merge entity $(bone_eyes) {transformation: [-1f,0f,0f,-0.0156f,0f,0.6875f,-0.7224f,1.7596f,0f,-0.7182f,-0.6915f,-0.4353f,0f,0f,0f,1f],start_interpolation: 0,interpolation_duration: 1}
$data merge entity $(bone_head) {transformation: [-1f,0f,0f,0f,0f,0.6875f,-0.7224f,1.3417f,0f,-0.7182f,-0.6915f,-0.3621f,0f,0f,0f,1f],start_interpolation: 0,interpolation_duration: 1}
$data merge entity $(bone_fabric_overray) {transformation: [-1f,0f,0f,0f,0f,0.9962f,0.0872f,1.3417f,0f,0.0872f,-0.9962f,-0.3621f,0f,0f,0f,1f],start_interpolation: 0,interpolation_duration: 1}
$data merge entity $(bone_fabric) {transformation: [-1f,0f,0f,0f,0f,0.9962f,0.0872f,1.3417f,0f,0.0872f,-0.9962f,-0.3621f,0f,0f,0f,1f],start_interpolation: 0,interpolation_duration: 1}
$data merge entity $(bone_bone_overray) {transformation: [-1f,0f,0f,0f,0f,0.8931f,-0.4498f,1.3229f,0f,-0.4498f,-0.8931f,-0.4217f,0f,0f,0f,1f],start_interpolation: 0,interpolation_duration: 1}
$data merge entity $(bone_bone) {transformation: [-1f,0f,0f,0f,0f,0.8931f,-0.4498f,1.3229f,0f,-0.4498f,-0.8931f,-0.4217f,0f,0f,0f,1f],start_interpolation: 0,interpolation_duration: 1}
$data merge entity $(bone_left_arm1) {transformation: [-1f,0f,0f,0.25f,0f,-0.5736f,0.8192f,1.2821f,0f,0.8192f,0.5736f,-0.3433f,0f,0f,0f,1f],start_interpolation: 0,interpolation_duration: 1}
$data merge entity $(bone_right_arm1) {transformation: [-1f,0f,0f,-0.25f,0f,-0.5736f,0.8192f,1.2821f,0f,0.8192f,0.5736f,-0.3433f,0f,0f,0f,1f],start_interpolation: 0,interpolation_duration: 1}
data modify entity @s data merge value {"cameras":{},"locators":{"mouse":{"posx":3.1422215634827447e-17,"posy":1.586790564251396,"posz":-0.2565818622700424,"roty":0,"rotx":-46.24999999999999},"left_arm":{"posx":0.3125000000000001,"posy":1.676468925209384,"posz":-0.9065002382683889,"roty":180,"rotx":55.00000000000001},"right_arm":{"posx":-0.3124999999999999,"posy":1.676468925209384,"posz":-0.906500238268389,"roty":180,"rotx":55.00000000000001}}}