# This file was generated by Animated Java via MC-Build. It is not recommended to edit this file directly.
$data merge entity $(bone_eyes) {transformation: [-1f,0f,0f,-0.0156f,0f,0.6633f,-0.7446f,1.7568f,0f,-0.7399f,-0.6675f,-0.4847f,0f,0f,0f,1f],start_interpolation: 0,interpolation_duration: 1}
$data merge entity $(bone_head) {transformation: [-1f,0f,0f,0f,0f,0.6633f,-0.7446f,1.3417f,0f,-0.7399f,-0.6675f,-0.3981f,0f,0f,0f,1f],start_interpolation: 0,interpolation_duration: 1}
$data merge entity $(bone_fabric_overray) {transformation: [-1f,0f,0f,0f,0f,0.9962f,0.0872f,1.3417f,0f,0.0872f,-0.9962f,-0.3981f,0f,0f,0f,1f],start_interpolation: 0,interpolation_duration: 1}
$data merge entity $(bone_fabric) {transformation: [-1f,0f,0f,0f,0f,0.9962f,0.0872f,1.3417f,0f,0.0872f,-0.9962f,-0.3981f,0f,0f,0f,1f],start_interpolation: 0,interpolation_duration: 1}
$data merge entity $(bone_bone_overray) {transformation: [-1f,0f,0f,0f,0f,0.9207f,-0.3904f,1.3229f,0f,-0.3904f,-0.9207f,-0.4577f,0f,0f,0f,1f],start_interpolation: 0,interpolation_duration: 1}
$data merge entity $(bone_bone) {transformation: [-1f,0f,0f,0f,0f,0.9207f,-0.3904f,1.3229f,0f,-0.3904f,-0.9207f,-0.4577f,0f,0f,0f,1f],start_interpolation: 0,interpolation_duration: 1}
$data merge entity $(bone_left_arm1) {transformation: [-1f,0f,0f,0.25f,0f,-0.1034f,0.9946f,1.2821f,0f,0.9946f,0.1034f,-0.3793f,0f,0f,0f,1f],start_interpolation: 0,interpolation_duration: 1}
$data merge entity $(bone_right_arm1) {transformation: [-1f,0f,0f,-0.25f,0f,-0.1034f,0.9946f,1.2821f,0f,0.9946f,0.1034f,-0.3793f,0f,0f,0f,1f],start_interpolation: 0,interpolation_duration: 1}
data modify entity @s data merge value {"cameras":{},"locators":{"mouse":{"posx":3.6812944543154454e-17,"posy":1.5900767841052819,"posz":-0.30060050431508134,"roty":0,"rotx":-48.125},"left_arm":{"posx":0.3125000000000001,"posy":1.3532525632275463,"posz":-1.063129455005849,"roty":180,"rotx":84.06250000000001},"right_arm":{"posx":-0.3124999999999999,"posy":1.3532525632275463,"posz":-1.0631294550058492,"roty":180,"rotx":84.06250000000001}}}