# This file was generated by Animated Java via MC-Build. It is not recommended to edit this file directly.
$data merge entity $(bone_eyes) {transformation: [-1f,0f,0f,-0.0156f,0f,0.6384f,-0.766f,1.7536f,0f,-0.7608f,-0.6428f,-0.5349f,0f,0f,0f,1f],start_interpolation: 0,interpolation_duration: 1}
$data merge entity $(bone_head) {transformation: [-1f,0f,0f,0f,0f,0.6384f,-0.766f,1.3417f,0f,-0.7608f,-0.6428f,-0.4348f,0f,0f,0f,1f],start_interpolation: 0,interpolation_duration: 1}
$data merge entity $(bone_fabric_overray) {transformation: [-1f,0f,0f,0f,0f,0.9962f,0.0872f,1.3417f,0f,0.0872f,-0.9962f,-0.4348f,0f,0f,0f,1f],start_interpolation: 0,interpolation_duration: 1}
$data merge entity $(bone_fabric) {transformation: [-1f,0f,0f,0f,0f,0.9962f,0.0872f,1.3417f,0f,0.0872f,-0.9962f,-0.4348f,0f,0f,0f,1f],start_interpolation: 0,interpolation_duration: 1}
$data merge entity $(bone_bone_overray) {transformation: [-1f,0f,0f,0f,0f,0.945f,-0.327f,1.3229f,0f,-0.327f,-0.945f,-0.4945f,0f,0f,0f,1f],start_interpolation: 0,interpolation_duration: 1}
$data merge entity $(bone_bone) {transformation: [-1f,0f,0f,0f,0f,0.945f,-0.327f,1.3229f,0f,-0.327f,-0.945f,-0.4945f,0f,0f,0f,1f],start_interpolation: 0,interpolation_duration: 1}
$data merge entity $(bone_left_arm1) {transformation: [-1f,0f,0f,0.25f,0f,0.2588f,0.9659f,1.2821f,0f,0.9659f,-0.2588f,-0.4161f,0f,0f,0f,1f],start_interpolation: 0,interpolation_duration: 1}
$data merge entity $(bone_right_arm1) {transformation: [-1f,0f,0f,-0.25f,0f,0.2588f,0.9659f,1.2821f,0f,0.9659f,-0.2588f,-0.4161f,0f,0f,0f,1f],start_interpolation: 0,interpolation_duration: 1}
data modify entity @s data merge value {"cameras":{},"locators":{"mouse":{"posx":4.230843951384673e-17,"posy":1.5930997039858015,"posz":-0.3454746261804099,"roty":0,"rotx":-50},"left_arm":{"posx":0.3125000000000001,"posy":1.104197031710057,"posz":-1.0801295472324672,"roty":0,"rotx":75.00000000000001},"right_arm":{"posx":-0.3124999999999999,"posy":1.104197031710057,"posz":-1.0801295472324672,"roty":0,"rotx":75.00000000000001}}}