# This file was generated by Animated Java via MC-Build. It is not recommended to edit this file directly.
$data merge entity $(bone_eyes) {transformation: [-1f,0f,0f,-0.0156f,0f,0.6128f,-0.7867f,1.75f,0f,-0.7808f,-0.6174f,-0.5854f,0f,0f,0f,1f],start_interpolation: 0,interpolation_duration: 1}
$data merge entity $(bone_head) {transformation: [-1f,0f,0f,0f,0f,0.6128f,-0.7867f,1.3417f,0f,-0.7808f,-0.6174f,-0.4721f,0f,0f,0f,1f],start_interpolation: 0,interpolation_duration: 1}
$data merge entity $(bone_fabric_overray) {transformation: [-1f,0f,0f,0f,0f,0.9962f,0.0872f,1.3417f,0f,0.0872f,-0.9962f,-0.4721f,0f,0f,0f,1f],start_interpolation: 0,interpolation_duration: 1}
$data merge entity $(bone_fabric) {transformation: [-1f,0f,0f,0f,0f,0.9962f,0.0872f,1.3417f,0f,0.0872f,-0.9962f,-0.4721f,0f,0f,0f,1f],start_interpolation: 0,interpolation_duration: 1}
$data merge entity $(bone_bone_overray) {transformation: [-1f,0f,0f,0f,0f,0.9641f,-0.2655f,1.3229f,0f,-0.2655f,-0.9641f,-0.5317f,0f,0f,0f,1f],start_interpolation: 0,interpolation_duration: 1}
$data merge entity $(bone_bone) {transformation: [-1f,0f,0f,0f,0f,0.9641f,-0.2655f,1.3229f,0f,-0.2655f,-0.9641f,-0.5317f,0f,0f,0f,1f],start_interpolation: 0,interpolation_duration: 1}
$data merge entity $(bone_left_arm1) {transformation: [-1f,0f,0f,0.25f,0f,0.2772f,0.9608f,1.2821f,0f,0.9608f,-0.2772f,-0.4533f,0f,0f,0f,1f],start_interpolation: 0,interpolation_duration: 1}
$data merge entity $(bone_right_arm1) {transformation: [-1f,0f,0f,-0.25f,0f,0.2772f,0.9608f,1.2821f,0f,0.9608f,-0.2772f,-0.4533f,0f,0f,0f,1f],start_interpolation: 0,interpolation_duration: 1}
data modify entity @s data merge value {"cameras":{},"locators":{"mouse":{"posx":4.7881282369783536e-17,"posy":1.595856162396935,"posz":-0.3909803414594343,"roty":0,"rotx":-51.87499999999999},"left_arm":{"posx":0.3125000000000001,"posy":1.0915498371370003,"posz":-1.1138870142862118,"roty":0,"rotx":73.90594482421874},"right_arm":{"posx":-0.3124999999999999,"posy":1.0915498371370003,"posz":-1.113887014286212,"roty":0,"rotx":73.90594482421874}}}