# This file was generated by Animated Java via MC-Build. It is not recommended to edit this file directly.
$data merge entity $(bone_eyes) {transformation: [-1f,0f,0f,-0.0156f,0f,0.5866f,-0.8064f,1.746f,0f,-0.8f,-0.5913f,-0.6361f,0f,0f,0f,1f],start_interpolation: 0,interpolation_duration: 1}
$data merge entity $(bone_head) {transformation: [-1f,0f,0f,0f,0f,0.5866f,-0.8064f,1.3417f,0f,-0.8f,-0.5913f,-0.5097f,0f,0f,0f,1f],start_interpolation: 0,interpolation_duration: 1}
$data merge entity $(bone_fabric_overray) {transformation: [-1f,0f,0f,0f,0f,0.9962f,0.0872f,1.3417f,0f,0.0872f,-0.9962f,-0.5097f,0f,0f,0f,1f],start_interpolation: 0,interpolation_duration: 1}
$data merge entity $(bone_fabric) {transformation: [-1f,0f,0f,0f,0f,0.9962f,0.0872f,1.3417f,0f,0.0872f,-0.9962f,-0.5097f,0f,0f,0f,1f],start_interpolation: 0,interpolation_duration: 1}
$data merge entity $(bone_bone_overray) {transformation: [-1f,0f,0f,0f,0f,0.9772f,-0.2123f,1.3229f,0f,-0.2123f,-0.9772f,-0.5693f,0f,0f,0f,1f],start_interpolation: 0,interpolation_duration: 1}
$data merge entity $(bone_bone) {transformation: [-1f,0f,0f,0f,0f,0.9772f,-0.2123f,1.3229f,0f,-0.2123f,-0.9772f,-0.5693f,0f,0f,0f,1f],start_interpolation: 0,interpolation_duration: 1}
$data merge entity $(bone_left_arm1) {transformation: [-1f,0f,0f,0.25f,0f,0.2815f,0.9596f,1.2821f,0f,0.9596f,-0.2815f,-0.4909f,0f,0f,0f,1f],start_interpolation: 0,interpolation_duration: 1}
$data merge entity $(bone_right_arm1) {transformation: [-1f,0f,0f,-0.25f,0f,0.2815f,0.9596f,1.2821f,0f,0.9596f,-0.2815f,-0.4909f,0f,0f,0f,1f],start_interpolation: 0,interpolation_duration: 1}
data modify entity @s data merge value {"cameras":{},"locators":{"mouse":{"posx":5.350404297706298e-17,"posy":1.5983432802869881,"posz":-0.43689366611103364,"roty":0,"rotx":-53.749999999999986},"left_arm":{"posx":0.3125000000000001,"posy":1.0885998701410766,"posz":-1.1506276544746434,"roty":0,"rotx":73.64990234375001},"right_arm":{"posx":-0.3124999999999999,"posy":1.0885998701410766,"posz":-1.1506276544746437,"roty":0,"rotx":73.64990234375001}}}