# This file was generated by Animated Java via MC-Build. It is not recommended to edit this file directly.
$data merge entity $(bone_eyes) {transformation: [-1f,0f,0f,-0.0156f,0f,0.5597f,-0.8254f,1.7415f,0f,-0.8183f,-0.5646f,-0.6868f,0f,0f,0f,1f],start_interpolation: 0,interpolation_duration: 1}
$data merge entity $(bone_head) {transformation: [-1f,0f,0f,0f,0f,0.5597f,-0.8254f,1.3417f,0f,-0.8183f,-0.5646f,-0.5474f,0f,0f,0f,1f],start_interpolation: 0,interpolation_duration: 1}
$data merge entity $(bone_fabric_overray) {transformation: [-1f,0f,0f,0f,0f,0.9962f,0.0872f,1.3417f,0f,0.0872f,-0.9962f,-0.5474f,0f,0f,0f,1f],start_interpolation: 0,interpolation_duration: 1}
$data merge entity $(bone_fabric) {transformation: [-1f,0f,0f,0f,0f,0.9962f,0.0872f,1.3417f,0f,0.0872f,-0.9962f,-0.5474f,0f,0f,0f,1f],start_interpolation: 0,interpolation_duration: 1}
$data merge entity $(bone_bone_overray) {transformation: [-1f,0f,0f,0f,0f,0.9848f,-0.1736f,1.3229f,0f,-0.1736f,-0.9848f,-0.607f,0f,0f,0f,1f],start_interpolation: 0,interpolation_duration: 1}
$data merge entity $(bone_bone) {transformation: [-1f,0f,0f,0f,0f,0.9848f,-0.1736f,1.3229f,0f,-0.1736f,-0.9848f,-0.607f,0f,0f,0f,1f],start_interpolation: 0,interpolation_duration: 1}
$data merge entity $(bone_left_arm1) {transformation: [-1f,0f,0f,0.25f,0f,0.2742f,0.9617f,1.2821f,0f,0.9617f,-0.2742f,-0.5286f,0f,0f,0f,1f],start_interpolation: 0,interpolation_duration: 1}
$data merge entity $(bone_right_arm1) {transformation: [-1f,0f,0f,-0.25f,0f,0.2742f,0.9617f,1.2821f,0f,0.9617f,-0.2742f,-0.5286f,0f,0f,0f,1f],start_interpolation: 0,interpolation_duration: 1}
data modify entity @s data merge value {"cameras":{},"locators":{"mouse":{"posx":5.914928037719319e-17,"posy":1.6005584640537762,"posz":-0.48299052770460194,"roty":0,"rotx":-55.625},"left_arm":{"posx":0.3125000000000001,"posy":1.0935984182869505,"posz":-1.1897801041698082,"roty":0,"rotx":74.0835571289063},"right_arm":{"posx":-0.3124999999999999,"posy":1.0935984182869505,"posz":-1.1897801041698082,"roty":0,"rotx":74.0835571289063}}}