# This file was generated by Animated Java via MC-Build. It is not recommended to edit this file directly.
$data merge entity $(bone_eyes) {transformation: [-1f,0f,0f,-0.0156f,0f,0.5324f,-0.8434f,1.7366f,0f,-0.8356f,-0.5373f,-0.7373f,0f,0f,0f,1f],start_interpolation: 0,interpolation_duration: 1}
$data merge entity $(bone_head) {transformation: [-1f,0f,0f,0f,0f,0.5324f,-0.8434f,1.3417f,0f,-0.8356f,-0.5373f,-0.585f,0f,0f,0f,1f],start_interpolation: 0,interpolation_duration: 1}
$data merge entity $(bone_fabric_overray) {transformation: [-1f,0f,0f,0f,0f,0.9962f,0.0872f,1.3417f,0f,0.0872f,-0.9962f,-0.585f,0f,0f,0f,1f],start_interpolation: 0,interpolation_duration: 1}
$data merge entity $(bone_fabric) {transformation: [-1f,0f,0f,0f,0f,0.9962f,0.0872f,1.3417f,0f,0.0872f,-0.9962f,-0.585f,0f,0f,0f,1f],start_interpolation: 0,interpolation_duration: 1}
$data merge entity $(bone_bone_overray) {transformation: [-1f,0f,0f,0f,0f,0.9869f,-0.1613f,1.3229f,0f,-0.1613f,-0.9869f,-0.6446f,0f,0f,0f,1f],start_interpolation: 0,interpolation_duration: 1}
$data merge entity $(bone_bone) {transformation: [-1f,0f,0f,0f,0f,0.9869f,-0.1613f,1.3229f,0f,-0.1613f,-0.9869f,-0.6446f,0f,0f,0f,1f],start_interpolation: 0,interpolation_duration: 1}
$data merge entity $(bone_left_arm1) {transformation: [-1f,0f,0f,0.25f,0f,0.2578f,0.9662f,1.2821f,0f,0.9662f,-0.2578f,-0.5662f,0f,0f,0f,1f],start_interpolation: 0,interpolation_duration: 1}
$data merge entity $(bone_right_arm1) {transformation: [-1f,0f,0f,-0.25f,0f,0.2578f,0.9662f,1.2821f,0f,0.9662f,-0.2578f,-0.5662f,0f,0f,0f,1f],start_interpolation: 0,interpolation_duration: 1}
data modify entity @s data merge value {"cameras":{},"locators":{"mouse":{"posx":6.478954393056901e-17,"posy":1.6024994082473172,"posz":-0.5290467747572443,"roty":0,"rotx":-57.500000000000014},"left_arm":{"posx":0.3125000000000001,"posy":1.1048762424815555,"posz":-1.2304915782283232,"roty":0,"rotx":75.05859375000003},"right_arm":{"posx":-0.3124999999999999,"posy":1.1048762424815555,"posz":-1.2304915782283232,"roty":0,"rotx":75.05859375000003}}}