# This file was generated by Animated Java via MC-Build. It is not recommended to edit this file directly.
$data merge entity $(bone_eyes) {transformation: [-1f,0f,0f,-0.0156f,0f,0.5044f,-0.8605f,1.7314f,0f,-0.8521f,-0.5094f,-0.7872f,0f,0f,0f,1f],start_interpolation: 0,interpolation_duration: 1}
$data merge entity $(bone_head) {transformation: [-1f,0f,0f,0f,0f,0.5044f,-0.8605f,1.3417f,0f,-0.8521f,-0.5094f,-0.6223f,0f,0f,0f,1f],start_interpolation: 0,interpolation_duration: 1}
$data merge entity $(bone_fabric_overray) {transformation: [-1f,0f,0f,0f,0f,0.9962f,0.0872f,1.3417f,0f,0.0872f,-0.9962f,-0.6223f,0f,0f,0f,1f],start_interpolation: 0,interpolation_duration: 1}
$data merge entity $(bone_fabric) {transformation: [-1f,0f,0f,0f,0f,0.9962f,0.0872f,1.3417f,0f,0.0872f,-0.9962f,-0.6223f,0f,0f,0f,1f],start_interpolation: 0,interpolation_duration: 1}
$data merge entity $(bone_bone_overray) {transformation: [-1f,0f,0f,0f,0f,0.9887f,-0.1496f,1.3229f,0f,-0.1496f,-0.9887f,-0.6819f,0f,0f,0f,1f],start_interpolation: 0,interpolation_duration: 1}
$data merge entity $(bone_bone) {transformation: [-1f,0f,0f,0f,0f,0.9887f,-0.1496f,1.3229f,0f,-0.1496f,-0.9887f,-0.6819f,0f,0f,0f,1f],start_interpolation: 0,interpolation_duration: 1}
$data merge entity $(bone_left_arm1) {transformation: [-1f,0f,0f,0.25f,0f,0.2347f,0.9721f,1.2821f,0f,0.9721f,-0.2347f,-0.6035f,0f,0f,0f,1f],start_interpolation: 0,interpolation_duration: 1}
$data merge entity $(bone_right_arm1) {transformation: [-1f,0f,0f,-0.25f,0f,0.2347f,0.9721f,1.2821f,0f,0.9721f,-0.2347f,-0.6035f,0f,0f,0f,1f],start_interpolation: 0,interpolation_duration: 1}
data modify entity @s data merge value {"cameras":{},"locators":{"mouse":{"posx":7.03973744700234e-17,"posy":1.6041640979672231,"posz":-0.5748381861532383,"roty":0,"rotx":-59.37500000000001},"left_arm":{"posx":0.3125000000000001,"posy":1.1207862963628885,"posz":-1.2718104173264564,"roty":0,"rotx":76.42669677734374},"right_arm":{"posx":-0.31249999999999983,"posy":1.1207862963628885,"posz":-1.2718104173264564,"roty":0,"rotx":76.42669677734374}}}