# This file was generated by Animated Java via MC-Build. It is not recommended to edit this file directly.
$data merge entity $(bone_eyes) {transformation: [-1f,0f,0f,-0.0156f,0f,0.476f,-0.8767f,1.7257f,0f,-0.8677f,-0.481f,-0.8365f,0f,0f,0f,1f],start_interpolation: 0,interpolation_duration: 1}
$data merge entity $(bone_head) {transformation: [-1f,0f,0f,0f,0f,0.476f,-0.8767f,1.3417f,0f,-0.8677f,-0.481f,-0.659f,0f,0f,0f,1f],start_interpolation: 0,interpolation_duration: 1}
$data merge entity $(bone_fabric_overray) {transformation: [-1f,0f,0f,0f,0f,0.9962f,0.0872f,1.3417f,0f,0.0872f,-0.9962f,-0.659f,0f,0f,0f,1f],start_interpolation: 0,interpolation_duration: 1}
$data merge entity $(bone_fabric) {transformation: [-1f,0f,0f,0f,0f,0.9962f,0.0872f,1.3417f,0f,0.0872f,-0.9962f,-0.659f,0f,0f,0f,1f],start_interpolation: 0,interpolation_duration: 1}
$data merge entity $(bone_bone_overray) {transformation: [-1f,0f,0f,0f,0f,0.9903f,-0.1388f,1.3229f,0f,-0.1388f,-0.9903f,-0.7187f,0f,0f,0f,1f],start_interpolation: 0,interpolation_duration: 1}
$data merge entity $(bone_bone) {transformation: [-1f,0f,0f,0f,0f,0.9903f,-0.1388f,1.3229f,0f,-0.1388f,-0.9903f,-0.7187f,0f,0f,0f,1f],start_interpolation: 0,interpolation_duration: 1}
$data merge entity $(bone_left_arm1) {transformation: [-1f,0f,0f,0.25f,0f,0.2072f,0.9783f,1.2821f,0f,0.9783f,-0.2072f,-0.6402f,0f,0f,0f,1f],start_interpolation: 0,interpolation_duration: 1}
$data merge entity $(bone_right_arm1) {transformation: [-1f,0f,0f,-0.25f,0f,0.2072f,0.9783f,1.2821f,0f,0.9783f,-0.2072f,-0.6402f,0f,0f,0f,1f],start_interpolation: 0,interpolation_duration: 1}
data modify entity @s data merge value {"cameras":{},"locators":{"mouse":{"posx":7.594530546323076e-17,"posy":1.6055508109522965,"posz":-0.6201404806357786,"roty":0,"rotx":-61.250000000000036},"left_arm":{"posx":0.3125000000000001,"posy":1.1396600764965803,"posz":-1.3128248356012475,"roty":0,"rotx":78.03955078125},"right_arm":{"posx":-0.31249999999999983,"posy":1.1396600764965803,"posz":-1.3128248356012475,"roty":0,"rotx":78.03955078125}}}