# This file was generated by Animated Java via MC-Build. It is not recommended to edit this file directly.
$data merge entity $(bone_eyes) {transformation: [-1f,0f,0f,-0.0156f,0f,0.4471f,-0.892f,1.7196f,0f,-0.8823f,-0.452f,-0.8847f,0f,0f,0f,1f],start_interpolation: 0,interpolation_duration: 1}
$data merge entity $(bone_head) {transformation: [-1f,0f,0f,0f,0f,0.4471f,-0.892f,1.3417f,0f,-0.8823f,-0.452f,-0.695f,0f,0f,0f,1f],start_interpolation: 0,interpolation_duration: 1}
$data merge entity $(bone_fabric_overray) {transformation: [-1f,0f,0f,0f,0f,0.9962f,0.0872f,1.3417f,0f,0.0872f,-0.9962f,-0.695f,0f,0f,0f,1f],start_interpolation: 0,interpolation_duration: 1}
$data merge entity $(bone_fabric) {transformation: [-1f,0f,0f,0f,0f,0.9962f,0.0872f,1.3417f,0f,0.0872f,-0.9962f,-0.695f,0f,0f,0f,1f],start_interpolation: 0,interpolation_duration: 1}
$data merge entity $(bone_bone_overray) {transformation: [-1f,0f,0f,0f,0f,0.9916f,-0.1291f,1.3229f,0f,-0.1291f,-0.9916f,-0.7546f,0f,0f,0f,1f],start_interpolation: 0,interpolation_duration: 1}
$data merge entity $(bone_bone) {transformation: [-1f,0f,0f,0f,0f,0.9916f,-0.1291f,1.3229f,0f,-0.1291f,-0.9916f,-0.7546f,0f,0f,0f,1f],start_interpolation: 0,interpolation_duration: 1}
$data merge entity $(bone_left_arm1) {transformation: [-1f,0f,0f,0.25f,0f,0.178f,0.984f,1.2821f,0f,0.984f,-0.178f,-0.6762f,0f,0f,0f,1f],start_interpolation: 0,interpolation_duration: 1}
$data merge entity $(bone_right_arm1) {transformation: [-1f,0f,0f,-0.25f,0f,0.178f,0.984f,1.2821f,0f,0.984f,-0.178f,-0.6762f,0f,0f,0f,1f],start_interpolation: 0,interpolation_duration: 1}
data modify entity @s data merge value {"cameras":{},"locators":{"mouse":{"posx":8.140586418273143e-17,"posy":1.6066581193601666,"posz":-0.6647293263609504,"roty":0,"rotx":-63.12500000000001},"left_arm":{"posx":0.3125000000000001,"posy":1.159785244787096,"posz":-1.3527598141818042,"roty":0,"rotx":79.7488403320313},"right_arm":{"posx":-0.31249999999999983,"posy":1.159785244787096,"posz":-1.3527598141818042,"roty":0,"rotx":79.7488403320313}}}