# This file was generated by Animated Java via MC-Build. It is not recommended to edit this file directly.
$data merge entity $(bone_eyes) {transformation: [-1f,0f,0f,-0.0156f,0f,0.9659f,-0.2546f,1.7699f,0f,-0.2543f,-0.967f,0.114f,0f,0f,0f,1f],start_interpolation: 0,interpolation_duration: 1}
$data merge entity $(bone_head) {transformation: [-1f,0f,0f,0f,0f,0.9659f,-0.2546f,1.3739f,0f,-0.2543f,-0.967f,-0.0416f,0f,0f,0f,1f],start_interpolation: 0,interpolation_duration: 1}
$data merge entity $(bone_fabric_overray) {transformation: [-1f,0f,0f,0f,0f,0.9967f,0.0806f,1.3739f,0f,0.0806f,-0.9967f,-0.0416f,0f,0f,0f,1f],start_interpolation: 0,interpolation_duration: 1}
$data merge entity $(bone_fabric) {transformation: [-1f,0f,0f,0f,0f,0.9967f,0.0806f,1.3739f,0f,0.0806f,-0.9967f,-0.0416f,0f,0f,0f,1f],start_interpolation: 0,interpolation_duration: 1}
$data merge entity $(bone_bone_overray) {transformation: [-1f,0f,0f,0f,0f,0.9628f,-0.2704f,1.3739f,0f,-0.2704f,-0.9628f,-0.0416f,0f,0f,0f,1f],start_interpolation: 0,interpolation_duration: 1}
$data merge entity $(bone_bone) {transformation: [-1f,0f,0f,0f,0f,0.9628f,-0.2704f,1.3739f,0f,-0.2704f,-0.9628f,-0.0416f,0f,0f,0f,1f],start_interpolation: 0,interpolation_duration: 1}
$data merge entity $(bone_left_arm1) {transformation: [-1f,0f,0f,0.25f,0f,0.5704f,-0.8213f,1.3114f,0f,-0.8213f,-0.5704f,-0.0405f,0f,0f,0f,1f],start_interpolation: 0,interpolation_duration: 1}
$data merge entity $(bone_right_arm1) {transformation: [-1f,0f,0f,-0.25f,0f,0.5704f,-0.8213f,1.3114f,0f,-0.8213f,-0.5704f,-0.0405f,0f,0f,0f,1f],start_interpolation: 0,interpolation_duration: 1}
data modify entity @s data merge value {"cameras":{},"locators":{"mouse":{"posx":-2.1596356639479758e-17,"posy":1.5280685698296217,"posz":0.17634763471815695,"roty":0,"rotx":-14.749999999999998},"left_arm":{"posx":0.31249999999999994,"posy":0.9192026561675528,"posz":0.5241954582240289,"roty":0,"rotx":-55.22000000000003},"right_arm":{"posx":-0.31250000000000006,"posy":0.9192026561675528,"posz":0.5241954582240289,"roty":0,"rotx":-55.22000000000003}}}