# This file was generated by Animated Java via MC-Build. It is not recommended to edit this file directly.
$data merge entity $(bone_eyes) {transformation: [-1f,0f,0f,-0.0156f,0f,0.4178f,-0.9063f,1.7131f,0f,-0.8959f,-0.4226f,-0.9318f,0f,0f,0f,1f],start_interpolation: 0,interpolation_duration: 1}
$data merge entity $(bone_head) {transformation: [-1f,0f,0f,0f,0f,0.4178f,-0.9063f,1.3417f,0f,-0.8959f,-0.4226f,-0.73f,0f,0f,0f,1f],start_interpolation: 0,interpolation_duration: 1}
$data merge entity $(bone_fabric_overray) {transformation: [-1f,0f,0f,0f,0f,0.9962f,0.0872f,1.3417f,0f,0.0872f,-0.9962f,-0.73f,0f,0f,0f,1f],start_interpolation: 0,interpolation_duration: 1}
$data merge entity $(bone_fabric) {transformation: [-1f,0f,0f,0f,0f,0.9962f,0.0872f,1.3417f,0f,0.0872f,-0.9962f,-0.73f,0f,0f,0f,1f],start_interpolation: 0,interpolation_duration: 1}
$data merge entity $(bone_bone_overray) {transformation: [-1f,0f,0f,0f,0f,0.9927f,-0.121f,1.3229f,0f,-0.121f,-0.9927f,-0.7897f,0f,0f,0f,1f],start_interpolation: 0,interpolation_duration: 1}
$data merge entity $(bone_bone) {transformation: [-1f,0f,0f,0f,0f,0.9927f,-0.121f,1.3229f,0f,-0.121f,-0.9927f,-0.7897f,0f,0f,0f,1f],start_interpolation: 0,interpolation_duration: 1}
$data merge entity $(bone_left_arm1) {transformation: [-1f,0f,0f,0.25f,0f,0.1494f,0.9888f,1.2821f,0f,0.9888f,-0.1494f,-0.7113f,0f,0f,0f,1f],start_interpolation: 0,interpolation_duration: 1}
$data merge entity $(bone_right_arm1) {transformation: [-1f,0f,0f,-0.25f,0f,0.1494f,0.9888f,1.2821f,0f,0.9888f,-0.1494f,-0.7113f,0f,0f,0f,1f],start_interpolation: 0,interpolation_duration: 1}
data modify entity @s data merge value {"cameras":{},"locators":{"mouse":{"posx":8.675157288233819e-17,"posy":1.6074848912351323,"posz":-0.7083803505038189,"roty":0,"rotx":-65},"left_arm":{"posx":0.3125000000000002,"posy":1.1794037286173975,"posz":-1.3910313188522005,"roty":0,"rotx":81.40625000000006},"right_arm":{"posx":-0.31249999999999983,"posy":1.1794037286173975,"posz":-1.3910313188522005,"roty":0,"rotx":81.40625000000006}}}