# This file was generated by Animated Java via MC-Build. It is not recommended to edit this file directly.
$data merge entity $(bone_eyes) {transformation: [-1f,0f,0f,-0.0156f,0f,0.4175f,-0.9063f,1.713f,0f,-0.8954f,-0.4226f,-0.9655f,0f,0f,0f,1f],start_interpolation: 0,interpolation_duration: 1}
$data merge entity $(bone_head) {transformation: [-1f,0f,0f,0f,0f,0.4175f,-0.9063f,1.3417f,0f,-0.8954f,-0.4226f,-0.7639f,0f,0f,0f,1f],start_interpolation: 0,interpolation_duration: 1}
$data merge entity $(bone_fabric_overray) {transformation: [-1f,0f,0f,0f,0f,0.9962f,0.0872f,1.3417f,0f,0.0872f,-0.9962f,-0.7639f,0f,0f,0f,1f],start_interpolation: 0,interpolation_duration: 1}
$data merge entity $(bone_fabric) {transformation: [-1f,0f,0f,0f,0f,0.9962f,0.0872f,1.3417f,0f,0.0872f,-0.9962f,-0.7639f,0f,0f,0f,1f],start_interpolation: 0,interpolation_duration: 1}
$data merge entity $(bone_bone_overray) {transformation: [-1f,0f,0f,0f,0f,0.9934f,-0.1147f,1.3229f,0f,-0.1147f,-0.9934f,-0.8235f,0f,0f,0f,1f],start_interpolation: 0,interpolation_duration: 1}
$data merge entity $(bone_bone) {transformation: [-1f,0f,0f,0f,0f,0.9934f,-0.1147f,1.3229f,0f,-0.1147f,-0.9934f,-0.8235f,0f,0f,0f,1f],start_interpolation: 0,interpolation_duration: 1}
$data merge entity $(bone_left_arm1) {transformation: [-1f,0f,0f,0.25f,0f,0.1242f,0.9923f,1.2821f,0f,0.9923f,-0.1242f,-0.7451f,0f,0f,0f,1f],start_interpolation: 0,interpolation_duration: 1}
$data merge entity $(bone_right_arm1) {transformation: [-1f,0f,0f,-0.25f,0f,0.1242f,0.9923f,1.2821f,0f,0.9923f,-0.1242f,-0.7451f,0f,0f,0f,1f],start_interpolation: 0,interpolation_duration: 1}
data modify entity @s data merge value {"cameras":{},"locators":{"mouse":{"posx":9.088880549358817e-17,"posy":1.607462143625031,"posz":-0.7421634185209033,"roty":0,"rotx":-65.00000000000001},"left_arm":{"posx":0.3125000000000002,"posy":1.196724092651819,"posz":-1.4272558291761992,"roty":0,"rotx":82.8634643554688},"right_arm":{"posx":-0.31249999999999983,"posy":1.196724092651819,"posz":-1.4272558291761992,"roty":0,"rotx":82.8634643554688}}}