# This file was generated by Animated Java via MC-Build. It is not recommended to edit this file directly.
$data merge entity $(bone_eyes) {transformation: [-1f,0f,0f,-0.0156f,0f,0.4173f,-0.9063f,1.7129f,0f,-0.8949f,-0.4226f,-0.9977f,0f,0f,0f,1f],start_interpolation: 0,interpolation_duration: 1}
$data merge entity $(bone_head) {transformation: [-1f,0f,0f,0f,0f,0.4173f,-0.9063f,1.3417f,0f,-0.8949f,-0.4226f,-0.7963f,0f,0f,0f,1f],start_interpolation: 0,interpolation_duration: 1}
$data merge entity $(bone_fabric_overray) {transformation: [-1f,0f,0f,0f,0f,0.9962f,0.0872f,1.3417f,0f,0.0872f,-0.9962f,-0.7963f,0f,0f,0f,1f],start_interpolation: 0,interpolation_duration: 1}
$data merge entity $(bone_fabric) {transformation: [-1f,0f,0f,0f,0f,0.9962f,0.0872f,1.3417f,0f,0.0872f,-0.9962f,-0.7963f,0f,0f,0f,1f],start_interpolation: 0,interpolation_duration: 1}
$data merge entity $(bone_bone_overray) {transformation: [-1f,0f,0f,0f,0f,0.9939f,-0.1106f,1.3229f,0f,-0.1106f,-0.9939f,-0.8559f,0f,0f,0f,1f],start_interpolation: 0,interpolation_duration: 1}
$data merge entity $(bone_bone) {transformation: [-1f,0f,0f,0f,0f,0.9939f,-0.1106f,1.3229f,0f,-0.1106f,-0.9939f,-0.8559f,0f,0f,0f,1f],start_interpolation: 0,interpolation_duration: 1}
$data merge entity $(bone_left_arm1) {transformation: [-1f,0f,0f,0.25f,0f,0.105f,0.9945f,1.2821f,0f,0.9945f,-0.105f,-0.7775f,0f,0f,0f,1f],start_interpolation: 0,interpolation_duration: 1}
$data merge entity $(bone_right_arm1) {transformation: [-1f,0f,0f,-0.25f,0f,0.105f,0.9945f,1.2821f,0f,0.9945f,-0.105f,-0.7775f,0f,0f,0f,1f],start_interpolation: 0,interpolation_duration: 1}
data modify entity @s data merge value {"cameras":{},"locators":{"mouse":{"posx":9.485468597059362e-17,"posy":1.6074393960149298,"posz":-0.7745472901789736,"roty":0,"rotx":-65.00000000000001},"left_arm":{"posx":0.3125000000000002,"posy":1.209939684282466,"posz":-1.461213415102291,"roty":0,"rotx":83.97216796875},"right_arm":{"posx":-0.31249999999999983,"posy":1.209939684282466,"posz":-1.461213415102291,"roty":0,"rotx":83.97216796875}}}