# This file was generated by Animated Java via MC-Build. It is not recommended to edit this file directly.
$data merge entity $(bone_eyes) {transformation: [-1f,0f,0f,-0.0156f,0f,0.417f,-0.9063f,1.7128f,0f,-0.8943f,-0.4226f,-1.0284f,0f,0f,0f,1f],start_interpolation: 0,interpolation_duration: 1}
$data merge entity $(bone_head) {transformation: [-1f,0f,0f,0f,0f,0.417f,-0.9063f,1.3417f,0f,-0.8943f,-0.4226f,-0.8271f,0f,0f,0f,1f],start_interpolation: 0,interpolation_duration: 1}
$data merge entity $(bone_fabric_overray) {transformation: [-1f,0f,0f,0f,0f,0.9962f,0.0872f,1.3417f,0f,0.0872f,-0.9962f,-0.8271f,0f,0f,0f,1f],start_interpolation: 0,interpolation_duration: 1}
$data merge entity $(bone_fabric) {transformation: [-1f,0f,0f,0f,0f,0.9962f,0.0872f,1.3417f,0f,0.0872f,-0.9962f,-0.8271f,0f,0f,0f,1f],start_interpolation: 0,interpolation_duration: 1}
$data merge entity $(bone_bone_overray) {transformation: [-1f,0f,0f,0f,0f,0.9941f,-0.1089f,1.3229f,0f,-0.1089f,-0.9941f,-0.8867f,0f,0f,0f,1f],start_interpolation: 0,interpolation_duration: 1}
$data merge entity $(bone_bone) {transformation: [-1f,0f,0f,0f,0f,0.9941f,-0.1089f,1.3229f,0f,-0.1089f,-0.9941f,-0.8867f,0f,0f,0f,1f],start_interpolation: 0,interpolation_duration: 1}
$data merge entity $(bone_left_arm1) {transformation: [-1f,0f,0f,0.25f,0f,0.0944f,0.9955f,1.2821f,0f,0.9955f,-0.0944f,-0.8083f,0f,0f,0f,1f],start_interpolation: 0,interpolation_duration: 1}
$data merge entity $(bone_right_arm1) {transformation: [-1f,0f,0f,-0.25f,0f,0.0944f,0.9955f,1.2821f,0f,0.9955f,-0.0944f,-0.8083f,0f,0f,0f,1f],start_interpolation: 0,interpolation_duration: 1}
data modify entity @s data merge value {"cameras":{},"locators":{"mouse":{"posx":9.862285244654764e-17,"posy":1.6074166484048285,"posz":-0.8053167044997194,"roty":0,"rotx":-65.00000000000001},"left_arm":{"posx":0.3125000000000002,"posy":1.2172450706108844,"posz":-1.492763605706418,"roty":0,"rotx":84.58404541015624},"right_arm":{"posx":-0.3124999999999998,"posy":1.2172450706108844,"posz":-1.492763605706418,"roty":0,"rotx":84.58404541015624}}}