# This file was generated by Animated Java via MC-Build. It is not recommended to edit this file directly.
$data merge entity $(bone_eyes) {transformation: [0f,0f,0f,-0.0156f,0f,0f,0f,1.7071f,0f,0f,0f,-1.0598f,0f,0f,0f,1f],start_interpolation: 0,interpolation_duration: 1}
$data merge entity $(bone_head) {transformation: [-1f,0f,0f,0f,0f,0.4168f,-0.9063f,1.3417f,0f,-0.8938f,-0.4226f,-0.8561f,0f,0f,0f,1f],start_interpolation: 0,interpolation_duration: 1}
$data merge entity $(bone_fabric_overray) {transformation: [-1f,0f,0f,0f,0f,0.9962f,0.0872f,1.3417f,0f,0.0872f,-0.9962f,-0.8561f,0f,0f,0f,1f],start_interpolation: 0,interpolation_duration: 1}
$data merge entity $(bone_fabric) {transformation: [-1f,0f,0f,0f,0f,0.9962f,0.0872f,1.3417f,0f,0.0872f,-0.9962f,-0.8561f,0f,0f,0f,1f],start_interpolation: 0,interpolation_duration: 1}
$data merge entity $(bone_bone_overray) {transformation: [-1f,0f,0f,0f,0f,0.9939f,-0.1099f,1.3229f,0f,-0.1099f,-0.9939f,-0.9157f,0f,0f,0f,1f],start_interpolation: 0,interpolation_duration: 1}
$data merge entity $(bone_bone) {transformation: [-1f,0f,0f,0f,0f,0.9939f,-0.1099f,1.3229f,0f,-0.1099f,-0.9939f,-0.9157f,0f,0f,0f,1f],start_interpolation: 0,interpolation_duration: 1}
$data merge entity $(bone_left_arm1) {transformation: [-1f,0f,0f,0.25f,0f,0.095f,0.9955f,1.2821f,0f,0.9955f,-0.095f,-0.8373f,0f,0f,0f,1f],start_interpolation: 0,interpolation_duration: 1}
$data merge entity $(bone_right_arm1) {transformation: [-1f,0f,0f,-0.25f,0f,0.095f,0.9955f,1.2821f,0f,0.9955f,-0.095f,-0.8373f,0f,0f,0f,1f],start_interpolation: 0,interpolation_duration: 1}
data modify entity @s data merge value {"cameras":{},"locators":{"mouse":{"posx":1.0216694305464342e-16,"posy":1.6073939007947273,"posz":-0.8342564005048313,"roty":0,"rotx":-65.00000000000001},"left_arm":{"posx":0.3125000000000002,"posy":1.2168477221789133,"posz":-1.521714295611895,"roty":0,"rotx":84.55078125},"right_arm":{"posx":-0.3124999999999998,"posy":1.2168477221789133,"posz":-1.521714295611895,"roty":0,"rotx":84.55078125}}}