# This file was generated by Animated Java via MC-Build. It is not recommended to edit this file directly.
$data merge entity $(bone_eyes) {transformation: [0f,0f,0f,-0.0156f,0f,0f,0f,1.707f,0f,0f,0f,-1.0866f,0f,0f,0f,1f],start_interpolation: 0,interpolation_duration: 1}
$data merge entity $(bone_head) {transformation: [-1f,0f,0f,0f,0f,0.4166f,-0.9063f,1.3417f,0f,-0.8933f,-0.4226f,-0.8831f,0f,0f,0f,1f],start_interpolation: 0,interpolation_duration: 1}
$data merge entity $(bone_fabric_overray) {transformation: [-1f,0f,0f,0f,0f,0.9962f,0.0872f,1.3417f,0f,0.0872f,-0.9962f,-0.8831f,0f,0f,0f,1f],start_interpolation: 0,interpolation_duration: 1}
$data merge entity $(bone_fabric) {transformation: [-1f,0f,0f,0f,0f,0.9962f,0.0872f,1.3417f,0f,0.0872f,-0.9962f,-0.8831f,0f,0f,0f,1f],start_interpolation: 0,interpolation_duration: 1}
$data merge entity $(bone_bone_overray) {transformation: [-1f,0f,0f,0f,0f,0.9935f,-0.1141f,1.3229f,0f,-0.1141f,-0.9935f,-0.9427f,0f,0f,0f,1f],start_interpolation: 0,interpolation_duration: 1}
$data merge entity $(bone_bone) {transformation: [-1f,0f,0f,0f,0f,0.9935f,-0.1141f,1.3229f,0f,-0.1141f,-0.9935f,-0.9427f,0f,0f,0f,1f],start_interpolation: 0,interpolation_duration: 1}
$data merge entity $(bone_left_arm1) {transformation: [-1f,0f,0f,0.25f,0f,0.1093f,0.994f,1.2821f,0f,0.994f,-0.1093f,-0.8643f,0f,0f,0f,1f],start_interpolation: 0,interpolation_duration: 1}
$data merge entity $(bone_right_arm1) {transformation: [-1f,0f,0f,-0.25f,0f,0.1093f,0.994f,1.2821f,0f,0.994f,-0.1093f,-0.8643f,0f,0f,0f,1f],start_interpolation: 0,interpolation_duration: 1}
data modify entity @s data merge value {"cameras":{},"locators":{"mouse":{"posx":1.0546059592807408e-16,"posy":1.607371153184626,"posz":-0.8611511172159994,"roty":0,"rotx":-65.00000000000001},"left_arm":{"posx":0.3125000000000002,"posy":1.2069797494921646,"posz":-1.5476445522469238,"roty":0,"rotx":83.72406005859375},"right_arm":{"posx":-0.3124999999999998,"posy":1.2069797494921646,"posz":-1.5476445522469238,"roty":0,"rotx":83.72406005859375}}}