# This file was generated by Animated Java via MC-Build. It is not recommended to edit this file directly.
$data merge entity $(bone_eyes) {transformation: [0f,0f,0f,-0.0156f,0f,0f,0f,1.7069f,0f,0f,0f,-1.1111f,0f,0f,0f,1f],start_interpolation: 0,interpolation_duration: 1}
$data merge entity $(bone_head) {transformation: [-1f,0f,0f,0f,0f,0.4163f,-0.9063f,1.3417f,0f,-0.8928f,-0.4226f,-0.9077f,0f,0f,0f,1f],start_interpolation: 0,interpolation_duration: 1}
$data merge entity $(bone_fabric_overray) {transformation: [-1f,0f,0f,0f,0f,0.9962f,0.0872f,1.3417f,0f,0.0872f,-0.9962f,-0.9077f,0f,0f,0f,1f],start_interpolation: 0,interpolation_duration: 1}
$data merge entity $(bone_fabric) {transformation: [-1f,0f,0f,0f,0f,0.9962f,0.0872f,1.3417f,0f,0.0872f,-0.9962f,-0.9077f,0f,0f,0f,1f],start_interpolation: 0,interpolation_duration: 1}
$data merge entity $(bone_bone_overray) {transformation: [-1f,0f,0f,0f,0f,0.9926f,-0.1216f,1.3229f,0f,-0.1216f,-0.9926f,-0.9673f,0f,0f,0f,1f],start_interpolation: 0,interpolation_duration: 1}
$data merge entity $(bone_bone) {transformation: [-1f,0f,0f,0f,0f,0.9926f,-0.1216f,1.3229f,0f,-0.1216f,-0.9926f,-0.9673f,0f,0f,0f,1f],start_interpolation: 0,interpolation_duration: 1}
$data merge entity $(bone_left_arm1) {transformation: [-1f,0f,0f,0.25f,0f,0.1399f,0.9902f,1.2821f,0f,0.9902f,-0.1399f,-0.8889f,0f,0f,0f,1f],start_interpolation: 0,interpolation_duration: 1}
$data merge entity $(bone_right_arm1) {transformation: [-1f,0f,0f,-0.25f,0f,0.1399f,0.9902f,1.2821f,0f,0.9902f,-0.1399f,-0.8889f,0f,0f,0f,1f],start_interpolation: 0,interpolation_duration: 1}
data modify entity @s data merge value {"cameras":{},"locators":{"mouse":{"posx":1.0847744920003275e-16,"posy":1.6073484055745249,"posz":-0.8857855936549133,"roty":0,"rotx":-65},"left_arm":{"posx":0.3125000000000002,"posy":1.1859256710067234,"posz":-1.5696829245115533,"roty":0,"rotx":81.95556640625009},"right_arm":{"posx":-0.3124999999999998,"posy":1.1859256710067234,"posz":-1.5696829245115533,"roty":0,"rotx":81.95556640625009}}}