# This file was generated by Animated Java via MC-Build. It is not recommended to edit this file directly.
$data merge entity $(bone_eyes) {transformation: [0f,0f,0f,-0.0156f,0f,0f,0f,1.7351f,0f,0f,0f,-1.0763f,0f,0f,0f,1f],start_interpolation: 0,interpolation_duration: 1}
$data merge entity $(bone_head) {transformation: [-1f,0f,0f,0f,0f,0.4914f,-0.8665f,1.3539f,0f,-0.8531f,-0.4991f,-0.9053f,0f,0f,0f,1f],start_interpolation: 0,interpolation_duration: 1}
$data merge entity $(bone_fabric_overray) {transformation: [-1f,0f,0f,0f,0f,0.985f,0.1726f,1.3539f,0f,0.1726f,-0.985f,-0.9053f,0f,0f,0f,1f],start_interpolation: 0,interpolation_duration: 1}
$data merge entity $(bone_fabric) {transformation: [-1f,0f,0f,0f,0f,0.985f,0.1726f,1.3539f,0f,0.1726f,-0.985f,-0.9053f,0f,0f,0f,1f],start_interpolation: 0,interpolation_duration: 1}
$data merge entity $(bone_bone_overray) {transformation: [-1f,0f,0f,0f,0f,0.9989f,-0.0469f,1.3403f,0f,-0.0469f,-0.9989f,-0.9663f,0f,0f,0f,1f],start_interpolation: 0,interpolation_duration: 1}
$data merge entity $(bone_bone) {transformation: [-1f,0f,0f,0f,0f,0.9989f,-0.0469f,1.3403f,0f,-0.0469f,-0.9989f,-0.9663f,0f,0f,0f,1f],start_interpolation: 0,interpolation_duration: 1}
$data merge entity $(bone_left_arm1) {transformation: [-1f,0f,0f,0.25f,0f,0.1039f,0.9946f,1.2929f,0f,0.9946f,-0.1039f,-0.8917f,0f,0f,0f,1f],start_interpolation: 0,interpolation_duration: 1}
$data merge entity $(bone_right_arm1) {transformation: [-1f,0f,0f,-0.25f,0f,0.1039f,0.9946f,1.2929f,0f,0.9946f,-0.1039f,-0.8917f,0f,0f,0f,1f],start_interpolation: 0,interpolation_duration: 1}
data modify entity @s data merge value {"cameras":{},"locators":{"mouse":{"posx":1.0538569960689206e-16,"posy":1.6166318978236611,"posz":-0.8605395423420505,"roty":0,"rotx":-60.06},"left_arm":{"posx":0.3125000000000002,"posy":1.2215038891738008,"posz":-1.5755218499245052,"roty":0,"rotx":84.03698486328123},"right_arm":{"posx":-0.3124999999999998,"posy":1.2215038891738008,"posz":-1.5755218499245052,"roty":0,"rotx":84.03698486328123}}}