# This file was generated by Animated Java via MC-Build. It is not recommended to edit this file directly.
$data merge entity $(bone_eyes) {transformation: [0f,0f,0f,-0.0156f,0f,0f,0f,1.7676f,0f,0f,0f,-1.008f,0f,0f,0f,1f],start_interpolation: 0,interpolation_duration: 1}
$data merge entity $(bone_head) {transformation: [-1f,0f,0f,0f,0f,0.5952f,-0.7963f,1.3679f,0f,-0.7835f,-0.6049f,-0.8869f,0f,0f,0f,1f],start_interpolation: 0,interpolation_duration: 1}
$data merge entity $(bone_fabric_overray) {transformation: [-1f,0f,0f,0f,0f,0.9552f,0.296f,1.3679f,0f,0.296f,-0.9552f,-0.8869f,0f,0f,0f,1f],start_interpolation: 0,interpolation_duration: 1}
$data merge entity $(bone_fabric) {transformation: [-1f,0f,0f,0f,0f,0.9552f,0.296f,1.3679f,0f,0.296f,-0.9552f,-0.8869f,0f,0f,0f,1f],start_interpolation: 0,interpolation_duration: 1}
$data merge entity $(bone_bone_overray) {transformation: [-1f,0f,0f,0f,0f,0.9979f,0.0649f,1.3622f,0f,0.0649f,-0.9979f,-0.9491f,0f,0f,0f,1f],start_interpolation: 0,interpolation_duration: 1}
$data merge entity $(bone_bone) {transformation: [-1f,0f,0f,0f,0f,0.9979f,0.0649f,1.3622f,0f,0.0649f,-0.9979f,-0.9491f,0f,0f,0f,1f],start_interpolation: 0,interpolation_duration: 1}
$data merge entity $(bone_left_arm1) {transformation: [-1f,0f,0f,0.25f,0f,0.0485f,0.9988f,1.3057f,0f,0.9988f,-0.0485f,-0.8811f,0f,0f,0f,1f],start_interpolation: 0,interpolation_duration: 1}
$data merge entity $(bone_right_arm1) {transformation: [-1f,0f,0f,-0.25f,0f,0.0485f,0.9988f,1.3057f,0f,0.9988f,-0.0485f,-0.8811f,0f,0f,0f,1f],start_interpolation: 0,interpolation_duration: 1}
data modify entity @s data merge value {"cameras":{},"locators":{"mouse":{"posx":9.908819211409179e-17,"posy":1.622797905759742,"posz":-0.8091164912453194,"roty":0,"rotx":-52.78000000000001},"left_arm":{"posx":0.3125000000000002,"posy":1.2723432637859398,"posz":-1.5678204856737494,"roty":0,"rotx":87.22000000000031},"right_arm":{"posx":-0.3124999999999998,"posy":1.2723432637859398,"posz":-1.5678204856737494,"roty":0,"rotx":87.22000000000031}}}