# This file was generated by Animated Java via MC-Build. It is not recommended to edit this file directly.
$data merge entity $(bone_eyes) {transformation: [-1f,0f,0f,-0.0156f,0f,0.9248f,-0.3766f,1.7784f,0f,-0.376f,-0.9264f,0.0102f,0f,0f,0f,1f],start_interpolation: 0,interpolation_duration: 1}
$data merge entity $(bone_head) {transformation: [-1f,0f,0f,0f,0f,0.9248f,-0.3766f,1.3659f,0f,-0.376f,-0.9264f,-0.0933f,0f,0f,0f,1f],start_interpolation: 0,interpolation_duration: 1}
$data merge entity $(bone_fabric_overray) {transformation: [-1f,0f,0f,0f,0f,0.9994f,0.0338f,1.3659f,0f,0.0338f,-0.9994f,-0.0933f,0f,0f,0f,1f],start_interpolation: 0,interpolation_duration: 1}
$data merge entity $(bone_fabric) {transformation: [-1f,0f,0f,0f,0f,0.9994f,0.0338f,1.3659f,0f,0.0338f,-0.9994f,-0.0933f,0f,0f,0f,1f],start_interpolation: 0,interpolation_duration: 1}
$data merge entity $(bone_bone_overray) {transformation: [-1f,0f,0f,0f,0f,0.8706f,-0.4919f,1.3649f,0f,-0.4919f,-0.8706f,-0.1022f,0f,0f,0f,1f],start_interpolation: 0,interpolation_duration: 1}
$data merge entity $(bone_bone) {transformation: [-1f,0f,0f,0f,0f,0.8706f,-0.4919f,1.3649f,0f,-0.4919f,-0.8706f,-0.1022f,0f,0f,0f,1f],start_interpolation: 0,interpolation_duration: 1}
$data merge entity $(bone_left_arm1) {transformation: [-1f,0f,0f,0.25f,0f,-0.1215f,-0.9926f,1.3038f,0f,-0.9926f,0.1215f,-0.0862f,0f,0f,0f,1f],start_interpolation: 0,interpolation_duration: 1}
$data merge entity $(bone_right_arm1) {transformation: [-1f,0f,0f,-0.25f,0f,-0.1215f,-0.9926f,1.3038f,0f,-0.9926f,0.1215f,-0.0862f,0f,0f,0f,1f],start_interpolation: 0,interpolation_duration: 1}
data modify entity @s data merge value {"cameras":{},"locators":{"mouse":{"posx":-1.2617905827823568e-17,"posy":1.5467702045632632,"posz":0.10303302010513277,"roty":0,"rotx":-22.125000000000004},"left_arm":{"posx":0.3124999999999999,"posy":1.3873647375730869,"posz":0.5961699146792496,"roty":180,"rotx":-83.02000000000004},"right_arm":{"posx":-0.3125000000000001,"posy":1.3873647375730869,"posz":0.5961699146792496,"roty":180,"rotx":-83.02000000000004}}}