# This file was generated by Animated Java via MC-Build. It is not recommended to edit this file directly.
$data merge entity $(bone_eyes) {transformation: [0f,0f,0f,-0.0156f,0f,0f,0f,1.7983f,0f,0f,0f,-0.8303f,0f,0f,0f,1f],start_interpolation: 0,interpolation_duration: 1}
$data merge entity $(bone_head) {transformation: [-1f,0f,0f,0f,0f,0.7803f,-0.6079f,1.3811f,0f,-0.5975f,-0.794f,-0.8195f,0f,0f,0f,1f],start_interpolation: 0,interpolation_duration: 1}
$data merge entity $(bone_fabric_overray) {transformation: [-1f,0f,0f,0f,0f,0.8428f,0.5382f,1.3811f,0f,0.5382f,-0.8428f,-0.8195f,0f,0f,0f,1f],start_interpolation: 0,interpolation_duration: 1}
$data merge entity $(bone_fabric) {transformation: [-1f,0f,0f,0f,0f,0.8428f,0.5382f,1.3811f,0f,0.5382f,-0.8428f,-0.8195f,0f,0f,0f,1f],start_interpolation: 0,interpolation_duration: 1}
$data merge entity $(bone_bone_overray) {transformation: [-1f,0f,0f,0f,0f,0.9773f,0.2118f,1.392f,0f,0.2118f,-0.9773f,-0.881f,0f,0f,0f,1f],start_interpolation: 0,interpolation_duration: 1}
$data merge entity $(bone_bone) {transformation: [-1f,0f,0f,0f,0f,0.9773f,0.2118f,1.392f,0f,0.2118f,-0.9773f,-0.881f,0f,0f,0f,1f],start_interpolation: 0,interpolation_duration: 1}
$data merge entity $(bone_left_arm1) {transformation: [-1f,0f,0f,0.25f,0f,0.5806f,0.8142f,1.3196f,0f,0.8142f,-0.5806f,-0.8304f,0f,0f,0f,1f],start_interpolation: 0,interpolation_duration: 1}
$data merge entity $(bone_right_arm1) {transformation: [-1f,0f,0f,-0.25f,0f,0.5806f,0.8142f,1.3196f,0f,0.8142f,-0.5806f,-0.8304f,0f,0f,0f,1f],start_interpolation: 0,interpolation_duration: 1}
data modify entity @s data merge value {"cameras":{},"locators":{"mouse":{"posx":8.290442263140673e-17,"posy":1.606249956541147,"posz":-0.6769659847159852,"roty":0,"rotx":-37.44000000000001},"left_arm":{"posx":0.31250000000000017,"posy":0.9203839384650809,"posz":-1.390104628723893,"roty":0,"rotx":54.5044444444444},"right_arm":{"posx":-0.31249999999999983,"posy":0.9203839384650809,"posz":-1.390104628723893,"roty":0,"rotx":54.5044444444444}}}