# This file was generated by Animated Java via MC-Build. It is not recommended to edit this file directly.
$data merge entity $(bone_eyes) {transformation: [0f,0f,0f,-0.0156f,0f,0f,0f,1.7969f,0f,0f,0f,-0.7668f,0f,0f,0f,1f],start_interpolation: 0,interpolation_duration: 1}
$data merge entity $(bone_head) {transformation: [-1f,0f,0f,0f,0f,0.8284f,-0.5373f,1.3805f,0f,-0.5277f,-0.8434f,-0.792f,0f,0f,0f,1f],start_interpolation: 0,interpolation_duration: 1}
$data merge entity $(bone_fabric_overray) {transformation: [-1f,0f,0f,0f,0f,0.7934f,0.6088f,1.3805f,0f,0.6088f,-0.7934f,-0.792f,0f,0f,0f,1f],start_interpolation: 0,interpolation_duration: 1}
$data merge entity $(bone_fabric) {transformation: [-1f,0f,0f,0f,0f,0.7934f,0.6088f,1.3805f,0f,0.6088f,-0.7934f,-0.792f,0f,0f,0f,1f],start_interpolation: 0,interpolation_duration: 1}
$data merge entity $(bone_bone_overray) {transformation: [-1f,0f,0f,0f,0f,0.989f,0.1482f,1.3967f,0f,0.1482f,-0.989f,-0.8524f,0f,0f,0f,1f],start_interpolation: 0,interpolation_duration: 1}
$data merge entity $(bone_bone) {transformation: [-1f,0f,0f,0f,0f,0.989f,0.1482f,1.3967f,0f,0.1482f,-0.989f,-0.8524f,0f,0f,0f,1f],start_interpolation: 0,interpolation_duration: 1}
$data merge entity $(bone_left_arm1) {transformation: [-1f,0f,0f,0.25f,0f,0.8957f,0.4447f,1.3202f,0f,0.4447f,-0.8957f,-0.8082f,0f,0f,0f,1f],start_interpolation: 0,interpolation_duration: 1}
$data merge entity $(bone_right_arm1) {transformation: [-1f,0f,0f,-0.25f,0f,0.8957f,0.4447f,1.3202f,0f,0.4447f,-0.8957f,-0.8082f,0f,0f,0f,1f],start_interpolation: 0,interpolation_duration: 1}
data modify entity @s data merge value {"cameras":{},"locators":{"mouse":{"posx":7.722829160311143e-17,"posy":1.5925135880147534,"posz":-0.6306168575043906,"roty":0,"rotx":-32.5},"left_arm":{"posx":0.31250000000000017,"posy":0.7043891606349159,"posz":-1.1139194602980105,"roty":0,"rotx":26.406249999999897},"right_arm":{"posx":-0.31249999999999983,"posy":0.7043891606349159,"posz":-1.1139194602980105,"roty":0,"rotx":26.406249999999897}}}