# This file was generated by Animated Java via MC-Build. It is not recommended to edit this file directly.
$data merge entity $(bone_eyes) {transformation: [0f,0f,0f,-0.0156f,0f,0f,0f,1.6196f,0f,0f,0f,-0.4507f,0f,0f,0f,1f],start_interpolation: 0,interpolation_duration: 1}
$data merge entity $(bone_head) {transformation: [-1f,0f,0f,0f,0f,0.9272f,0.3252f,1.3805f,0f,0.3189f,-0.9456f,-0.792f,0f,0f,0f,1f],start_interpolation: 0,interpolation_duration: 1}
$data merge entity $(bone_fabric_overray) {transformation: [-1f,0f,0f,0f,0f,0.8219f,0.5696f,1.3805f,0f,0.5696f,-0.8219f,-0.792f,0f,0f,0f,1f],start_interpolation: 0,interpolation_duration: 1}
$data merge entity $(bone_fabric) {transformation: [-1f,0f,0f,0f,0f,0.8219f,0.5696f,1.3805f,0f,0.5696f,-0.8219f,-0.792f,0f,0f,0f,1f],start_interpolation: 0,interpolation_duration: 1}
$data merge entity $(bone_bone_overray) {transformation: [-1f,0f,0f,0f,0f,0.9763f,-0.2164f,1.3967f,0f,-0.2164f,-0.9763f,-0.8524f,0f,0f,0f,1f],start_interpolation: 0,interpolation_duration: 1}
$data merge entity $(bone_bone) {transformation: [-1f,0f,0f,0f,0f,0.9763f,-0.2164f,1.3967f,0f,-0.2164f,-0.9763f,-0.8524f,0f,0f,0f,1f],start_interpolation: 0,interpolation_duration: 1}
$data merge entity $(bone_left_arm1) {transformation: [-1f,0f,0f,0.25f,0f,0.7071f,-0.7071f,1.3202f,0f,-0.7071f,-0.7071f,-0.8082f,0f,0f,0f,1f],start_interpolation: 0,interpolation_duration: 1}
$data merge entity $(bone_right_arm1) {transformation: [-1f,0f,0f,-0.25f,0f,0.7071f,-0.7071f,1.3202f,0f,-0.7071f,-0.7071f,-0.8082f,0f,0f,0f,1f],start_interpolation: 0,interpolation_duration: 1}
data modify entity @s data merge value {"cameras":{},"locators":{"mouse":{"posx":6.437790747268367e-17,"posy":1.386140936695353,"posz":-0.5256855079971309,"roty":0,"rotx":18.97999999999996},"left_arm":{"posx":0.31250000000000006,"posy":0.8340217348254233,"posz":-0.32202969080168503,"roty":0,"rotx":-45.00000000000001},"right_arm":{"posx":-0.31249999999999994,"posy":0.8340217348254233,"posz":-0.32202969080168503,"roty":0,"rotx":-45.00000000000001}}}