# This file was generated by Animated Java via MC-Build. It is not recommended to edit this file directly.
$data merge entity $(bone_eyes) {transformation: [0f,0f,0f,-0.0156f,0f,0f,0f,1.4989f,0f,0f,0f,-0.3926f,0f,0f,0f,1f],start_interpolation: 0,interpolation_duration: 1}
$data merge entity $(bone_head) {transformation: [-1f,0f,0f,0f,0f,0.7778f,0.6082f,1.3805f,0f,0.596f,-0.7938f,-0.792f,0f,0f,0f,1f],start_interpolation: 0,interpolation_duration: 1}
$data merge entity $(bone_fabric_overray) {transformation: [-1f,0f,0f,0f,0f,0.8611f,0.5084f,1.3805f,0f,0.5084f,-0.8611f,-0.792f,0f,0f,0f,1f],start_interpolation: 0,interpolation_duration: 1}
$data merge entity $(bone_fabric) {transformation: [-1f,0f,0f,0f,0f,0.8611f,0.5084f,1.3805f,0f,0.5084f,-0.8611f,-0.792f,0f,0f,0f,1f],start_interpolation: 0,interpolation_duration: 1}
$data merge entity $(bone_bone_overray) {transformation: [-1f,0f,0f,0f,0f,0.9776f,-0.2104f,1.3967f,0f,-0.2104f,-0.9776f,-0.8524f,0f,0f,0f,1f],start_interpolation: 0,interpolation_duration: 1}
$data merge entity $(bone_bone) {transformation: [-1f,0f,0f,0f,0f,0.9776f,-0.2104f,1.3967f,0f,-0.2104f,-0.9776f,-0.8524f,0f,0f,0f,1f],start_interpolation: 0,interpolation_duration: 1}
$data merge entity $(bone_left_arm1) {transformation: [-1f,0f,0f,0.25f,0f,0.7401f,-0.6725f,1.3202f,0f,-0.6725f,-0.7401f,-0.8082f,0f,0f,0f,1f],start_interpolation: 0,interpolation_duration: 1}
$data merge entity $(bone_right_arm1) {transformation: [-1f,0f,0f,-0.25f,0f,0.7401f,-0.6725f,1.3202f,0f,-0.6725f,-0.7401f,-0.8082f,0f,0f,0f,1f],start_interpolation: 0,interpolation_duration: 1}
data modify entity @s data merge value {"cameras":{},"locators":{"mouse":{"posx":6.584573478919547e-17,"posy":1.3013974672306672,"posz":-0.5376712276146871,"roty":0,"rotx":37.45999999999997},"left_arm":{"posx":0.31250000000000006,"posy":0.8113383702197322,"posz":-0.34582460999794196,"roty":0,"rotx":-42.259999999999984},"right_arm":{"posx":-0.31249999999999994,"posy":0.8113383702197322,"posz":-0.34582460999794196,"roty":0,"rotx":-42.259999999999984}}}