# This file was generated by Animated Java via MC-Build. It is not recommended to edit this file directly.
$data merge entity $(bone_eyes) {transformation: [0f,0f,0f,-0.0156f,0f,0f,0f,1.4092f,0f,0f,0f,-0.3766f,0f,0f,0f,1f],start_interpolation: 0,interpolation_duration: 1}
$data merge entity $(bone_head) {transformation: [-1f,0f,0f,0f,0f,0.6295f,0.766f,1.3805f,0f,0.7502f,-0.6428f,-0.792f,0f,0f,0f,1f],start_interpolation: 0,interpolation_duration: 1}
$data merge entity $(bone_fabric_overray) {transformation: [-1f,0f,0f,0f,0f,0.8985f,0.439f,1.3805f,0f,0.439f,-0.8985f,-0.792f,0f,0f,0f,1f],start_interpolation: 0,interpolation_duration: 1}
$data merge entity $(bone_fabric) {transformation: [-1f,0f,0f,0f,0f,0.8985f,0.439f,1.3805f,0f,0.439f,-0.8985f,-0.792f,0f,0f,0f,1f],start_interpolation: 0,interpolation_duration: 1}
$data merge entity $(bone_bone_overray) {transformation: [-1f,0f,0f,0f,0f,0.9857f,-0.1686f,1.3967f,0f,-0.1686f,-0.9857f,-0.8524f,0f,0f,0f,1f],start_interpolation: 0,interpolation_duration: 1}
$data merge entity $(bone_bone) {transformation: [-1f,0f,0f,0f,0f,0.9857f,-0.1686f,1.3967f,0f,-0.1686f,-0.9857f,-0.8524f,0f,0f,0f,1f],start_interpolation: 0,interpolation_duration: 1}
$data merge entity $(bone_left_arm1) {transformation: [-1f,0f,0f,0.25f,0f,0.9087f,-0.4175f,1.3202f,0f,-0.4175f,-0.9087f,-0.8082f,0f,0f,0f,1f],start_interpolation: 0,interpolation_duration: 1}
$data merge entity $(bone_right_arm1) {transformation: [-1f,0f,0f,-0.25f,0f,0.9087f,-0.4175f,1.3202f,0f,-0.4175f,-0.9087f,-0.8082f,0f,0f,0f,1f],start_interpolation: 0,interpolation_duration: 1}
data modify entity @s data merge value {"cameras":{},"locators":{"mouse":{"posx":6.869781376133717e-17,"posy":1.2480326991370299,"posz":-0.5609602197888182,"roty":0,"rotx":49.99999999999999},"left_arm":{"posx":0.31250000000000006,"posy":0.6954580319975983,"posz":-0.5211000334380511,"roty":0,"rotx":-24.679999999999914},"right_arm":{"posx":-0.31249999999999994,"posy":0.6954580319975983,"posz":-0.5211000334380511,"roty":0,"rotx":-24.679999999999914}}}