# This file was generated by Animated Java via MC-Build. It is not recommended to edit this file directly.
$data merge entity $(bone_eyes) {transformation: [0f,0f,0f,-0.0156f,0f,0f,0f,1.4089f,0f,0f,0f,-0.3771f,0f,0f,0f,1f],start_interpolation: 0,interpolation_duration: 1}
$data merge entity $(bone_head) {transformation: [-1f,0f,0f,0f,0f,0.6284f,0.766f,1.3805f,0f,0.7489f,-0.6428f,-0.792f,0f,0f,0f,1f],start_interpolation: 0,interpolation_duration: 1}
$data merge entity $(bone_fabric_overray) {transformation: [-1f,0f,0f,0f,0f,0.9396f,0.3423f,1.3805f,0f,0.3423f,-0.9396f,-0.792f,0f,0f,0f,1f],start_interpolation: 0,interpolation_duration: 1}
$data merge entity $(bone_fabric) {transformation: [-1f,0f,0f,0f,0f,0.9396f,0.3423f,1.3805f,0f,0.3423f,-0.9396f,-0.792f,0f,0f,0f,1f],start_interpolation: 0,interpolation_duration: 1}
$data merge entity $(bone_bone_overray) {transformation: [-1f,0f,0f,0f,0f,0.9983f,0.0583f,1.3967f,0f,0.0583f,-0.9983f,-0.8524f,0f,0f,0f,1f],start_interpolation: 0,interpolation_duration: 1}
$data merge entity $(bone_bone) {transformation: [-1f,0f,0f,0f,0f,0.9983f,0.0583f,1.3967f,0f,0.0583f,-0.9983f,-0.8524f,0f,0f,0f,1f],start_interpolation: 0,interpolation_duration: 1}
$data merge entity $(bone_left_arm1) {transformation: [-1f,0f,0f,0.25f,0f,0.8434f,0.5373f,1.3202f,0f,0.5373f,-0.8434f,-0.8082f,0f,0f,0f,1f],start_interpolation: 0,interpolation_duration: 1}
$data merge entity $(bone_right_arm1) {transformation: [-1f,0f,0f,-0.25f,0f,0.8434f,0.5373f,1.3202f,0f,0.5373f,-0.8434f,-0.8082f,0f,0f,0f,1f],start_interpolation: 0,interpolation_duration: 1}
data modify entity @s data merge value {"cameras":{},"locators":{"mouse":{"posx":6.871296239939852e-17,"posy":1.2479289041765647,"posz":-0.5610839178058454,"roty":0,"rotx":49.99999999999999},"left_arm":{"posx":0.31250000000000017,"posy":0.7403260278948159,"posz":-1.1775590836058782,"roty":0,"rotx":32.50000000000004},"right_arm":{"posx":-0.31249999999999983,"posy":0.7403260278948159,"posz":-1.1775590836058782,"roty":0,"rotx":32.50000000000004}}}