# This file was generated by Animated Java via MC-Build. It is not recommended to edit this file directly.
$data merge entity $(bone_eyes) {transformation: [0f,0f,0f,-0.0156f,0f,0f,0f,1.4087f,0f,0f,0f,-0.3772f,0f,0f,0f,1f],start_interpolation: 0,interpolation_duration: 1}
$data merge entity $(bone_head) {transformation: [-1f,0f,0f,0f,0f,0.628f,0.766f,1.3805f,0f,0.7485f,-0.6428f,-0.792f,0f,0f,0f,1f],start_interpolation: 0,interpolation_duration: 1}
$data merge entity $(bone_fabric_overray) {transformation: [-1f,0f,0f,0f,0f,0.93f,0.3675f,1.3805f,0f,0.3675f,-0.93f,-0.792f,0f,0f,0f,1f],start_interpolation: 0,interpolation_duration: 1}
$data merge entity $(bone_fabric) {transformation: [-1f,0f,0f,0f,0f,0.93f,0.3675f,1.3805f,0f,0.3675f,-0.93f,-0.792f,0f,0f,0f,1f],start_interpolation: 0,interpolation_duration: 1}
$data merge entity $(bone_bone_overray) {transformation: [-1f,0f,0f,0f,0f,0.9918f,0.1276f,1.3967f,0f,0.1276f,-0.9918f,-0.8524f,0f,0f,0f,1f],start_interpolation: 0,interpolation_duration: 1}
$data merge entity $(bone_bone) {transformation: [-1f,0f,0f,0f,0f,0.9918f,0.1276f,1.3967f,0f,0.1276f,-0.9918f,-0.8524f,0f,0f,0f,1f],start_interpolation: 0,interpolation_duration: 1}
$data merge entity $(bone_left_arm1) {transformation: [-1f,0f,0f,0.25f,0f,0.8533f,0.5214f,1.3202f,0f,0.5214f,-0.8533f,-0.8082f,0f,0f,0f,1f],start_interpolation: 0,interpolation_duration: 1}
$data merge entity $(bone_right_arm1) {transformation: [-1f,0f,0f,-0.25f,0f,0.8533f,0.5214f,1.3202f,0f,0.5214f,-0.8533f,-0.8082f,0f,0f,0f,1f],start_interpolation: 0,interpolation_duration: 1}
data modify entity @s data merge value {"cameras":{},"locators":{"mouse":{"posx":6.871801194541897e-17,"posy":1.2478943058564098,"posz":-0.5611251504781879,"roty":0,"rotx":50},"left_arm":{"posx":0.31250000000000017,"posy":0.7334891323857937,"posz":-1.1666015163694874,"roty":0,"rotx":31.42361111111109},"right_arm":{"posx":-0.31249999999999983,"posy":0.7334891323857937,"posz":-1.1666015163694874,"roty":0,"rotx":31.42361111111109}}}