# This file was generated by Animated Java via MC-Build. It is not recommended to edit this file directly.
$data merge entity $(bone_eyes) {transformation: [0f,0f,0f,-0.0156f,0f,0f,0f,1.4086f,0f,0f,0f,-0.3774f,0f,0f,0f,1f],start_interpolation: 0,interpolation_duration: 1}
$data merge entity $(bone_head) {transformation: [-1f,0f,0f,0f,0f,0.6277f,0.766f,1.3805f,0f,0.748f,-0.6428f,-0.792f,0f,0f,0f,1f],start_interpolation: 0,interpolation_duration: 1}
$data merge entity $(bone_fabric_overray) {transformation: [-1f,0f,0f,0f,0f,0.9147f,0.4042f,1.3805f,0f,0.4042f,-0.9147f,-0.792f,0f,0f,0f,1f],start_interpolation: 0,interpolation_duration: 1}
$data merge entity $(bone_fabric) {transformation: [-1f,0f,0f,0f,0f,0.9147f,0.4042f,1.3805f,0f,0.4042f,-0.9147f,-0.792f,0f,0f,0f,1f],start_interpolation: 0,interpolation_duration: 1}
$data merge entity $(bone_bone_overray) {transformation: [-1f,0f,0f,0f,0f,0.9848f,0.1736f,1.3967f,0f,0.1736f,-0.9848f,-0.8524f,0f,0f,0f,1f],start_interpolation: 0,interpolation_duration: 1}
$data merge entity $(bone_bone) {transformation: [-1f,0f,0f,0f,0f,0.9848f,0.1736f,1.3967f,0f,0.1736f,-0.9848f,-0.8524f,0f,0f,0f,1f],start_interpolation: 0,interpolation_duration: 1}
$data merge entity $(bone_left_arm1) {transformation: [-1f,0f,0f,0.25f,0f,0.9104f,0.4138f,1.3202f,0f,0.4138f,-0.9104f,-0.8082f,0f,0f,0f,1f],start_interpolation: 0,interpolation_duration: 1}
$data merge entity $(bone_right_arm1) {transformation: [-1f,0f,0f,-0.25f,0f,0.9104f,0.4138f,1.3202f,0f,0.4138f,-0.9104f,-0.8082f,0f,0f,0f,1f],start_interpolation: 0,interpolation_duration: 1}
data modify entity @s data merge value {"cameras":{},"locators":{"mouse":{"posx":6.872306149143941e-17,"posy":1.2478597075362547,"posz":-0.5611663831505304,"roty":0,"rotx":50},"left_arm":{"posx":0.31250000000000017,"posy":0.6942831249769491,"posz":-1.0926604759647203,"roty":0,"rotx":24.444444444444503},"right_arm":{"posx":-0.31249999999999983,"posy":0.6942831249769491,"posz":-1.0926604759647203,"roty":0,"rotx":24.444444444444503}}}