# This file was generated by Animated Java via MC-Build. It is not recommended to edit this file directly.
$data merge entity $(bone_eyes) {transformation: [0f,0f,0f,-0.0156f,0f,0f,0f,1.4084f,0f,0f,0f,-0.3777f,0f,0f,0f,1f],start_interpolation: 0,interpolation_duration: 1}
$data merge entity $(bone_head) {transformation: [-1f,0f,0f,0f,0f,0.6269f,0.766f,1.3805f,0f,0.7471f,-0.6428f,-0.792f,0f,0f,0f,1f],start_interpolation: 0,interpolation_duration: 1}
$data merge entity $(bone_fabric_overray) {transformation: [-1f,0f,0f,0f,0f,0.887f,0.4617f,1.3805f,0f,0.4617f,-0.887f,-0.792f,0f,0f,0f,1f],start_interpolation: 0,interpolation_duration: 1}
$data merge entity $(bone_fabric) {transformation: [-1f,0f,0f,0f,0f,0.887f,0.4617f,1.3805f,0f,0.4617f,-0.887f,-0.792f,0f,0f,0f,1f],start_interpolation: 0,interpolation_duration: 1}
$data merge entity $(bone_bone_overray) {transformation: [-1f,0f,0f,0f,0f,0.9757f,0.2191f,1.3967f,0f,0.2191f,-0.9757f,-0.8524f,0f,0f,0f,1f],start_interpolation: 0,interpolation_duration: 1}
$data merge entity $(bone_bone) {transformation: [-1f,0f,0f,0f,0f,0.9757f,0.2191f,1.3967f,0f,0.2191f,-0.9757f,-0.8524f,0f,0f,0f,1f],start_interpolation: 0,interpolation_duration: 1}
$data merge entity $(bone_left_arm1) {transformation: [-1f,0f,0f,0.25f,0f,0.9988f,0.0485f,1.3202f,0f,0.0485f,-0.9988f,-0.8082f,0f,0f,0f,1f],start_interpolation: 0,interpolation_duration: 1}
$data merge entity $(bone_right_arm1) {transformation: [-1f,0f,0f,-0.25f,0f,0.9988f,0.0485f,1.3202f,0f,0.0485f,-0.9988f,-0.8082f,0f,0f,0f,1f],start_interpolation: 0,interpolation_duration: 1}
data modify entity @s data merge value {"cameras":{},"locators":{"mouse":{"posx":6.873316058348031e-17,"posy":1.2477905108959448,"posz":-0.5612488484952152,"roty":0,"rotx":49.99999999999999},"left_arm":{"posx":0.3125000000000001,"posy":0.6334654534470837,"posz":-0.8414834878985011,"roty":0,"rotx":2.7777777777777786},"right_arm":{"posx":-0.3124999999999999,"posy":0.6334654534470837,"posz":-0.8414834878985011,"roty":0,"rotx":2.7777777777777786}}}