# This file was generated by Animated Java via MC-Build. It is not recommended to edit this file directly.
$data merge entity $(bone_eyes) {transformation: [-1f,0f,0f,-0.0156f,0f,0.7977f,-0.6001f,1.7667f,0f,-0.5983f,-0.7999f,-0.2057f,0f,0f,0f,1f],start_interpolation: 0,interpolation_duration: 1}
$data merge entity $(bone_head) {transformation: [-1f,0f,0f,0f,0f,0.7977f,-0.6001f,1.3417f,0f,-0.5983f,-0.7999f,-0.201f,0f,0f,0f,1f],start_interpolation: 0,interpolation_duration: 1}
$data merge entity $(bone_fabric_overray) {transformation: [-1f,0f,0f,0f,0f,0.9982f,-0.06f,1.3417f,0f,-0.06f,-0.9982f,-0.201f,0f,0f,0f,1f],start_interpolation: 0,interpolation_duration: 1}
$data merge entity $(bone_fabric) {transformation: [-1f,0f,0f,0f,0f,0.9982f,-0.06f,1.3417f,0f,-0.06f,-0.9982f,-0.201f,0f,0f,0f,1f],start_interpolation: 0,interpolation_duration: 1}
$data merge entity $(bone_bone_overray) {transformation: [-1f,0f,0f,0f,0f,0.7096f,-0.7046f,1.3337f,0f,-0.7046f,-0.7096f,-0.2266f,0f,0f,0f,1f],start_interpolation: 0,interpolation_duration: 1}
$data merge entity $(bone_bone) {transformation: [-1f,0f,0f,0f,0f,0.7096f,-0.7046f,1.3337f,0f,-0.7046f,-0.7096f,-0.2266f,0f,0f,0f,1f],start_interpolation: 0,interpolation_duration: 1}
$data merge entity $(bone_left_arm1) {transformation: [-1f,0f,0f,0.25f,0f,-0.9848f,-0.1736f,1.2821f,0f,-0.1736f,0.9848f,-0.1822f,0f,0f,0f,1f],start_interpolation: 0,interpolation_duration: 1}
$data merge entity $(bone_right_arm1) {transformation: [-1f,0f,0f,-0.25f,0f,-0.9848f,-0.1736f,1.2821f,0f,-0.1736f,0.9848f,-0.1822f,0f,0f,0f,1f],start_interpolation: 0,interpolation_duration: 1}
data modify entity @s data merge value {"cameras":{},"locators":{"mouse":{"posx":6.998721360910209e-18,"posy":1.566539947755706,"posz":-0.0571488968556729,"roty":0,"rotx":-36.875},"left_arm":{"posx":0.3125,"posy":1.9591904554139328,"posz":-0.06286312023845515,"roty":180,"rotx":-10.000000000000005},"right_arm":{"posx":-0.3125,"posy":1.9591904554139328,"posz":-0.06286312023845524,"roty":180,"rotx":-10.000000000000005}}}