# This file was generated by Animated Java via MC-Build. It is not recommended to edit this file directly.
$data merge entity $(bone_eyes) {transformation: [-1f,0f,0f,-0.0156f,0f,0.7559f,-0.6511f,1.7652f,0f,-0.6485f,-0.759f,-0.2931f,0f,0f,0f,1f],start_interpolation: 0,interpolation_duration: 1}
$data merge entity $(bone_head) {transformation: [-1f,0f,0f,0f,0f,0.7559f,-0.6511f,1.3417f,0f,-0.6485f,-0.759f,-0.2608f,0f,0f,0f,1f],start_interpolation: 0,interpolation_duration: 1}
$data merge entity $(bone_fabric_overray) {transformation: [-1f,0f,0f,0f,0f,0.9993f,0.0382f,1.3417f,0f,0.0382f,-0.9993f,-0.2608f,0f,0f,0f,1f],start_interpolation: 0,interpolation_duration: 1}
$data merge entity $(bone_fabric) {transformation: [-1f,0f,0f,0f,0f,0.9993f,0.0382f,1.3417f,0f,0.0382f,-0.9993f,-0.2608f,0f,0f,0f,1f],start_interpolation: 0,interpolation_duration: 1}
$data merge entity $(bone_bone_overray) {transformation: [-1f,0f,0f,0f,0f,0.7837f,-0.6211f,1.3283f,0f,-0.6211f,-0.7837f,-0.3034f,0f,0f,0f,1f],start_interpolation: 0,interpolation_duration: 1}
$data merge entity $(bone_bone) {transformation: [-1f,0f,0f,0f,0f,0.7837f,-0.6211f,1.3283f,0f,-0.6211f,-0.7837f,-0.3034f,0f,0f,0f,1f],start_interpolation: 0,interpolation_duration: 1}
$data merge entity $(bone_left_arm1) {transformation: [-1f,0f,0f,0.25f,0f,-0.9204f,0.3911f,1.2821f,0f,0.3911f,0.9204f,-0.2421f,0f,0f,0f,1f],start_interpolation: 0,interpolation_duration: 1}
$data merge entity $(bone_right_arm1) {transformation: [-1f,0f,0f,-0.25f,0f,-0.9204f,0.3911f,1.2821f,0f,0.3911f,0.9204f,-0.2421f,0f,0f,0f,1f],start_interpolation: 0,interpolation_duration: 1}
data modify entity @s data merge value {"cameras":{},"locators":{"mouse":{"posx":1.615260428659803e-17,"posy":1.5753878850117728,"posz":-0.13189602339094095,"roty":0,"rotx":-40.625},"left_arm":{"posx":0.3125000000000001,"posy":1.914888404673868,"posz":-0.5109014572975674,"roty":180,"rotx":23.019999999999985},"right_arm":{"posx":-0.31249999999999994,"posy":1.914888404673868,"posz":-0.5109014572975675,"roty":180,"rotx":23.019999999999985}}}