# This file was generated by Animated Java via MC-Build. It is not recommended to edit this file directly.
$data merge entity $(bone_eyes) {transformation: [-1f,0f,0f,-0.0156f,0f,0.7339f,-0.6756f,1.7638f,0f,-0.6725f,-0.7373f,-0.3392f,0f,0f,0f,1f],start_interpolation: 0,interpolation_duration: 1}
$data merge entity $(bone_head) {transformation: [-1f,0f,0f,0f,0f,0.7339f,-0.6756f,1.3417f,0f,-0.6725f,-0.7373f,-0.2933f,0f,0f,0f,1f],start_interpolation: 0,interpolation_duration: 1}
$data merge entity $(bone_fabric_overray) {transformation: [-1f,0f,0f,0f,0f,0.9962f,0.0872f,1.3417f,0f,0.0872f,-0.9962f,-0.2933f,0f,0f,0f,1f],start_interpolation: 0,interpolation_duration: 1}
$data merge entity $(bone_fabric) {transformation: [-1f,0f,0f,0f,0f,0.9962f,0.0872f,1.3417f,0f,0.0872f,-0.9962f,-0.2933f,0f,0f,0f,1f],start_interpolation: 0,interpolation_duration: 1}
$data merge entity $(bone_bone_overray) {transformation: [-1f,0f,0f,0f,0f,0.829f,-0.5592f,1.3256f,0f,-0.5592f,-0.829f,-0.3444f,0f,0f,0f,1f],start_interpolation: 0,interpolation_duration: 1}
$data merge entity $(bone_bone) {transformation: [-1f,0f,0f,0f,0f,0.829f,-0.5592f,1.3256f,0f,-0.5592f,-0.829f,-0.3444f,0f,0f,0f,1f],start_interpolation: 0,interpolation_duration: 1}
$data merge entity $(bone_left_arm1) {transformation: [-1f,0f,0f,0.25f,0f,-0.8263f,0.5632f,1.2821f,0f,0.5632f,0.8263f,-0.2745f,0f,0f,0f,1f],start_interpolation: 0,interpolation_duration: 1}
$data merge entity $(bone_right_arm1) {transformation: [-1f,0f,0f,-0.25f,0f,-0.8263f,0.5632f,1.2821f,0f,0.5632f,0.8263f,-0.2745f,0f,0f,0f,1f],start_interpolation: 0,interpolation_duration: 1}
data modify entity @s data merge value {"cameras":{},"locators":{"mouse":{"posx":2.1064662225287657e-17,"posy":1.579442262706102,"posz":-0.1720060203476928,"roty":0,"rotx":-42.499999999999986},"left_arm":{"posx":0.3125000000000001,"posy":1.8502129046234934,"posz":-0.6617114572768554,"roty":180,"rotx":34.27999999999999},"right_arm":{"posx":-0.31249999999999994,"posy":1.8502129046234934,"posz":-0.6617114572768554,"roty":180,"rotx":34.27999999999999}}}