# This file was generated by Animated Java via MC-Build. It is not recommended to edit this file directly.
$data merge entity $(bone_eyes) {transformation: [-1f,0f,0f,-0.0156f,0f,0.979f,0.2041f,1.8906f,0f,0.2041f,-0.979f,0.3534f,0f,0f,0f,1f],start_interpolation: 0,interpolation_duration: 1}
$data merge entity $(bone_head) {transformation: [-1f,0f,0f,0f,0f,0.979f,0.2041f,1.6053f,0f,0.2041f,-0.979f,0.0373f,0f,0f,0f,1f],start_interpolation: 0,interpolation_duration: 1}
$data merge entity $(bone_fabric_overray) {transformation: [-1f,0f,0f,0f,0f,0.9972f,0.0745f,1.6053f,0f,0.0745f,-0.9972f,0.0373f,0f,0f,0f,1f],start_interpolation: 0,interpolation_duration: 1}
$data merge entity $(bone_fabric) {transformation: [-1f,0f,0f,0f,0f,0.9972f,0.0745f,1.6053f,0f,0.0745f,-0.9972f,0.0373f,0f,0f,0f,1f],start_interpolation: 0,interpolation_duration: 1}
$data merge entity $(bone_bone_overray) {transformation: [-1f,0f,0f,0f,0f,0.9995f,0.031f,1.6053f,0f,0.031f,-0.9995f,0.0373f,0f,0f,0f,1f],start_interpolation: 0,interpolation_duration: 1}
$data merge entity $(bone_bone) {transformation: [-1f,0f,0f,0f,0f,0.9995f,0.031f,1.6053f,0f,0.031f,-0.9995f,0.0373f,0f,0f,0f,1f],start_interpolation: 0,interpolation_duration: 1}
$data merge entity $(bone_left_arm1) {transformation: [-1f,0f,0f,0.25f,0f,-0.9109f,-0.4126f,1.5433f,0f,-0.4126f,0.9109f,0.0299f,0f,0f,0f,1f],start_interpolation: 0,interpolation_duration: 1}
$data merge entity $(bone_right_arm1) {transformation: [-1f,0f,0f,-0.25f,0f,-0.9109f,-0.4126f,1.5433f,0f,-0.4126f,0.9109f,0.0299f,0f,0f,0f,1f],start_interpolation: 0,interpolation_duration: 1}
data modify entity @s data merge value {"cameras":{},"locators":{"mouse":{"posx":-3.6882420870135614e-17,"posy":1.6460926205036757,"posz":0.30116782157773647,"roty":0,"rotx":11.774193548387098},"left_arm":{"posx":0.31249999999999994,"posy":2.1695248407860066,"posz":0.3135718142339315,"roty":180,"rotx":-24.366786140979684},"right_arm":{"posx":-0.31250000000000006,"posy":2.1695248407860066,"posz":0.31357181423393143,"roty":180,"rotx":-24.366786140979684}}}