# This file was generated by Animated Java via MC-Build. It is not recommended to edit this file directly.
$data merge entity $(bone_eyes) {transformation: [-1f,0f,0f,-0.0156f,0f,0.9813f,0.1924f,1.8403f,0f,0.1924f,-0.9813f,0.3464f,0f,0f,0f,1f],start_interpolation: 0,interpolation_duration: 1}
$data merge entity $(bone_head) {transformation: [-1f,0f,0f,0f,0f,0.9813f,0.1924f,1.5513f,0f,0.1924f,-0.9813f,0.0337f,0f,0f,0f,1f],start_interpolation: 0,interpolation_duration: 1}
$data merge entity $(bone_fabric_overray) {transformation: [-1f,0f,0f,0f,0f,0.9956f,0.0936f,1.5513f,0f,0.0936f,-0.9956f,0.0337f,0f,0f,0f,1f],start_interpolation: 0,interpolation_duration: 1}
$data merge entity $(bone_fabric) {transformation: [-1f,0f,0f,0f,0f,0.9956f,0.0936f,1.5513f,0f,0.0936f,-0.9956f,0.0337f,0f,0f,0f,1f],start_interpolation: 0,interpolation_duration: 1}
$data merge entity $(bone_bone_overray) {transformation: [-1f,0f,0f,0f,0f,0.9992f,0.0391f,1.5513f,0f,0.0391f,-0.9992f,0.0337f,0f,0f,0f,1f],start_interpolation: 0,interpolation_duration: 1}
$data merge entity $(bone_bone) {transformation: [-1f,0f,0f,0f,0f,0.9992f,0.0391f,1.5513f,0f,0.0391f,-0.9992f,0.0337f,0f,0f,0f,1f],start_interpolation: 0,interpolation_duration: 1}
$data merge entity $(bone_left_arm1) {transformation: [-1f,0f,0f,0.25f,0f,-0.9069f,-0.4214f,1.4892f,0f,-0.4214f,0.9069f,0.027f,0f,0f,0f,1f],start_interpolation: 0,interpolation_duration: 1}
$data merge entity $(bone_right_arm1) {transformation: [-1f,0f,0f,-0.25f,0f,-0.9069f,-0.4214f,1.4892f,0f,-0.4214f,0.9069f,0.027f,0f,0f,0f,1f],start_interpolation: 0,interpolation_duration: 1}
data modify entity @s data merge value {"cameras":{},"locators":{"mouse":{"posx":-3.638286569495122e-17,"posy":1.5952112852164844,"posz":0.29708864400970453,"roty":0,"rotx":11.09258910937647},"left_arm":{"posx":0.31249999999999994,"posy":2.1126335133663816,"posz":0.31678698903590574,"roty":180,"rotx":-24.925328554360842},"right_arm":{"posx":-0.31250000000000006,"posy":2.1126335133663816,"posz":0.3167869890359057,"roty":180,"rotx":-24.925328554360842}}}