# This file was generated by Animated Java via MC-Build. It is not recommended to edit this file directly.
$data merge entity $(bone_eyes) {transformation: [-1f,0f,0f,-0.0156f,0f,0.982f,0.189f,1.7939f,0f,0.189f,-0.982f,0.3436f,0f,0f,0f,1f],start_interpolation: 0,interpolation_duration: 1}
$data merge entity $(bone_head) {transformation: [-1f,0f,0f,0f,0f,0.982f,0.189f,1.5039f,0f,0.189f,-0.982f,0.0319f,0f,0f,0f,1f],start_interpolation: 0,interpolation_duration: 1}
$data merge entity $(bone_fabric_overray) {transformation: [-1f,0f,0f,0f,0f,0.994f,0.1092f,1.5039f,0f,0.1092f,-0.994f,0.0319f,0f,0f,0f,1f],start_interpolation: 0,interpolation_duration: 1}
$data merge entity $(bone_fabric) {transformation: [-1f,0f,0f,0f,0f,0.994f,0.1092f,1.5039f,0f,0.1092f,-0.994f,0.0319f,0f,0f,0f,1f],start_interpolation: 0,interpolation_duration: 1}
$data merge entity $(bone_bone_overray) {transformation: [-1f,0f,0f,0f,0f,0.9983f,0.0577f,1.5039f,0f,0.0577f,-0.9983f,0.0319f,0f,0f,0f,1f],start_interpolation: 0,interpolation_duration: 1}
$data merge entity $(bone_bone) {transformation: [-1f,0f,0f,0f,0f,0.9983f,0.0577f,1.5039f,0f,0.0577f,-0.9983f,0.0319f,0f,0f,0f,1f],start_interpolation: 0,interpolation_duration: 1}
$data merge entity $(bone_left_arm1) {transformation: [-1f,0f,0f,0.25f,0f,-0.9031f,-0.4294f,1.4417f,0f,-0.4294f,0.9031f,0.0256f,0f,0f,0f,1f],start_interpolation: 0,interpolation_duration: 1}
$data merge entity $(bone_right_arm1) {transformation: [-1f,0f,0f,-0.25f,0f,-0.9031f,-0.4294f,1.4417f,0f,-0.4294f,0.9031f,0.0256f,0f,0f,0f,1f],start_interpolation: 0,interpolation_duration: 1}
data modify entity @s data merge value {"cameras":{},"locators":{"mouse":{"posx":-3.614525264606461e-17,"posy":1.548670111895176,"posz":0.2951483862222996,"roty":0,"rotx":10.89391516975454},"left_arm":{"posx":0.31249999999999994,"posy":2.0625650643436986,"posz":0.32083397709141515,"roty":180,"rotx":-25.43029420549583},"right_arm":{"posx":-0.31250000000000006,"posy":2.0625650643436986,"posz":0.3208339770914151,"roty":180,"rotx":-25.43029420549583}}}