# This file was generated by Animated Java via MC-Build. It is not recommended to edit this file directly.
$data merge entity $(bone_eyes) {transformation: [-1f,0f,0f,-0.0156f,0f,0.9826f,0.1857f,1.734f,0f,0.1857f,-0.9826f,0.3409f,0f,0f,0f,1f],start_interpolation: 0,interpolation_duration: 1}
$data merge entity $(bone_head) {transformation: [-1f,0f,0f,0f,0f,0.9826f,0.1857f,1.4429f,0f,0.1857f,-0.9826f,0.0302f,0f,0f,0f,1f],start_interpolation: 0,interpolation_duration: 1}
$data merge entity $(bone_fabric_overray) {transformation: [-1f,0f,0f,0f,0f,0.9919f,0.1269f,1.4429f,0f,0.1269f,-0.9919f,0.0302f,0f,0f,0f,1f],start_interpolation: 0,interpolation_duration: 1}
$data merge entity $(bone_fabric) {transformation: [-1f,0f,0f,0f,0f,0.9919f,0.1269f,1.4429f,0f,0.1269f,-0.9919f,0.0302f,0f,0f,0f,1f],start_interpolation: 0,interpolation_duration: 1}
$data merge entity $(bone_bone_overray) {transformation: [-1f,0f,0f,0f,0f,0.9971f,0.0762f,1.4429f,0f,0.0762f,-0.9971f,0.0302f,0f,0f,0f,1f],start_interpolation: 0,interpolation_duration: 1}
$data merge entity $(bone_bone) {transformation: [-1f,0f,0f,0f,0f,0.9971f,0.0762f,1.4429f,0f,0.0762f,-0.9971f,0.0302f,0f,0f,0f,1f],start_interpolation: 0,interpolation_duration: 1}
$data merge entity $(bone_left_arm1) {transformation: [-1f,0f,0f,0.25f,0f,-0.9027f,-0.4303f,1.3807f,0f,-0.4303f,0.9027f,0.0242f,0f,0f,0f,1f],start_interpolation: 0,interpolation_duration: 1}
$data merge entity $(bone_right_arm1) {transformation: [-1f,0f,0f,-0.25f,0f,-0.9027f,-0.4303f,1.3807f,0f,-0.4303f,0.9027f,0.0242f,0f,0f,0f,1f],start_interpolation: 0,interpolation_duration: 1}
data modify entity @s data merge value {"cameras":{},"locators":{"mouse":{"posx":-3.590808275282857e-17,"posy":1.4885965519185491,"posz":0.29321174707539494,"roty":0,"rotx":10.702529859870214},"left_arm":{"posx":0.31249999999999994,"posy":2.001301602263695,"posz":0.31997912469732975,"roty":180,"rotx":-25.48387096774195},"right_arm":{"posx":-0.31250000000000006,"posy":2.001301602263695,"posz":0.3199791246973297,"roty":180,"rotx":-25.48387096774195}}}