# This file was generated by Animated Java via MC-Build. It is not recommended to edit this file directly.
$data merge entity $(bone_eyes) {transformation: [-1f,0f,0f,-0.0156f,0f,0.9834f,0.1814f,1.6879f,0f,0.1814f,-0.9834f,0.3378f,0f,0f,0f,1f],start_interpolation: 0,interpolation_duration: 1}
$data merge entity $(bone_head) {transformation: [-1f,0f,0f,0f,0f,0.9834f,0.1814f,1.3954f,0f,0.1814f,-0.9834f,0.0284f,0f,0f,0f,1f],start_interpolation: 0,interpolation_duration: 1}
$data merge entity $(bone_fabric_overray) {transformation: [-1f,0f,0f,0f,0f,0.9894f,0.1453f,1.3954f,0f,0.1453f,-0.9894f,0.0284f,0f,0f,0f,1f],start_interpolation: 0,interpolation_duration: 1}
$data merge entity $(bone_fabric) {transformation: [-1f,0f,0f,0f,0f,0.9894f,0.1453f,1.3954f,0f,0.1453f,-0.9894f,0.0284f,0f,0f,0f,1f],start_interpolation: 0,interpolation_duration: 1}
$data merge entity $(bone_bone_overray) {transformation: [-1f,0f,0f,0f,0f,0.9986f,0.0534f,1.3954f,0f,0.0534f,-0.9986f,0.0284f,0f,0f,0f,1f],start_interpolation: 0,interpolation_duration: 1}
$data merge entity $(bone_bone) {transformation: [-1f,0f,0f,0f,0f,0.9986f,0.0534f,1.3954f,0f,0.0534f,-0.9986f,0.0284f,0f,0f,0f,1f],start_interpolation: 0,interpolation_duration: 1}
$data merge entity $(bone_left_arm1) {transformation: [-1f,0f,0f,0.25f,0f,-0.9499f,-0.3126f,1.3332f,0f,-0.3126f,0.9499f,0.0227f,0f,0f,0f,1f],start_interpolation: 0,interpolation_duration: 1}
$data merge entity $(bone_right_arm1) {transformation: [-1f,0f,0f,-0.25f,0f,-0.9504f,-0.3111f,1.3332f,0f,-0.3111f,0.9504f,0.0227f,0f,0f,0f,1f],start_interpolation: 0,interpolation_duration: 1}
data modify entity @s data merge value {"cameras":{},"locators":{"mouse":{"posx":-3.566485825896254e-17,"posy":1.4422682940184628,"posz":0.29122566836245184,"roty":0,"rotx":10.45283551208502},"left_arm":{"posx":0.3125,"posy":1.9862266674774993,"posz":0.23766561523345445,"roty":180,"rotx":-18.216845878136184},"right_arm":{"posx":-0.3125,"posy":1.9865731387731544,"posz":0.2366099883869909,"roty":180,"rotx":-18.124253285543617}}}