# This file was generated by Animated Java via MC-Build. It is not recommended to edit this file directly.
$data merge entity $(bone_eyes) {transformation: [-1f,0f,0f,-0.0156f,0f,0.9846f,0.175f,1.6572f,0f,0.175f,-0.9846f,0.3341f,0f,0f,0f,1f],start_interpolation: 0,interpolation_duration: 1}
$data merge entity $(bone_head) {transformation: [-1f,0f,0f,0f,0f,0.9846f,0.175f,1.3627f,0f,0.175f,-0.9846f,0.0266f,0f,0f,0f,1f],start_interpolation: 0,interpolation_duration: 1}
$data merge entity $(bone_fabric_overray) {transformation: [-1f,0f,0f,0f,0f,0.9866f,0.1629f,1.3627f,0f,0.1629f,-0.9866f,0.0266f,0f,0f,0f,1f],start_interpolation: 0,interpolation_duration: 1}
$data merge entity $(bone_fabric) {transformation: [-1f,0f,0f,0f,0f,0.9866f,0.1629f,1.3627f,0f,0.1629f,-0.9866f,0.0266f,0f,0f,0f,1f],start_interpolation: 0,interpolation_duration: 1}
$data merge entity $(bone_bone_overray) {transformation: [-1f,0f,0f,0f,0f,0.9964f,0.0844f,1.3627f,0f,0.0844f,-0.9964f,0.0266f,0f,0f,0f,1f],start_interpolation: 0,interpolation_duration: 1}
$data merge entity $(bone_bone) {transformation: [-1f,0f,0f,0f,0f,0.9964f,0.0844f,1.3627f,0f,0.0844f,-0.9964f,0.0266f,0f,0f,0f,1f],start_interpolation: 0,interpolation_duration: 1}
$data merge entity $(bone_left_arm1) {transformation: [-1f,0f,0f,0.25f,0f,-0.9818f,-0.1899f,1.3004f,0f,-0.1899f,0.9818f,0.0213f,0f,0f,0f,1f],start_interpolation: 0,interpolation_duration: 1}
$data merge entity $(bone_right_arm1) {transformation: [-1f,0f,0f,-0.25f,0f,-0.9824f,-0.1868f,1.3004f,0f,-0.1868f,0.9824f,0.0213f,0f,0f,0f,1f],start_interpolation: 0,interpolation_duration: 1}
data modify entity @s data merge value {"cameras":{},"locators":{"mouse":{"posx":-3.540837195405138e-17,"posy":1.4112682176570102,"posz":0.2891312987442915,"roty":0,"rotx":10.079234458760462},"left_arm":{"posx":0.3125,"posy":1.9754236292104785,"posz":0.1519005995593269,"roty":180,"rotx":-10.94982078853051},"right_arm":{"posx":-0.3125,"posy":1.9758421819802532,"posz":0.14971831361428437,"roty":180,"rotx":-10.764635603345297}}}