# This file was generated by Animated Java via MC-Build. It is not recommended to edit this file directly.
$data merge entity $(bone_eyes) {transformation: [-1f,0f,0f,-0.0156f,0f,0.9862f,0.1653f,1.6388f,0f,0.1653f,-0.9862f,0.3294f,0f,0f,0f,1f],start_interpolation: 0,interpolation_duration: 1}
$data merge entity $(bone_head) {transformation: [-1f,0f,0f,0f,0f,0.9862f,0.1653f,1.3413f,0f,0.1653f,-0.9862f,0.0248f,0f,0f,0f,1f],start_interpolation: 0,interpolation_duration: 1}
$data merge entity $(bone_fabric_overray) {transformation: [-1f,0f,0f,0f,0f,0.984f,0.1784f,1.3413f,0f,0.1784f,-0.984f,0.0248f,0f,0f,0f,1f],start_interpolation: 0,interpolation_duration: 1}
$data merge entity $(bone_fabric) {transformation: [-1f,0f,0f,0f,0f,0.984f,0.1784f,1.3413f,0f,0.1784f,-0.984f,0.0248f,0f,0f,0f,1f],start_interpolation: 0,interpolation_duration: 1}
$data merge entity $(bone_bone_overray) {transformation: [-1f,0f,0f,0f,0f,0.9969f,0.0787f,1.3413f,0f,0.0787f,-0.9969f,0.0248f,0f,0f,0f,1f],start_interpolation: 0,interpolation_duration: 1}
$data merge entity $(bone_bone) {transformation: [-1f,0f,0f,0f,0f,0.9969f,0.0787f,1.3413f,0f,0.0787f,-0.9969f,0.0248f,0f,0f,0f,1f],start_interpolation: 0,interpolation_duration: 1}
$data merge entity $(bone_left_arm1) {transformation: [-1f,0f,0f,0.25f,0f,-0.9098f,-0.4149f,1.279f,0f,-0.4149f,0.9098f,0.0199f,0f,0f,0f,1f],start_interpolation: 0,interpolation_duration: 1}
$data merge entity $(bone_right_arm1) {transformation: [-1f,0f,0f,-0.25f,0f,-0.9098f,-0.4149f,1.279f,0f,-0.4149f,0.9098f,0.0199f,0f,0f,0f,1f],start_interpolation: 0,interpolation_duration: 1}
data modify entity @s data merge value {"cameras":{},"locators":{"mouse":{"posx":-3.5130123999008154e-17,"posy":1.3924412780153796,"posz":0.28685923176761746,"roty":0,"rotx":9.516129032258064},"left_arm":{"posx":0.31249999999999994,"posy":1.9045248141767255,"posz":0.3051566838316033,"roty":180,"rotx":-24.516129032258075},"right_arm":{"posx":-0.31250000000000006,"posy":1.9045248141767255,"posz":0.3051566838316032,"roty":180,"rotx":-24.516129032258075}}}