# This file was generated by Animated Java via MC-Build. It is not recommended to edit this file directly.
$data merge entity $(bone_eyes) {transformation: [-1f,0f,0f,-0.0156f,0f,0.9892f,0.1467f,1.6314f,0f,0.1467f,-0.9892f,0.322f,0f,0f,0f,1f],start_interpolation: 0,interpolation_duration: 1}
$data merge entity $(bone_head) {transformation: [-1f,0f,0f,0f,0f,0.9892f,0.1467f,1.3282f,0f,0.1467f,-0.9892f,0.023f,0f,0f,0f,1f],start_interpolation: 0,interpolation_duration: 1}
$data merge entity $(bone_fabric_overray) {transformation: [-1f,0f,0f,0f,0f,0.9817f,0.1902f,1.3282f,0f,0.1902f,-0.9817f,0.023f,0f,0f,0f,1f],start_interpolation: 0,interpolation_duration: 1}
$data merge entity $(bone_fabric) {transformation: [-1f,0f,0f,0f,0f,0.9817f,0.1902f,1.3282f,0f,0.1902f,-0.9817f,0.023f,0f,0f,0f,1f],start_interpolation: 0,interpolation_duration: 1}
$data merge entity $(bone_bone_overray) {transformation: [-1f,0f,0f,0f,0f,0.9973f,0.0731f,1.3282f,0f,0.0731f,-0.9973f,0.023f,0f,0f,0f,1f],start_interpolation: 0,interpolation_duration: 1}
$data merge entity $(bone_bone) {transformation: [-1f,0f,0f,0f,0f,0.9973f,0.0731f,1.3282f,0f,0.0731f,-0.9973f,0.023f,0f,0f,0f,1f],start_interpolation: 0,interpolation_duration: 1}
$data merge entity $(bone_left_arm1) {transformation: [-1f,0f,0f,0.25f,0f,-0.7311f,-0.6823f,1.2659f,0f,-0.6823f,0.7311f,0.0184f,0f,0f,0f,1f],start_interpolation: 0,interpolation_duration: 1}
$data merge entity $(bone_right_arm1) {transformation: [-1f,0f,0f,-0.25f,0f,-0.7282f,-0.6854f,1.2659f,0f,-0.6854f,0.7282f,0.0184f,0f,0f,0f,1f],start_interpolation: 0,interpolation_duration: 1}
data modify entity @s data merge value {"cameras":{},"locators":{"mouse":{"posx":-3.478798024342269e-17,"posy":1.3842940267962516,"posz":0.2840654159847838,"roty":0,"rotx":8.433548387096772},"left_arm":{"posx":0.31249999999999994,"posy":1.7685319982569214,"posz":0.48749885374332175,"roty":180,"rotx":-43.02007899934172},"right_arm":{"posx":-0.31250000000000006,"posy":1.766498586642013,"posz":0.489668463838892,"roty":180,"rotx":-43.26789241042044}}}