# This file was generated by Animated Java via MC-Build. It is not recommended to edit this file directly.
$data merge entity $(bone_eyes) {transformation: [-1f,0f,0f,-0.0156f,0f,0.9926f,0.1217f,1.6315f,0f,0.1217f,-0.9926f,0.3125f,0f,0f,0f,1f],start_interpolation: 0,interpolation_duration: 1}
$data merge entity $(bone_head) {transformation: [-1f,0f,0f,0f,0f,0.9926f,0.1217f,1.3209f,0f,0.1217f,-0.9926f,0.0212f,0f,0f,0f,1f],start_interpolation: 0,interpolation_duration: 1}
$data merge entity $(bone_fabric_overray) {transformation: [-1f,0f,0f,0f,0f,0.9804f,0.1972f,1.3209f,0f,0.1972f,-0.9804f,0.0212f,0f,0f,0f,1f],start_interpolation: 0,interpolation_duration: 1}
$data merge entity $(bone_fabric) {transformation: [-1f,0f,0f,0f,0f,0.9804f,0.1972f,1.3209f,0f,0.1972f,-0.9804f,0.0212f,0f,0f,0f,1f],start_interpolation: 0,interpolation_duration: 1}
$data merge entity $(bone_bone_overray) {transformation: [-1f,0f,0f,0f,0f,0.9977f,0.0675f,1.3209f,0f,0.0675f,-0.9977f,0.0212f,0f,0f,0f,1f],start_interpolation: 0,interpolation_duration: 1}
$data merge entity $(bone_bone) {transformation: [-1f,0f,0f,0f,0f,0.9977f,0.0675f,1.3209f,0f,0.0675f,-0.9977f,0.0212f,0f,0f,0f,1f],start_interpolation: 0,interpolation_duration: 1}
$data merge entity $(bone_left_arm1) {transformation: [-1f,0f,0f,0.25f,0f,-0.3413f,-0.94f,1.2586f,0f,-0.94f,0.3413f,0.017f,0f,0f,0f,1f],start_interpolation: 0,interpolation_duration: 1}
$data merge entity $(bone_right_arm1) {transformation: [-1f,0f,0f,-0.25f,0f,-0.3313f,-0.9435f,1.2586f,0f,-0.9435f,0.3313f,0.017f,0f,0f,0f,1f],start_interpolation: 0,interpolation_duration: 1}
data modify entity @s data merge value {"cameras":{},"locators":{"mouse":{"posx":-3.438701694911097e-17,"posy":1.383542160012252,"posz":0.28079130221915866,"roty":0,"rotx":6.990967741935488},"left_arm":{"posx":0.31249999999999994,"posy":1.4931976904231687,"posz":0.6632408733978334,"roty":180,"rotx":-70.04443712969059},"right_arm":{"posx":-0.3125000000000001,"posy":1.4863616293509128,"posz":0.6656822243201882,"roty":180,"rotx":-70.64939339791216}}}