# This file was generated by Animated Java via MC-Build. It is not recommended to edit this file directly.
$data merge entity $(bone_eyes) {transformation: [-1f,0f,0f,-0.0156f,0f,0.9195f,-0.3931f,1.3583f,0f,-0.3931f,-0.9195f,0.1475f,0f,0f,0f,1f],start_interpolation: 0,interpolation_duration: 1}
$data merge entity $(bone_head) {transformation: [-1f,0f,0f,0f,0f,0.9195f,-0.3931f,0.9435f,0f,-0.3931f,-0.9195f,0.0516f,0f,0f,0f,1f],start_interpolation: 0,interpolation_duration: 1}
$data merge entity $(bone_fabric_overray) {transformation: [-1f,0f,0f,0f,0f,0.9884f,0.1521f,0.9435f,0f,0.1521f,-0.9884f,0.0516f,0f,0f,0f,1f],start_interpolation: 0,interpolation_duration: 1}
$data merge entity $(bone_fabric) {transformation: [-1f,0f,0f,0f,0f,0.9884f,0.1521f,0.9435f,0f,0.1521f,-0.9884f,0.0516f,0f,0f,0f,1f],start_interpolation: 0,interpolation_duration: 1}
$data merge entity $(bone_bone_overray) {transformation: [-1f,0f,0f,0f,0f,0.9971f,0.0759f,0.9435f,0f,0.0759f,-0.9971f,0.0516f,0f,0f,0f,1f],start_interpolation: 0,interpolation_duration: 1}
$data merge entity $(bone_bone) {transformation: [-1f,0f,0f,0f,0f,0.9971f,0.0759f,0.9435f,0f,0.0759f,-0.9971f,0.0516f,0f,0f,0f,1f],start_interpolation: 0,interpolation_duration: 1}
$data merge entity $(bone_left_arm1) {transformation: [-1f,0f,0f,0.25f,0f,-0.5699f,-0.8217f,0.8818f,0f,-0.8217f,0.5699f,0.0415f,0f,0f,0f,1f],start_interpolation: 0,interpolation_duration: 1}
$data merge entity $(bone_right_arm1) {transformation: [-1f,0f,0f,-0.25f,0f,-0.5699f,-0.8217f,0.8818f,0f,-0.8217f,0.5699f,0.0415f,0f,0f,0f,1f],start_interpolation: 0,interpolation_duration: 1}
$execute on vehicle unless entity @s[tag=aj.transforms_only] as $(locator_intaract2) positioned ^0 ^1.2 ^0 rotated ~0 ~0 run function animated_java:ginunga/animations/animation.model.warp_out/zzz/frames/2_locator_commands
$execute on vehicle unless entity @s[tag=aj.transforms_only] as $(locator_intaract) positioned ^0 ^0.2 ^0 rotated ~0 ~0 run function animated_java:ginunga/animations/animation.model.warp_out/zzz/frames/2_locator_commands
data modify entity @s data merge value {"cameras":{},"locators":{"mouse":{"posx":-2.996171621255308e-17,"posy":1.1279729516451298,"posz":0.24465597944985934,"roty":0,"rotx":-23.145161290322587},"left_arm":{"posx":0.31249999999999994,"posy":1.273674888661269,"posz":0.606372960118605,"roty":180,"rotx":-55.25327620967742},"right_arm":{"posx":-0.31250000000000006,"posy":1.273674888661269,"posz":0.6063729601186049,"roty":180,"rotx":-55.25327620967742},"intaract2":{"posx":0,"posy":1.2,"posz":0,"roty":0,"rotx":0},"intaract":{"posx":0,"posy":0.19999999999999996,"posz":0,"roty":0,"rotx":0},"shadow":{"posx":0,"posy":0,"posz":0,"roty":0,"rotx":0}}}