# This file was generated by Animated Java via MC-Build. It is not recommended to edit this file directly.
$data merge entity $(bone_eyes) {transformation: [-1f,0f,0f,-0.0156f,0f,0.9955f,0.0946f,1.6358f,0f,0.0946f,-0.9955f,0.3021f,0f,0f,0f,1f],start_interpolation: 0,interpolation_duration: 1}
$data merge entity $(bone_head) {transformation: [-1f,0f,0f,0f,0f,0.9955f,0.0946f,1.3173f,0f,0.0946f,-0.9955f,0.0195f,0f,0f,0f,1f],start_interpolation: 0,interpolation_duration: 1}
$data merge entity $(bone_fabric_overray) {transformation: [-1f,0f,0f,0f,0f,0.9815f,0.1916f,1.3173f,0f,0.1916f,-0.9815f,0.0195f,0f,0f,0f,1f],start_interpolation: 0,interpolation_duration: 1}
$data merge entity $(bone_fabric) {transformation: [-1f,0f,0f,0f,0f,0.9815f,0.1916f,1.3173f,0f,0.1916f,-0.9815f,0.0195f,0f,0f,0f,1f],start_interpolation: 0,interpolation_duration: 1}
$data merge entity $(bone_bone_overray) {transformation: [-1f,0f,0f,0f,0f,0.9981f,0.0619f,1.3173f,0f,0.0619f,-0.9981f,0.0195f,0f,0f,0f,1f],start_interpolation: 0,interpolation_duration: 1}
$data merge entity $(bone_bone) {transformation: [-1f,0f,0f,0f,0f,0.9981f,0.0619f,1.3173f,0f,0.0619f,-0.9981f,0.0195f,0f,0f,0f,1f],start_interpolation: 0,interpolation_duration: 1}
$data merge entity $(bone_left_arm1) {transformation: [-1f,0f,0f,0.25f,0f,0.2091f,-0.9779f,1.2549f,0f,-0.9779f,-0.2091f,0.0156f,0f,0f,0f,1f],start_interpolation: 0,interpolation_duration: 1}
$data merge entity $(bone_right_arm1) {transformation: [-1f,0f,0f,-0.25f,0f,0.2266f,-0.974f,1.2549f,0f,-0.974f,-0.2266f,0.0156f,0f,0f,0f,1f],start_interpolation: 0,interpolation_duration: 1}
data modify entity @s data merge value {"cameras":{},"locators":{"mouse":{"posx":-3.394826239443639e-17,"posy":1.3870021371851888,"posz":0.2772085993943111,"roty":0,"rotx":5.428387096774194},"left_arm":{"posx":0.3124999999999999,"posy":1.1111961637891188,"posz":0.6878970468233453,"roty":0,"rotx":-77.93120473996045},"right_arm":{"posx":-0.3125000000000001,"posy":1.099161016411603,"posz":0.685210700307576,"roty":0,"rotx":-76.90350794695763}}}