# This file was generated by Animated Java via MC-Build. It is not recommended to edit this file directly.
$data merge entity $(bone_eyes) {transformation: [-1f,0f,0f,-0.0156f,0f,0.9976f,0.0695f,1.6413f,0f,0.0695f,-0.9976f,0.2922f,0f,0f,0f,1f],start_interpolation: 0,interpolation_duration: 1}
$data merge entity $(bone_head) {transformation: [-1f,0f,0f,0f,0f,0.9976f,0.0695f,1.3158f,0f,0.0695f,-0.9976f,0.0177f,0f,0f,0f,1f],start_interpolation: 0,interpolation_duration: 1}
$data merge entity $(bone_fabric_overray) {transformation: [-1f,0f,0f,0f,0f,0.9825f,0.1861f,1.3158f,0f,0.1861f,-0.9825f,0.0177f,0f,0f,0f,1f],start_interpolation: 0,interpolation_duration: 1}
$data merge entity $(bone_fabric) {transformation: [-1f,0f,0f,0f,0f,0.9825f,0.1861f,1.3158f,0f,0.1861f,-0.9825f,0.0177f,0f,0f,0f,1f],start_interpolation: 0,interpolation_duration: 1}
$data merge entity $(bone_bone_overray) {transformation: [-1f,0f,0f,0f,0f,0.9984f,0.0563f,1.3158f,0f,0.0563f,-0.9984f,0.0177f,0f,0f,0f,1f],start_interpolation: 0,interpolation_duration: 1}
$data merge entity $(bone_bone) {transformation: [-1f,0f,0f,0f,0f,0.9984f,0.0563f,1.3158f,0f,0.0563f,-0.9984f,0.0177f,0f,0f,0f,1f],start_interpolation: 0,interpolation_duration: 1}
$data merge entity $(bone_left_arm1) {transformation: [-1f,0f,0f,0.25f,0f,0.7141f,-0.7f,1.2534f,0f,-0.7f,-0.7141f,0.0142f,0f,0f,0f,1f],start_interpolation: 0,interpolation_duration: 1}
$data merge entity $(bone_right_arm1) {transformation: [-1f,0f,0f,-0.25f,0f,0.7319f,-0.6814f,1.2534f,0f,-0.6814f,-0.7319f,0.0142f,0f,0f,0f,1f],start_interpolation: 0,interpolation_duration: 1}
data modify entity @s data merge value {"cameras":{},"locators":{"mouse":{"posx":-3.350579856583224e-17,"posy":1.3919746440035212,"posz":0.27359560804927824,"roty":0,"rotx":3.985806451612904},"left_arm":{"posx":0.31249999999999994,"posy":0.762456666698246,"posz":0.4954189799993439,"roty":0,"rotx":-44.42725477287686},"right_arm":{"posx":-0.31250000000000006,"posy":0.7502536013745889,"posz":0.48264523108419144,"roty":0,"rotx":-42.95495156587976}}}