# This file was generated by Animated Java via MC-Build. It is not recommended to edit this file directly.
$data merge entity $(bone_eyes) {transformation: [-1f,0f,0f,-0.0156f,0f,0.9987f,0.0506f,1.6459f,0f,0.0506f,-0.9987f,0.2842f,0f,0f,0f,1f],start_interpolation: 0,interpolation_duration: 1}
$data merge entity $(bone_head) {transformation: [-1f,0f,0f,0f,0f,0.9987f,0.0506f,1.3153f,0f,0.0506f,-0.9987f,0.0159f,0f,0f,0f,1f],start_interpolation: 0,interpolation_duration: 1}
$data merge entity $(bone_fabric_overray) {transformation: [-1f,0f,0f,0f,0f,0.9836f,0.1806f,1.3153f,0f,0.1806f,-0.9836f,0.0159f,0f,0f,0f,1f],start_interpolation: 0,interpolation_duration: 1}
$data merge entity $(bone_fabric) {transformation: [-1f,0f,0f,0f,0f,0.9836f,0.1806f,1.3153f,0f,0.1806f,-0.9836f,0.0159f,0f,0f,0f,1f],start_interpolation: 0,interpolation_duration: 1}
$data merge entity $(bone_bone_overray) {transformation: [-1f,0f,0f,0f,0f,0.9987f,0.0506f,1.3153f,0f,0.0506f,-0.9987f,0.0159f,0f,0f,0f,1f],start_interpolation: 0,interpolation_duration: 1}
$data merge entity $(bone_bone) {transformation: [-1f,0f,0f,0f,0f,0.9987f,0.0506f,1.3153f,0f,0.0506f,-0.9987f,0.0159f,0f,0f,0f,1f],start_interpolation: 0,interpolation_duration: 1}
$data merge entity $(bone_left_arm1) {transformation: [-1f,0f,0f,0.25f,0f,0.9745f,-0.2243f,1.2529f,0f,-0.2243f,-0.9745f,0.0127f,0f,0f,0f,1f],start_interpolation: 0,interpolation_duration: 1}
$data merge entity $(bone_right_arm1) {transformation: [-1f,0f,0f,-0.25f,0f,0.9814f,-0.192f,1.2529f,0f,-0.192f,-0.9814f,0.0127f,0f,0f,0f,1f],start_interpolation: 0,interpolation_duration: 1}
data modify entity @s data merge value {"cameras":{},"locators":{"mouse":{"posx":-3.310655904169399e-17,"posy":1.3962510452819685,"posz":0.27033556993529945,"roty":0,"rotx":2.903225806451612},"left_arm":{"posx":0.3125,"posy":0.5828877501361367,"posz":0.16697684865616705,"roty":0,"rotx":-12.964121132323871},"right_arm":{"posx":-0.3125,"posy":0.5781538407806819,"posz":0.14473723993739898,"roty":0,"rotx":-11.069077400545414}}}