# This file was generated by Animated Java via MC-Build. It is not recommended to edit this file directly.
$data merge entity $(bone_eyes) {transformation: [-1f,0f,0f,-0.0156f,0f,0.999f,0.045f,1.6471f,0f,0.045f,-0.999f,0.2806f,0f,0f,0f,1f],start_interpolation: 0,interpolation_duration: 1}
$data merge entity $(bone_head) {transformation: [-1f,0f,0f,0f,0f,0.999f,0.045f,1.315f,0f,0.045f,-0.999f,0.0141f,0f,0f,0f,1f],start_interpolation: 0,interpolation_duration: 1}
$data merge entity $(bone_fabric_overray) {transformation: [-1f,0f,0f,0f,0f,0.9846f,0.175f,1.315f,0f,0.175f,-0.9846f,0.0141f,0f,0f,0f,1f],start_interpolation: 0,interpolation_duration: 1}
$data merge entity $(bone_fabric) {transformation: [-1f,0f,0f,0f,0f,0.9846f,0.175f,1.315f,0f,0.175f,-0.9846f,0.0141f,0f,0f,0f,1f],start_interpolation: 0,interpolation_duration: 1}
$data merge entity $(bone_bone_overray) {transformation: [-1f,0f,0f,0f,0f,0.999f,0.045f,1.315f,0f,0.045f,-0.999f,0.0141f,0f,0f,0f,1f],start_interpolation: 0,interpolation_duration: 1}
$data merge entity $(bone_bone) {transformation: [-1f,0f,0f,0f,0f,0.999f,0.045f,1.315f,0f,0.045f,-0.999f,0.0141f,0f,0f,0f,1f],start_interpolation: 0,interpolation_duration: 1}
$data merge entity $(bone_left_arm1) {transformation: [-1f,0f,0f,0.25f,0f,0.9746f,0.2239f,1.2526f,0f,0.2239f,-0.9746f,0.0113f,0f,0f,0f,1f],start_interpolation: 0,interpolation_duration: 1}
$data merge entity $(bone_right_arm1) {transformation: [-1f,0f,0f,-0.25f,0f,0.9651f,0.262f,1.2526f,0f,0.262f,-0.9651f,0.0113f,0f,0f,0f,1f],start_interpolation: 0,interpolation_duration: 1}
data modify entity @s data merge value {"cameras":{},"locators":{"mouse":{"posx":-3.283296009295984e-17,"posy":1.3973957097147813,"posz":0.26810146497601944,"roty":0,"rotx":2.5806451612903234},"left_arm":{"posx":0.3125,"posy":0.5825136062655866,"posz":-0.14260663402695645,"roty":0,"rotx":12.9377880184331},"right_arm":{"posx":-0.3125,"posy":0.5890801845212177,"posz":-0.16881920274268863,"roty":0,"rotx":15.189974607354392}}}