# This file was generated by Animated Java via MC-Build. It is not recommended to edit this file directly.
$data merge entity $(bone_eyes) {transformation: [-1f,0f,0f,-0.0156f,0f,0.9992f,0.0394f,1.6587f,0f,0.0394f,-0.9992f,0.277f,0f,0f,0f,1f],start_interpolation: 0,interpolation_duration: 1}
$data merge entity $(bone_head) {transformation: [-1f,0f,0f,0f,0f,0.9992f,0.0394f,1.3251f,0f,0.0394f,-0.9992f,0.0124f,0f,0f,0f,1f],start_interpolation: 0,interpolation_duration: 1}
$data merge entity $(bone_fabric_overray) {transformation: [-1f,0f,0f,0f,0f,0.9855f,0.1695f,1.3251f,0f,0.1695f,-0.9855f,0.0124f,0f,0f,0f,1f],start_interpolation: 0,interpolation_duration: 1}
$data merge entity $(bone_fabric) {transformation: [-1f,0f,0f,0f,0f,0.9855f,0.1695f,1.3251f,0f,0.1695f,-0.9855f,0.0124f,0f,0f,0f,1f],start_interpolation: 0,interpolation_duration: 1}
$data merge entity $(bone_bone_overray) {transformation: [-1f,0f,0f,0f,0f,0.9992f,0.0394f,1.3251f,0f,0.0394f,-0.9992f,0.0124f,0f,0f,0f,1f],start_interpolation: 0,interpolation_duration: 1}
$data merge entity $(bone_bone) {transformation: [-1f,0f,0f,0f,0f,0.9992f,0.0394f,1.3251f,0f,0.0394f,-0.9992f,0.0124f,0f,0f,0f,1f],start_interpolation: 0,interpolation_duration: 1}
$data merge entity $(bone_left_arm1) {transformation: [-1f,0f,0f,0.25f,0f,0.8681f,0.4963f,1.2627f,0f,0.4963f,-0.8681f,0.0099f,0f,0f,0f,1f],start_interpolation: 0,interpolation_duration: 1}
$data merge entity $(bone_right_arm1) {transformation: [-1f,0f,0f,-0.25f,0f,0.8457f,0.5337f,1.2627f,0f,0.5337f,-0.8457f,0.0099f,0f,0f,0f,1f],start_interpolation: 0,interpolation_duration: 1}
data modify entity @s data merge value {"cameras":{},"locators":{"mouse":{"posx":-3.2558563025947666e-17,"posy":1.4089636276142108,"posz":0.2658608428864241,"roty":0,"rotx":2.258064516129032},"left_arm":{"posx":0.31250000000000006,"posy":0.6658464089312773,"posz":-0.33133421007962127,"roty":0,"rotx":29.758064516129036},"right_arm":{"posx":-0.31249999999999994,"posy":0.6812988352207207,"posz":-0.3570431687841159,"roty":0,"rotx":32.25806451612904}}}