# This file was generated by Animated Java via MC-Build. It is not recommended to edit this file directly.
$data merge entity $(bone_eyes) {transformation: [-1f,0f,0f,-0.0156f,0f,0.9994f,0.0338f,1.6703f,0f,0.0338f,-0.9994f,0.2733f,0f,0f,0f,1f],start_interpolation: 0,interpolation_duration: 1}
$data merge entity $(bone_head) {transformation: [-1f,0f,0f,0f,0f,0.9994f,0.0338f,1.3353f,0f,0.0338f,-0.9994f,0.0106f,0f,0f,0f,1f],start_interpolation: 0,interpolation_duration: 1}
$data merge entity $(bone_fabric_overray) {transformation: [-1f,0f,0f,0f,0f,0.9865f,0.1639f,1.3353f,0f,0.1639f,-0.9865f,0.0106f,0f,0f,0f,1f],start_interpolation: 0,interpolation_duration: 1}
$data merge entity $(bone_fabric) {transformation: [-1f,0f,0f,0f,0f,0.9865f,0.1639f,1.3353f,0f,0.1639f,-0.9865f,0.0106f,0f,0f,0f,1f],start_interpolation: 0,interpolation_duration: 1}
$data merge entity $(bone_bone_overray) {transformation: [-1f,0f,0f,0f,0f,0.9994f,0.0338f,1.3353f,0f,0.0338f,-0.9994f,0.0106f,0f,0f,0f,1f],start_interpolation: 0,interpolation_duration: 1}
$data merge entity $(bone_bone) {transformation: [-1f,0f,0f,0f,0f,0.9994f,0.0338f,1.3353f,0f,0.0338f,-0.9994f,0.0106f,0f,0f,0f,1f],start_interpolation: 0,interpolation_duration: 1}
$data merge entity $(bone_left_arm1) {transformation: [-1f,0f,0f,0.25f,0f,0.7989f,0.6015f,1.2728f,0f,0.6015f,-0.7989f,0.0085f,0f,0f,0f,1f],start_interpolation: 0,interpolation_duration: 1}
$data merge entity $(bone_right_arm1) {transformation: [-1f,0f,0f,-0.25f,0f,0.7703f,0.6377f,1.2728f,0f,0.6377f,-0.7703f,0.0085f,0f,0f,0f,1f],start_interpolation: 0,interpolation_duration: 1}
data modify entity @s data merge value {"cameras":{},"locators":{"mouse":{"posx":-3.2283376538462447e-17,"posy":1.420518912420381,"posz":0.26361377468948105,"roty":0,"rotx":1.9354838709677418},"left_arm":{"posx":0.31250000000000006,"posy":0.7235663650841964,"posz":-0.4050385434682259,"roty":0,"rotx":36.97599313022702},"right_arm":{"posx":-0.31249999999999994,"posy":0.7432318580679567,"posz":-0.42994086780515856,"roty":0,"rotx":39.620669056152934}}}