# This file was generated by Animated Java via MC-Build. It is not recommended to edit this file directly.
$data merge entity $(bone_eyes) {transformation: [-1f,0f,0f,-0.0156f,0f,0.9996f,0.0281f,1.6819f,0f,0.0281f,-0.9996f,0.2696f,0f,0f,0f,1f],start_interpolation: 0,interpolation_duration: 1}
$data merge entity $(bone_head) {transformation: [-1f,0f,0f,0f,0f,0.9996f,0.0281f,1.3454f,0f,0.0281f,-0.9996f,0.0088f,0f,0f,0f,1f],start_interpolation: 0,interpolation_duration: 1}
$data merge entity $(bone_fabric_overray) {transformation: [-1f,0f,0f,0f,0f,0.9874f,0.1584f,1.3454f,0f,0.1584f,-0.9874f,0.0088f,0f,0f,0f,1f],start_interpolation: 0,interpolation_duration: 1}
$data merge entity $(bone_fabric) {transformation: [-1f,0f,0f,0f,0f,0.9874f,0.1584f,1.3454f,0f,0.1584f,-0.9874f,0.0088f,0f,0f,0f,1f],start_interpolation: 0,interpolation_duration: 1}
$data merge entity $(bone_bone_overray) {transformation: [-1f,0f,0f,0f,0f,0.9996f,0.0281f,1.3454f,0f,0.0281f,-0.9996f,0.0088f,0f,0f,0f,1f],start_interpolation: 0,interpolation_duration: 1}
$data merge entity $(bone_bone) {transformation: [-1f,0f,0f,0f,0f,0.9996f,0.0281f,1.3454f,0f,0.0281f,-0.9996f,0.0088f,0f,0f,0f,1f],start_interpolation: 0,interpolation_duration: 1}
$data merge entity $(bone_left_arm1) {transformation: [-1f,0f,0f,0.25f,0f,0.8206f,0.5715f,1.2829f,0f,0.5715f,-0.8206f,0.0071f,0f,0f,0f,1f],start_interpolation: 0,interpolation_duration: 1}
$data merge entity $(bone_right_arm1) {transformation: [-1f,0f,0f,-0.25f,0f,0.7929f,0.6093f,1.2829f,0f,0.6093f,-0.7929f,0.0071f,0f,0f,0f,1f],start_interpolation: 0,interpolation_duration: 1}
data modify entity @s data merge value {"cameras":{},"locators":{"mouse":{"posx":-3.200740935333212e-17,"posy":1.4320615280415125,"posz":0.2613603316124855,"roty":0,"rotx":1.612903225806452},"left_arm":{"posx":0.31250000000000006,"posy":0.7187376463369538,"posz":-0.38583251330431495,"roty":0,"rotx":34.85364396654719},"right_arm":{"posx":-0.31249999999999994,"posy":0.7377634582285109,"posz":-0.41183157172431645,"roty":0,"rotx":37.538829151732386}}}