# This file was generated by Animated Java via MC-Build. It is not recommended to edit this file directly.
$data merge entity $(bone_eyes) {transformation: [-1f,0f,0f,-0.0156f,0f,0.9997f,0.0225f,1.6935f,0f,0.0225f,-0.9997f,0.266f,0f,0f,0f,1f],start_interpolation: 0,interpolation_duration: 1}
$data merge entity $(bone_head) {transformation: [-1f,0f,0f,0f,0f,0.9997f,0.0225f,1.3555f,0f,0.0225f,-0.9997f,0.0071f,0f,0f,0f,1f],start_interpolation: 0,interpolation_duration: 1}
$data merge entity $(bone_fabric_overray) {transformation: [-1f,0f,0f,0f,0f,0.9883f,0.1528f,1.3555f,0f,0.1528f,-0.9883f,0.0071f,0f,0f,0f,1f],start_interpolation: 0,interpolation_duration: 1}
$data merge entity $(bone_fabric) {transformation: [-1f,0f,0f,0f,0f,0.9883f,0.1528f,1.3555f,0f,0.1528f,-0.9883f,0.0071f,0f,0f,0f,1f],start_interpolation: 0,interpolation_duration: 1}
$data merge entity $(bone_bone_overray) {transformation: [-1f,0f,0f,0f,0f,0.9997f,0.0225f,1.3555f,0f,0.0225f,-0.9997f,0.0071f,0f,0f,0f,1f],start_interpolation: 0,interpolation_duration: 1}
$data merge entity $(bone_bone) {transformation: [-1f,0f,0f,0f,0f,0.9997f,0.0225f,1.3555f,0f,0.0225f,-0.9997f,0.0071f,0f,0f,0f,1f],start_interpolation: 0,interpolation_duration: 1}
$data merge entity $(bone_left_arm1) {transformation: [-1f,0f,0f,0.25f,0f,0.8929f,0.4502f,1.293f,0f,0.4502f,-0.8929f,0.0056f,0f,0f,0f,1f],start_interpolation: 0,interpolation_duration: 1}
$data merge entity $(bone_right_arm1) {transformation: [-1f,0f,0f,-0.25f,0f,0.8711f,0.4911f,1.293f,0f,0.4911f,-0.8711f,0.0056f,0f,0f,0f,1f],start_interpolation: 0,interpolation_duration: 1}
data modify entity @s data merge value {"cameras":{},"locators":{"mouse":{"posx":-3.173067021813105e-17,"posy":1.443591438787412,"posz":0.25910058508480305,"roty":0,"rotx":1.290322580645162},"left_arm":{"posx":0.31250000000000006,"posy":0.6791366612758467,"posz":-0.3038944200517602,"roty":0,"rotx":26.75907258064514},"right_arm":{"posx":-0.31249999999999994,"posy":0.6941414607803422,"posz":-0.3320110311827856,"roty":0,"rotx":29.415322580645142}}}