# This file was generated by Animated Java via MC-Build. It is not recommended to edit this file directly.
$data merge entity $(bone_eyes) {transformation: [-1f,0f,0f,-0.0156f,0f,0.9999f,0.0169f,1.7051f,0f,0.0169f,-0.9999f,0.2623f,0f,0f,0f,1f],start_interpolation: 0,interpolation_duration: 1}
$data merge entity $(bone_head) {transformation: [-1f,0f,0f,0f,0f,0.9999f,0.0169f,1.3656f,0f,0.0169f,-0.9999f,0.0053f,0f,0f,0f,1f],start_interpolation: 0,interpolation_duration: 1}
$data merge entity $(bone_fabric_overray) {transformation: [-1f,0f,0f,0f,0f,0.9891f,0.1473f,1.3656f,0f,0.1473f,-0.9891f,0.0053f,0f,0f,0f,1f],start_interpolation: 0,interpolation_duration: 1}
$data merge entity $(bone_fabric) {transformation: [-1f,0f,0f,0f,0f,0.9891f,0.1473f,1.3656f,0f,0.1473f,-0.9891f,0.0053f,0f,0f,0f,1f],start_interpolation: 0,interpolation_duration: 1}
$data merge entity $(bone_bone_overray) {transformation: [-1f,0f,0f,0f,0f,0.9999f,0.0169f,1.3656f,0f,0.0169f,-0.9999f,0.0053f,0f,0f,0f,1f],start_interpolation: 0,interpolation_duration: 1}
$data merge entity $(bone_bone) {transformation: [-1f,0f,0f,0f,0f,0.9999f,0.0169f,1.3656f,0f,0.0169f,-0.9999f,0.0053f,0f,0f,0f,1f],start_interpolation: 0,interpolation_duration: 1}
$data merge entity $(bone_left_arm1) {transformation: [-1f,0f,0f,0.25f,0f,0.961f,0.2766f,1.3031f,0f,0.2766f,-0.961f,0.0042f,0f,0f,0f,1f],start_interpolation: 0,interpolation_duration: 1}
$data merge entity $(bone_right_arm1) {transformation: [-1f,0f,0f,-0.25f,0f,0.9475f,0.3198f,1.3031f,0f,0.3198f,-0.9475f,0.0042f,0f,0f,0f,1f],start_interpolation: 0,interpolation_duration: 1}
data modify entity @s data merge value {"cameras":{},"locators":{"mouse":{"posx":-3.1453167904902804e-17,"posy":1.4551086093706032,"posz":0.2568346067356051,"roty":0,"rotx":0.9677419354838721},"left_arm":{"posx":0.3125,"posy":0.642435767964718,"posz":-0.1859652093758049,"roty":0,"rotx":16.06033452807646},"right_arm":{"posx":-0.3125,"posy":0.6517153272035562,"posz":-0.21565505527983067,"roty":0,"rotx":18.652927120669073}}}