# This file was generated by Animated Java via MC-Build. It is not recommended to edit this file directly.
$data merge entity $(bone_eyes) {transformation: [-1f,0f,0f,-0.0156f,0f,0.9999f,0.0113f,1.7166f,0f,0.0113f,-0.9999f,0.2586f,0f,0f,0f,1f],start_interpolation: 0,interpolation_duration: 1}
$data merge entity $(bone_head) {transformation: [-1f,0f,0f,0f,0f,0.9999f,0.0113f,1.3757f,0f,0.0113f,-0.9999f,0.0035f,0f,0f,0f,1f],start_interpolation: 0,interpolation_duration: 1}
$data merge entity $(bone_fabric_overray) {transformation: [-1f,0f,0f,0f,0f,0.9899f,0.1417f,1.3757f,0f,0.1417f,-0.9899f,0.0035f,0f,0f,0f,1f],start_interpolation: 0,interpolation_duration: 1}
$data merge entity $(bone_fabric) {transformation: [-1f,0f,0f,0f,0f,0.9899f,0.1417f,1.3757f,0f,0.1417f,-0.9899f,0.0035f,0f,0f,0f,1f],start_interpolation: 0,interpolation_duration: 1}
$data merge entity $(bone_bone_overray) {transformation: [-1f,0f,0f,0f,0f,0.9999f,0.0113f,1.3757f,0f,0.0113f,-0.9999f,0.0035f,0f,0f,0f,1f],start_interpolation: 0,interpolation_duration: 1}
$data merge entity $(bone_bone) {transformation: [-1f,0f,0f,0f,0f,0.9999f,0.0113f,1.3757f,0f,0.0113f,-0.9999f,0.0035f,0f,0f,0f,1f],start_interpolation: 0,interpolation_duration: 1}
$data merge entity $(bone_left_arm1) {transformation: [-1f,0f,0f,0.25f,0f,0.9943f,0.1067f,1.3132f,0f,0.1067f,-0.9943f,0.0028f,0f,0f,0f,1f],start_interpolation: 0,interpolation_duration: 1}
$data merge entity $(bone_right_arm1) {transformation: [-1f,0f,0f,-0.25f,0f,0.9886f,0.1505f,1.3132f,0f,0.1505f,-0.9886f,0.0028f,0f,0f,0f,1f],start_interpolation: 0,interpolation_duration: 1}
data modify entity @s data merge value {"cameras":{},"locators":{"mouse":{"posx":-3.117491120988207e-17,"posy":1.4666130049074468,"posz":0.2545624683915988,"roty":0,"rotx":0.6451612903225818},"left_arm":{"posx":0.3125,"posy":0.6296131249529996,"posz":-0.07054166285902377,"roty":0,"rotx":6.125485364396657},"right_arm":{"posx":-0.3125,"posy":0.6335158392906342,"posz":-0.10063220988783562,"roty":0,"rotx":8.654420549581848}}}