# This file was generated by Animated Java via MC-Build. It is not recommended to edit this file directly.
$data merge entity $(bone_eyes) {transformation: [-1f,0f,0f,-0.0156f,0f,0.9173f,-0.3982f,1.7026f,0f,-0.3982f,-0.9173f,0.1434f,0f,0f,0f,1f],start_interpolation: 0,interpolation_duration: 1}
$data merge entity $(bone_head) {transformation: [-1f,0f,0f,0f,0f,0.9173f,-0.3982f,1.2872f,0f,-0.3982f,-0.9173f,0.0498f,0f,0f,0f,1f],start_interpolation: 0,interpolation_duration: 1}
$data merge entity $(bone_fabric_overray) {transformation: [-1f,0f,0f,0f,0f,0.9903f,0.1393f,1.2872f,0f,0.1393f,-0.9903f,0.0498f,0f,0f,0f,1f],start_interpolation: 0,interpolation_duration: 1}
$data merge entity $(bone_fabric) {transformation: [-1f,0f,0f,0f,0f,0.9903f,0.1393f,1.2872f,0f,0.1393f,-0.9903f,0.0498f,0f,0f,0f,1f],start_interpolation: 0,interpolation_duration: 1}
$data merge entity $(bone_bone_overray) {transformation: [-1f,0f,0f,0f,0f,0.9975f,0.0703f,1.2872f,0f,0.0703f,-0.9975f,0.0498f,0f,0f,0f,1f],start_interpolation: 0,interpolation_duration: 1}
$data merge entity $(bone_bone) {transformation: [-1f,0f,0f,0f,0f,0.9975f,0.0703f,1.2872f,0f,0.0703f,-0.9975f,0.0498f,0f,0f,0f,1f],start_interpolation: 0,interpolation_duration: 1}
$data merge entity $(bone_left_arm1) {transformation: [-1f,0f,0f,0.25f,0f,-0.6388f,-0.7694f,1.2255f,0f,-0.7694f,0.6388f,0.04f,0f,0f,0f,1f],start_interpolation: 0,interpolation_duration: 1}
$data merge entity $(bone_right_arm1) {transformation: [-1f,0f,0f,-0.25f,0f,-0.6388f,-0.7694f,1.2255f,0f,-0.7694f,0.6388f,0.04f,0f,0f,0f,1f],start_interpolation: 0,interpolation_duration: 1}
data modify entity @s data merge value {"cameras":{},"locators":{"mouse":{"posx":-2.9614570826165273e-17,"posy":1.4727405299920813,"posz":0.24182132225213093,"roty":0,"rotx":-23.46774193548388},"left_arm":{"posx":0.31249999999999994,"posy":1.6646433683582136,"posz":0.5689611053469202,"roty":180,"rotx":-50.29690650201612},"right_arm":{"posx":-0.31250000000000006,"posy":1.6646433683582136,"posz":0.5689611053469202,"roty":180,"rotx":-50.29690650201612}}}