# This file was generated by Animated Java via MC-Build. It is not recommended to edit this file directly.
$data merge entity $(bone_eyes) {transformation: [-1f,0f,0f,-0.0156f,0f,0.915f,-0.4034f,2.0468f,0f,-0.4034f,-0.915f,0.1393f,0f,0f,0f,1f],start_interpolation: 0,interpolation_duration: 1}
$data merge entity $(bone_head) {transformation: [-1f,0f,0f,0f,0f,0.915f,-0.4034f,1.6309f,0f,-0.4034f,-0.915f,0.048f,0f,0f,0f,1f],start_interpolation: 0,interpolation_duration: 1}
$data merge entity $(bone_fabric_overray) {transformation: [-1f,0f,0f,0f,0f,0.992f,0.126f,1.6309f,0f,0.126f,-0.992f,0.048f,0f,0f,0f,1f],start_interpolation: 0,interpolation_duration: 1}
$data merge entity $(bone_fabric) {transformation: [-1f,0f,0f,0f,0f,0.992f,0.126f,1.6309f,0f,0.126f,-0.992f,0.048f,0f,0f,0f,1f],start_interpolation: 0,interpolation_duration: 1}
$data merge entity $(bone_bone_overray) {transformation: [-1f,0f,0f,0f,0f,0.9979f,0.0647f,1.6309f,0f,0.0647f,-0.9979f,0.048f,0f,0f,0f,1f],start_interpolation: 0,interpolation_duration: 1}
$data merge entity $(bone_bone) {transformation: [-1f,0f,0f,0f,0f,0.9979f,0.0647f,1.6309f,0f,0.0647f,-0.9979f,0.048f,0f,0f,0f,1f],start_interpolation: 0,interpolation_duration: 1}
$data merge entity $(bone_left_arm1) {transformation: [-1f,0f,0f,0.25f,0f,-0.7076f,-0.7066f,1.5691f,0f,-0.7066f,0.7076f,0.0386f,0f,0f,0f,1f],start_interpolation: 0,interpolation_duration: 1}
$data merge entity $(bone_right_arm1) {transformation: [-1f,0f,0f,-0.25f,0f,-0.7076f,-0.7066f,1.5691f,0f,-0.7066f,0.7076f,0.0386f,0f,0f,0f,1f],start_interpolation: 0,interpolation_duration: 1}
data modify entity @s data merge value {"cameras":{},"locators":{"mouse":{"posx":-2.926672933761233e-17,"posy":1.8174921329083034,"posz":0.23898098094886594,"roty":0,"rotx":-23.790322580645164},"left_arm":{"posx":0.31249999999999994,"posy":2.055559232708887,"posz":0.5243713419306095,"roty":180,"rotx":-44.959677419354854},"right_arm":{"posx":-0.31250000000000006,"posy":2.055559232708887,"posz":0.5243713419306094,"roty":180,"rotx":-44.959677419354854}}}