# This file was generated by Animated Java via MC-Build. It is not recommended to edit this file directly.
$data merge entity $(bone_eyes) {transformation: [-1f,0f,0f,-0.0156f,0f,0.9616f,-0.2745f,2.0303f,0f,-0.2745f,-0.9616f,0.1935f,0f,0f,0f,1f],start_interpolation: 0,interpolation_duration: 1}
$data merge entity $(bone_head) {transformation: [-1f,0f,0f,0f,0f,0.9616f,-0.2745f,1.6308f,0f,-0.2745f,-0.9616f,0.0462f,0f,0f,0f,1f],start_interpolation: 0,interpolation_duration: 1}
$data merge entity $(bone_fabric_overray) {transformation: [-1f,0f,0f,0f,0f,0.9936f,0.1131f,1.6308f,0f,0.1131f,-0.9936f,0.0462f,0f,0f,0f,1f],start_interpolation: 0,interpolation_duration: 1}
$data merge entity $(bone_fabric) {transformation: [-1f,0f,0f,0f,0f,0.9936f,0.1131f,1.6308f,0f,0.1131f,-0.9936f,0.0462f,0f,0f,0f,1f],start_interpolation: 0,interpolation_duration: 1}
$data merge entity $(bone_bone_overray) {transformation: [-1f,0f,0f,0f,0f,0.9983f,0.0591f,1.6308f,0f,0.0591f,-0.9983f,0.0462f,0f,0f,0f,1f],start_interpolation: 0,interpolation_duration: 1}
$data merge entity $(bone_bone) {transformation: [-1f,0f,0f,0f,0f,0.9983f,0.0591f,1.6308f,0f,0.0591f,-0.9983f,0.0462f,0f,0f,0f,1f],start_interpolation: 0,interpolation_duration: 1}
$data merge entity $(bone_left_arm1) {transformation: [-1f,0f,0f,0.25f,0f,-0.7703f,-0.6377f,1.5689f,0f,-0.6377f,0.7703f,0.0371f,0f,0f,0f,1f],start_interpolation: 0,interpolation_duration: 1}
$data merge entity $(bone_right_arm1) {transformation: [-1f,0f,0f,-0.25f,0f,-0.7703f,-0.6377f,1.5689f,0f,-0.6377f,0.7703f,0.0371f,0f,0f,0f,1f],start_interpolation: 0,interpolation_duration: 1}
data modify entity @s data merge value {"cameras":{},"locators":{"mouse":{"posx":-3.1953510336043316e-17,"posy":1.7895178455999392,"posz":0.2609202127363628,"roty":0,"rotx":-15.929309475806448},"left_arm":{"posx":0.31249999999999994,"posy":2.0984794997732017,"posz":0.47556998915459564,"roty":180,"rotx":-39.622448336693566},"right_arm":{"posx":-0.31250000000000006,"posy":2.0984794997732017,"posz":0.4755699891545956,"roty":180,"rotx":-39.622448336693566}}}