# This file was generated by Animated Java via MC-Build. It is not recommended to edit this file directly.
$data merge entity $(bone_eyes) {transformation: [-1f,0f,0f,-0.0156f,0f,0.9972f,-0.0746f,1.9919f,0f,-0.0746f,-0.9972f,0.2694f,0f,0f,0f,1f],start_interpolation: 0,interpolation_duration: 1}
$data merge entity $(bone_head) {transformation: [-1f,0f,0f,0f,0f,0.9972f,-0.0746f,1.6304f,0f,-0.0746f,-0.9972f,0.0445f,0f,0f,0f,1f],start_interpolation: 0,interpolation_duration: 1}
$data merge entity $(bone_fabric_overray) {transformation: [-1f,0f,0f,0f,0f,0.9949f,0.1013f,1.6304f,0f,0.1013f,-0.9949f,0.0445f,0f,0f,0f,1f],start_interpolation: 0,interpolation_duration: 1}
$data merge entity $(bone_fabric) {transformation: [-1f,0f,0f,0f,0f,0.9949f,0.1013f,1.6304f,0f,0.1013f,-0.9949f,0.0445f,0f,0f,0f,1f],start_interpolation: 0,interpolation_duration: 1}
$data merge entity $(bone_bone_overray) {transformation: [-1f,0f,0f,0f,0f,0.9986f,0.0535f,1.6304f,0f,0.0535f,-0.9986f,0.0445f,0f,0f,0f,1f],start_interpolation: 0,interpolation_duration: 1}
$data merge entity $(bone_bone) {transformation: [-1f,0f,0f,0f,0f,0.9986f,0.0535f,1.6304f,0f,0.0535f,-0.9986f,0.0445f,0f,0f,0f,1f],start_interpolation: 0,interpolation_duration: 1}
$data merge entity $(bone_left_arm1) {transformation: [-1f,0f,0f,0.25f,0f,-0.8225f,-0.5688f,1.5685f,0f,-0.5688f,0.8225f,0.0357f,0f,0f,0f,1f],start_interpolation: 0,interpolation_duration: 1}
$data merge entity $(bone_right_arm1) {transformation: [-1f,0f,0f,-0.25f,0f,-0.8225f,-0.5688f,1.5685f,0f,-0.5688f,0.8225f,0.0357f,0f,0f,0f,1f],start_interpolation: 0,interpolation_duration: 1}
data modify entity @s data merge value {"cameras":{},"locators":{"mouse":{"posx":-3.5118680766816756e-17,"posy":1.7425136470924278,"posz":0.28676579068567154,"roty":0,"rotx":-4.27923387096774},"left_arm":{"posx":0.31249999999999994,"posy":2.1339443939153853,"posz":0.42673506644016723,"roty":180,"rotx":-34.66607862903228},"right_arm":{"posx":-0.31250000000000006,"posy":2.1339443939153853,"posz":0.4267350664401672,"roty":180,"rotx":-34.66607862903228}}}