# This file was generated by Animated Java via MC-Build. It is not recommended to edit this file directly.
$data merge entity $(bone_eyes) {transformation: [-1f,0f,0f,-0.0156f,0f,0.9919f,0.1269f,1.9381f,0f,0.1269f,-0.9919f,0.3355f,0f,0f,0f,1f],start_interpolation: 0,interpolation_duration: 1}
$data merge entity $(bone_head) {transformation: [-1f,0f,0f,0f,0f,0.9919f,0.1269f,1.629f,0f,0.1269f,-0.9919f,0.0427f,0f,0f,0f,1f],start_interpolation: 0,interpolation_duration: 1}
$data merge entity $(bone_fabric_overray) {transformation: [-1f,0f,0f,0f,0f,0.9958f,0.0914f,1.629f,0f,0.0914f,-0.9958f,0.0427f,0f,0f,0f,1f],start_interpolation: 0,interpolation_duration: 1}
$data merge entity $(bone_fabric) {transformation: [-1f,0f,0f,0f,0f,0.9958f,0.0914f,1.629f,0f,0.0914f,-0.9958f,0.0427f,0f,0f,0f,1f],start_interpolation: 0,interpolation_duration: 1}
$data merge entity $(bone_bone_overray) {transformation: [-1f,0f,0f,0f,0f,0.9989f,0.0478f,1.629f,0f,0.0478f,-0.9989f,0.0427f,0f,0f,0f,1f],start_interpolation: 0,interpolation_duration: 1}
$data merge entity $(bone_bone) {transformation: [-1f,0f,0f,0f,0f,0.9989f,0.0478f,1.629f,0f,0.0478f,-0.9989f,0.0427f,0f,0f,0f,1f],start_interpolation: 0,interpolation_duration: 1}
$data merge entity $(bone_left_arm1) {transformation: [-1f,0f,0f,0.25f,0f,-0.8619f,-0.5071f,1.5671f,0f,-0.5071f,0.8619f,0.0342f,0f,0f,0f,1f],start_interpolation: 0,interpolation_duration: 1}
$data merge entity $(bone_right_arm1) {transformation: [-1f,0f,0f,-0.25f,0f,-0.8619f,-0.5071f,1.5671f,0f,-0.5071f,0.8619f,0.0342f,0f,0f,0f,1f],start_interpolation: 0,interpolation_duration: 1}
data modify entity @s data merge value {"cameras":{},"locators":{"mouse":{"posx":-3.705109626320897e-17,"posy":1.6902741194678828,"posz":0.30254516068637416,"roty":0,"rotx":7.292716733870962},"left_arm":{"posx":0.31249999999999994,"posy":2.1596308082321696,"posz":0.38288473864557404,"roty":180,"rotx":-30.47142767137098},"right_arm":{"posx":-0.31250000000000006,"posy":2.1596308082321696,"posz":0.382884738645574,"roty":180,"rotx":-30.47142767137098}}}