# This file was generated by Animated Java via MC-Build. It is not recommended to edit this file directly.
$data merge entity $(bone_eyes) {transformation: [-1f,0f,0f,-0.0156f,0f,0.9663f,0.2575f,1.893f,0f,0.2575f,-0.9663f,0.3722f,0f,0f,0f,1f],start_interpolation: 0,interpolation_duration: 1}
$data merge entity $(bone_head) {transformation: [-1f,0f,0f,0f,0f,0.9663f,0.2575f,1.6255f,0f,0.2575f,-0.9663f,0.0409f,0f,0f,0f,1f],start_interpolation: 0,interpolation_duration: 1}
$data merge entity $(bone_fabric_overray) {transformation: [-1f,0f,0f,0f,0f,0.9971f,0.0761f,1.6255f,0f,0.0761f,-0.9971f,0.0409f,0f,0f,0f,1f],start_interpolation: 0,interpolation_duration: 1}
$data merge entity $(bone_fabric) {transformation: [-1f,0f,0f,0f,0f,0.9971f,0.0761f,1.6255f,0f,0.0761f,-0.9971f,0.0409f,0f,0f,0f,1f],start_interpolation: 0,interpolation_duration: 1}
$data merge entity $(bone_bone_overray) {transformation: [-1f,0f,0f,0f,0f,0.9991f,0.0422f,1.6255f,0f,0.0422f,-0.9991f,0.0409f,0f,0f,0f,1f],start_interpolation: 0,interpolation_duration: 1}
$data merge entity $(bone_bone) {transformation: [-1f,0f,0f,0f,0f,0.9991f,0.0422f,1.6255f,0f,0.0422f,-0.9991f,0.0409f,0f,0f,0f,1f],start_interpolation: 0,interpolation_duration: 1}
$data merge entity $(bone_left_arm1) {transformation: [-1f,0f,0f,0.25f,0f,-0.8877f,-0.4605f,1.5636f,0f,-0.4605f,0.8877f,0.0328f,0f,0f,0f,1f],start_interpolation: 0,interpolation_duration: 1}
$data merge entity $(bone_right_arm1) {transformation: [-1f,0f,0f,-0.25f,0f,-0.8877f,-0.4605f,1.5636f,0f,-0.4605f,0.8877f,0.0328f,0f,0f,0f,1f],start_interpolation: 0,interpolation_duration: 1}
data modify entity @s data merge value {"cameras":{},"locators":{"mouse":{"posx":-3.754591656011978e-17,"posy":1.6517681376420967,"posz":0.3065856750392089,"roty":0,"rotx":14.919354838709681},"left_arm":{"posx":0.31249999999999994,"posy":2.1738327751812427,"posz":0.3493994419331884,"roty":180,"rotx":-27.41935483870969},"right_arm":{"posx":-0.31250000000000006,"posy":2.1738327751812427,"posz":0.34939944193318834,"roty":180,"rotx":-27.41935483870969}}}