# This file was generated by Animated Java via MC-Build. It is not recommended to edit this file directly.
$data merge entity $(bone_eyes) {transformation: [-1f,0f,0f,-0.0156f,0f,0.962f,0.2731f,1.8804f,0f,0.2731f,-0.962f,0.3747f,0f,0f,0f,1f],start_interpolation: 0,interpolation_duration: 1}
$data merge entity $(bone_head) {transformation: [-1f,0f,0f,0f,0f,0.962f,0.2731f,1.6183f,0f,0.2731f,-0.962f,0.0391f,0f,0f,0f,1f],start_interpolation: 0,interpolation_duration: 1}
$data merge entity $(bone_fabric_overray) {transformation: [-1f,0f,0f,0f,0f,0.9978f,0.0656f,1.6183f,0f,0.0656f,-0.9978f,0.0391f,0f,0f,0f,1f],start_interpolation: 0,interpolation_duration: 1}
$data merge entity $(bone_fabric) {transformation: [-1f,0f,0f,0f,0f,0.9978f,0.0656f,1.6183f,0f,0.0656f,-0.9978f,0.0391f,0f,0f,0f,1f],start_interpolation: 0,interpolation_duration: 1}
$data merge entity $(bone_bone_overray) {transformation: [-1f,0f,0f,0f,0f,0.9993f,0.0366f,1.6183f,0f,0.0366f,-0.9993f,0.0391f,0f,0f,0f,1f],start_interpolation: 0,interpolation_duration: 1}
$data merge entity $(bone_bone) {transformation: [-1f,0f,0f,0f,0f,0.9993f,0.0366f,1.6183f,0f,0.0366f,-0.9993f,0.0391f,0f,0f,0f,1f],start_interpolation: 0,interpolation_duration: 1}
$data merge entity $(bone_left_arm1) {transformation: [-1f,0f,0f,0.25f,0f,-0.9047f,-0.426f,1.5563f,0f,-0.426f,0.9047f,0.0314f,0f,0f,0f,1f],start_interpolation: 0,interpolation_duration: 1}
$data merge entity $(bone_right_arm1) {transformation: [-1f,0f,0f,-0.25f,0f,-0.9047f,-0.426f,1.5563f,0f,-0.426f,0.9047f,0.0314f,0f,0f,0f,1f],start_interpolation: 0,interpolation_duration: 1}
data modify entity @s data merge value {"cameras":{},"locators":{"mouse":{"posx":-3.737445397384585e-17,"posy":1.6402585286904203,"posz":0.3051855767709302,"roty":0,"rotx":15.846774193548388},"left_arm":{"posx":0.31249999999999994,"posy":2.1783035948555853,"posz":0.3242620473138466,"roty":180,"rotx":-25.215987156511353},"right_arm":{"posx":-0.31250000000000006,"posy":2.1783035948555853,"posz":0.32426204731384656,"roty":180,"rotx":-25.215987156511353}}}