# This file was generated by Animated Java via MC-Build. It is not recommended to edit this file directly.
$data merge entity $(bone_eyes) {transformation: [-0.9996f,0.0051f,0.0286f,-0.0193f,0.0051f,1f,0.0001f,1.7249f,-0.0286f,0.0002f,-0.9996f,0.3061f,0f,0f,0f,1f],start_interpolation: 0,interpolation_duration: 1}
$data merge entity $(bone_head) {transformation: [-0.9996f,0.0051f,0.0286f,0.0018f,0.0051f,1f,0.0001f,1.3811f,-0.0286f,0.0002f,-0.9996f,0.0553f,0f,0f,0f,1f],start_interpolation: 0,interpolation_duration: 1}
$data merge entity $(bone_fabric_overray) {transformation: [-0.9996f,0f,0.0291f,0.0018f,0.0051f,0.9848f,0.1737f,1.3811f,-0.0286f,0.1738f,-0.9844f,0.0553f,0f,0f,0f,1f],start_interpolation: 0,interpolation_duration: 1}
$data merge entity $(bone_fabric) {transformation: [-0.9996f,0f,0.0291f,0.0018f,0.0051f,0.9848f,0.1737f,1.3811f,-0.0286f,0.1738f,-0.9844f,0.0553f,0f,0f,0f,1f],start_interpolation: 0,interpolation_duration: 1}
$data merge entity $(bone_bone_overray) {transformation: [-0.9996f,0f,0.0291f,0.0018f,0.0051f,0.9848f,0.1737f,1.3811f,-0.0286f,0.1738f,-0.9844f,0.0553f,0f,0f,0f,1f],start_interpolation: 0,interpolation_duration: 1}
$data merge entity $(bone_bone) {transformation: [-0.9996f,0f,0.0291f,0.0018f,0.0051f,0.9848f,0.1737f,1.3811f,-0.0286f,0.1738f,-0.9844f,0.0553f,0f,0f,0f,1f],start_interpolation: 0,interpolation_duration: 1}
$data merge entity $(bone_left_arm1) {transformation: [-0.9998f,0.0055f,0.02f,0.2517f,0.0054f,1f,-0.0028f,1.3183f,-0.02f,-0.0026f,-0.9998f,0.0516f,0f,0f,0f,1f],start_interpolation: 0,interpolation_duration: 1}
$data merge entity $(bone_right_arm1) {transformation: [-0.9998f,0.0002f,0.0194f,-0.2481f,0.0034f,0.9864f,0.1642f,1.3208f,-0.0191f,0.1642f,-0.9862f,0.0373f,0f,0f,0f,1f],start_interpolation: 0,interpolation_duration: 1}
data modify entity @s data merge value {"cameras":{},"locators":{"mouse":{"posx":-0.0048665301320166155,"posy":1.4748325136223743,"posz":0.3052047216954141,"roty":1.6413254376596171,"rotx":0.004163435694126724},"left_arm":{"posx":0.3104215073951353,"posy":0.6304602086705547,"posz":0.054652756255662724,"roty":1.1452653261448802,"rotx":-0.15771279770940144},"right_arm":{"posx":-0.3106968957189544,"posy":0.6428648026356348,"posz":-0.07684040719952438,"roty":1.1263163086666168,"rotx":9.45077906297835},"intaract2":{"posx":-9.567553118338714e-20,"posy":1.2,"posz":0.0007812499999999972,"roty":0,"rotx":0},"intaract":{"posx":-9.567553118338714e-20,"posy":0.19999999999999996,"posz":0.0007812499999999972,"roty":0,"rotx":0},"shadow":{"posx":-9.567553118338714e-20,"posy":0,"posz":0.0007812499999999972,"roty":0,"rotx":0}}}