# This file was generated by Animated Java via MC-Build. It is not recommended to edit this file directly.
$data merge entity $(bone_eyes) {transformation: [-0.9998f,0.0034f,0.0191f,-0.018f,0.0034f,1f,0.0001f,1.7249f,-0.0191f,0.0001f,-0.9998f,0.3062f,0f,0f,0f,1f],start_interpolation: 0,interpolation_duration: 1}
$data merge entity $(bone_head) {transformation: [-0.9998f,0.0034f,0.0191f,0.0012f,0.0034f,1f,0.0001f,1.3811f,-0.0191f,0.0001f,-0.9998f,0.0553f,0f,0f,0f,1f],start_interpolation: 0,interpolation_duration: 1}
$data merge entity $(bone_fabric_overray) {transformation: [-0.9998f,0f,0.0194f,0.0012f,0.0034f,0.9848f,0.1737f,1.3811f,-0.0191f,0.1738f,-0.9846f,0.0553f,0f,0f,0f,1f],start_interpolation: 0,interpolation_duration: 1}
$data merge entity $(bone_fabric) {transformation: [-0.9998f,0f,0.0194f,0.0012f,0.0034f,0.9848f,0.1737f,1.3811f,-0.0191f,0.1738f,-0.9846f,0.0553f,0f,0f,0f,1f],start_interpolation: 0,interpolation_duration: 1}
$data merge entity $(bone_bone_overray) {transformation: [-0.9998f,0f,0.0194f,0.0012f,0.0034f,0.9848f,0.1737f,1.3811f,-0.0191f,0.1738f,-0.9846f,0.0553f,0f,0f,0f,1f],start_interpolation: 0,interpolation_duration: 1}
$data merge entity $(bone_bone) {transformation: [-0.9998f,0f,0.0194f,0.0012f,0.0034f,0.9848f,0.1737f,1.3811f,-0.0191f,0.1738f,-0.9846f,0.0553f,0f,0f,0f,1f],start_interpolation: 0,interpolation_duration: 1}
$data merge entity $(bone_left_arm1) {transformation: [-0.9975f,-0.0704f,-0.0013f,0.2512f,0.0072f,-0.0849f,-0.9964f,1.3187f,0.0701f,-0.9939f,0.0852f,0.0492f,0f,0f,0f,1f],start_interpolation: 0,interpolation_duration: 1}
$data merge entity $(bone_right_arm1) {transformation: [-0.9999f,-0.0005f,-0.0145f,-0.2487f,-0.0025f,0.9901f,0.1402f,1.3204f,0.0143f,0.1402f,-0.99f,0.0396f,0f,0f,0f,1f],start_interpolation: 0,interpolation_duration: 1}
data modify entity @s data merge value {"cameras":{},"locators":{"mouse":{"posx":-0.003244104595344319,"posy":1.474833504284486,"posz":0.3052301461886635,"roty":1.0942107220826358,"rotx":0.004622001975419251},"left_arm":{"posx":0.3619349643554348,"posy":1.3766158798396095,"posz":0.7281017049189127,"roty":180.84108717300205,"rotx":-85.11293921198583},"right_arm":{"posx":-0.31089759159403746,"posy":0.639536181481982,"posz":-0.05589702637996652,"roty":359.158821072897,"rotx":8.060927366966775},"intaract2":{"posx":-9.567553118338699e-19,"posy":1.2,"posz":0.0078125,"roty":0,"rotx":0},"intaract":{"posx":-9.567553118338699e-19,"posy":0.19999999999999996,"posz":0.0078125,"roty":0,"rotx":0},"shadow":{"posx":-9.567553118338699e-19,"posy":0,"posz":0.0078125,"roty":0,"rotx":0}}}