# This file was generated by Animated Java via MC-Build. It is not recommended to edit this file directly.
$data merge entity $(bone_eyes) {transformation: [-1f,0.0017f,0.0095f,-0.0168f,0.0017f,1f,0.0001f,1.7249f,-0.0095f,0.0001f,-1f,0.3064f,0f,0f,0f,1f],start_interpolation: 0,interpolation_duration: 1}
$data merge entity $(bone_head) {transformation: [-1f,0.0017f,0.0095f,0.0006f,0.0017f,1f,0.0001f,1.3811f,-0.0095f,0.0001f,-1f,0.0552f,0f,0f,0f,1f],start_interpolation: 0,interpolation_duration: 1}
$data merge entity $(bone_fabric_overray) {transformation: [-1f,0f,0.0097f,0.0006f,0.0017f,0.9848f,0.1737f,1.3811f,-0.0095f,0.1737f,-0.9848f,0.0552f,0f,0f,0f,1f],start_interpolation: 0,interpolation_duration: 1}
$data merge entity $(bone_fabric) {transformation: [-1f,0f,0.0097f,0.0006f,0.0017f,0.9848f,0.1737f,1.3811f,-0.0095f,0.1737f,-0.9848f,0.0552f,0f,0f,0f,1f],start_interpolation: 0,interpolation_duration: 1}
$data merge entity $(bone_bone_overray) {transformation: [-1f,0f,0.0097f,0.0006f,0.0017f,0.9848f,0.1737f,1.3811f,-0.0095f,0.1737f,-0.9848f,0.0552f,0f,0f,0f,1f],start_interpolation: 0,interpolation_duration: 1}
$data merge entity $(bone_bone) {transformation: [-1f,0f,0.0097f,0.0006f,0.0017f,0.9848f,0.1737f,1.3811f,-0.0095f,0.1737f,-0.9848f,0.0552f,0f,0f,0f,1f],start_interpolation: 0,interpolation_duration: 1}
$data merge entity $(bone_left_arm1) {transformation: [-0.997f,-0.0777f,-0.0021f,0.2506f,0.0055f,-0.0433f,-0.999f,1.3191f,0.0776f,-0.996f,0.0435f,0.0468f,0f,0f,0f,1f],start_interpolation: 0,interpolation_duration: 1}
$data merge entity $(bone_right_arm1) {transformation: [-1f,0f,0f,-0.2494f,0f,0.9864f,0.1642f,1.32f,0f,0.1642f,-0.9864f,0.042f,0f,0f,0f,1f],start_interpolation: 0,interpolation_duration: 1}
data modify entity @s data merge value {"cameras":{},"locators":{"mouse":{"posx":-0.0016218514519772572,"posy":1.4748411446642464,"posz":0.30523342755740607,"roty":0.5471006827069687,"rotx":0.0032343518904689576},"left_arm":{"posx":0.36633967874778833,"posy":1.348525704522799,"posz":0.7266959510017384,"roty":182.7636605582322,"rotx":-87.50136260766278},"right_arm":{"posx":-0.31188372873822157,"posy":0.6418038219001722,"posz":-0.07086144283673296,"roty":359.99993436576057,"rotx":9.448058271631174},"intaract2":{"posx":-1.052430843017257e-18,"posy":1.2,"posz":0.008593749999999997,"roty":0,"rotx":0},"intaract":{"posx":-1.052430843017257e-18,"posy":0.19999999999999996,"posz":0.008593749999999997,"roty":0,"rotx":0},"shadow":{"posx":-1.052430843017257e-18,"posy":0,"posz":0.008593749999999997,"roty":0,"rotx":0}}}
tag @n[tag=aj.ginunga.root,tag=ch_tm.boss.ginunga.action.bullet_shot] remove ch_tm.boss.ginunga.change.axis