# This file was generated by Animated Java via MC-Build. It is not recommended to edit this file directly.
$data merge entity $(bone_eyes) {transformation: [-0.9989f,-0.0209f,-0.0425f,-0.0272f,-0.0238f,0.9973f,0.0698f,1.6464f,0.0409f,0.0708f,-0.9967f,0.1111f,0f,0f,0f,1f],start_interpolation: 0,interpolation_duration: 1}
$data merge entity $(bone_head) {transformation: [-0.9989f,-0.0209f,-0.0425f,-0.0151f,-0.0238f,0.9973f,0.0698f,1.3215f,0.0409f,0.0708f,-0.9967f,-0.1643f,0f,0f,0f,1f],start_interpolation: 0,interpolation_duration: 1}
$data merge entity $(bone_fabric_overray) {transformation: [-0.9992f,0.01f,0.0375f,-0.0151f,0.0067f,0.9962f,-0.0871f,1.3215f,-0.0382f,-0.0868f,-0.9955f,-0.1643f,0f,0f,0f,1f],start_interpolation: 0,interpolation_duration: 1}
$data merge entity $(bone_fabric) {transformation: [-0.9992f,0.01f,0.0375f,-0.0151f,0.0067f,0.9962f,-0.0871f,1.3215f,-0.0382f,-0.0868f,-0.9955f,-0.1643f,0f,0f,0f,1f],start_interpolation: 0,interpolation_duration: 1}
$data merge entity $(bone_bone_overray) {transformation: [-0.9353f,0.0222f,-0.3531f,-0.0151f,0.1679f,0.9063f,-0.3878f,1.3215f,0.3113f,-0.422f,-0.8514f,-0.1643f,0f,0f,0f,1f],start_interpolation: 0,interpolation_duration: 1}
$data merge entity $(bone_bone) {transformation: [-0.9353f,0.0222f,-0.3531f,-0.0151f,0.1679f,0.9063f,-0.3878f,1.3215f,0.3113f,-0.422f,-0.8514f,-0.1643f,0f,0f,0f,1f],start_interpolation: 0,interpolation_duration: 1}
$data merge entity $(bone_left_arm1) {transformation: [-0.9923f,0.0067f,-0.1233f,0.2173f,0.1163f,-0.2856f,-0.9513f,1.2228f,-0.0416f,-0.9583f,0.2826f,-0.2157f,0f,0f,0f,1f],start_interpolation: 0,interpolation_duration: 1}
$data merge entity $(bone_right_arm1) {transformation: [-0.9353f,0.0681f,-0.3471f,-0.2503f,0.1679f,0.9492f,-0.2662f,1.3068f,0.3113f,-0.3073f,-0.8992f,-0.0601f,0f,0f,0f,1f],start_interpolation: 0,interpolation_duration: 1}
data modify entity @s data merge value {"cameras":{},"locators":{"mouse":{"posx":-0.0064461344423408055,"posy":1.3975203443409723,"posz":0.09152523163229825,"roty":357.5578384019133,"rotx":4.003376078756819},"left_arm":{"posx":0.2747432027637841,"posy":1.4119076184803763,"posz":0.445726093024898,"roty":203.57707562648824,"rotx":-72.04078290752189},"right_arm":{"posx":-0.35564331181455544,"posy":0.6647653594286103,"posz":0.17067212670069104,"roty":338.8921369173984,"rotx":-15.439252448748274},"intaract2":{"posx":1.5308084989341915e-17,"posy":1.2,"posz":-0.125,"roty":0,"rotx":0},"intaract":{"posx":1.5308084989341915e-17,"posy":0.19999999999999996,"posz":-0.125,"roty":0,"rotx":0},"shadow":{"posx":1.5308084989341915e-17,"posy":0,"posz":-0.125,"roty":0,"rotx":0}}}
execute if entity @n[tag=aj.ginunga.root,tag=ch_tm.boss.ginunga.action.bullet_shot] as @n[tag=aj.ginunga.locator.left_arm] at @s facing entity @n[tag=ch_tm.player.target.ginunga] eyes run function ch_trip_and_magic_boss:ginga/separate_prosses/bullet/summon
execute if entity @n[tag=aj.ginunga.root,tag=ch_tm.boss.ginunga.action.bullet_shot] as @n[tag=aj.ginunga.locator.left_arm] at @s run playsound trip_magic:entity.ginunga.shot