# This file was generated by Animated Java via MC-Build. It is not recommended to edit this file directly.
$data merge entity $(bone_eyes) {transformation: [-0.8564f,-0.0087f,-0.5162f,0.1076f,0.0949f,0.9802f,-0.174f,1.7157f,0.5075f,-0.198f,-0.8386f,-0.0378f,0f,0f,0f,1f],start_interpolation: 0,interpolation_duration: 1}
$data merge entity $(bone_head) {transformation: [-0.8564f,-0.0087f,-0.5162f,-0.0057f,0.0949f,0.9802f,-0.174f,1.3335f,0.5075f,-0.198f,-0.8386f,-0.1884f,0f,0f,0f,1f],start_interpolation: 0,interpolation_duration: 1}
$data merge entity $(bone_fabric_overray) {transformation: [-0.9976f,0.0232f,0.0645f,-0.0057f,0.0213f,0.9993f,-0.0302f,1.3335f,-0.0652f,-0.0287f,-0.9975f,-0.1884f,0f,0f,0f,1f],start_interpolation: 0,interpolation_duration: 1}
$data merge entity $(bone_fabric) {transformation: [-0.9976f,0.0232f,0.0645f,-0.0057f,0.0213f,0.9993f,-0.0302f,1.3335f,-0.0652f,-0.0287f,-0.9975f,-0.1884f,0f,0f,0f,1f],start_interpolation: 0,interpolation_duration: 1}
$data merge entity $(bone_bone_overray) {transformation: [-0.9503f,0.0433f,-0.3084f,-0.0057f,0.1489f,0.9329f,-0.3279f,1.3335f,0.2735f,-0.3575f,-0.893f,-0.1884f,0f,0f,0f,1f],start_interpolation: 0,interpolation_duration: 1}
$data merge entity $(bone_bone) {transformation: [-0.9503f,0.0433f,-0.3084f,-0.0057f,0.1489f,0.9329f,-0.3279f,1.3335f,0.2735f,-0.3575f,-0.893f,-0.1884f,0f,0f,0f,1f],start_interpolation: 0,interpolation_duration: 1}
$data merge entity $(bone_left_arm1) {transformation: [-0.9201f,-0.3863f,0.0648f,0.2291f,0.203f,-0.6118f,-0.7645f,1.238f,0.3349f,-0.6902f,0.6414f,-0.2344f,0f,0f,0f,1f],start_interpolation: 0,interpolation_duration: 1}
$data merge entity $(bone_right_arm1) {transformation: [-0.9503f,0.0298f,-0.31f,-0.246f,0.1489f,0.9177f,-0.3683f,1.3125f,0.2735f,-0.3961f,-0.8765f,-0.0977f,0f,0f,0f,1f],start_interpolation: 0,interpolation_duration: 1}
data modify entity @s data merge value {"cameras":{},"locators":{"mouse":{"posx":0.12249830601294516,"posy":1.4689222919698963,"posz":0.0027104428430077543,"roty":328.3840256450696,"rotx":-10.019937604455684},"left_arm":{"posx":0.5521845325783821,"posy":1.645949915838822,"posz":0.21921009721879772,"roty":174.23182464258693,"rotx":-49.860677327607995},"right_arm":{"posx":-0.3259016090356573,"posy":0.6908480926747456,"posz":0.19179400201891603,"roty":340.52303849535815,"rotx":-21.610649557715018}}}