# This file was generated by Animated Java via MC-Build. It is not recommended to edit this file directly.
$data merge entity $(bone_eyes) {transformation: [-0.8948f,-0.008f,-0.4465f,0.0971f,0.0675f,0.9859f,-0.1529f,1.723f,0.4414f,-0.1669f,-0.8816f,-0.0397f,0f,0f,0f,1f],start_interpolation: 0,interpolation_duration: 1}
$data merge entity $(bone_head) {transformation: [-0.8948f,-0.008f,-0.4465f,0.0016f,0.0675f,0.9859f,-0.1529f,1.3446f,0.4414f,-0.1669f,-0.8816f,-0.2107f,0f,0f,0f,1f],start_interpolation: 0,interpolation_duration: 1}
$data merge entity $(bone_fabric_overray) {transformation: [-0.9974f,0.0416f,0.0588f,0.0016f,0.0426f,0.999f,0.016f,1.3446f,-0.0581f,0.0185f,-0.9981f,-0.2107f,0f,0f,0f,1f],start_interpolation: 0,interpolation_duration: 1}
$data merge entity $(bone_fabric) {transformation: [-0.9974f,0.0416f,0.0588f,0.0016f,0.0426f,0.999f,0.016f,1.3446f,-0.0581f,0.0185f,-0.9981f,-0.2107f,0f,0f,0f,1f],start_interpolation: 0,interpolation_duration: 1}
$data merge entity $(bone_bone_overray) {transformation: [-0.9633f,0.0576f,-0.2621f,0.0016f,0.1291f,0.9557f,-0.2645f,1.3446f,0.2352f,-0.2886f,-0.9281f,-0.2107f,0f,0f,0f,1f],start_interpolation: 0,interpolation_duration: 1}
$data merge entity $(bone_bone) {transformation: [-0.9633f,0.0576f,-0.2621f,0.0016f,0.1291f,0.9557f,-0.2645f,1.3446f,0.2352f,-0.2886f,-0.9281f,-0.2107f,0f,0f,0f,1f],start_interpolation: 0,interpolation_duration: 1}
$data merge entity $(bone_left_arm1) {transformation: [-0.9254f,-0.3617f,0.1132f,0.2389f,0.1839f,-0.6896f,-0.7004f,1.2526f,0.3314f,-0.6273f,0.7047f,-0.2515f,0f,0f,0f,1f],start_interpolation: 0,interpolation_duration: 1}
$data merge entity $(bone_right_arm1) {transformation: [-0.9633f,-0.0005f,-0.2683f,-0.2428f,0.1291f,0.8758f,-0.4651f,1.3172f,0.2352f,-0.4827f,-0.8436f,-0.1339f,0f,0f,0f,1f],start_interpolation: 0,interpolation_duration: 1}
data modify entity @s data merge value {"cameras":{},"locators":{"mouse":{"posx":0.11249992573594317,"posy":1.4752807448071068,"posz":-0.005944544707607358,"roty":333.1409937505634,"rotx":-8.794356096800136},"left_arm":{"posx":0.5453856537473408,"posy":1.7152465112260367,"posz":0.15910632777021505,"roty":170.87321481692558,"rotx":-44.4604845115349},"right_arm":{"posx":-0.3026925924846832,"posy":0.7231319342584029,"posz":0.21267853956917782,"roty":342.3551118145547,"rotx":-27.714941856630723}}}