# This file was generated by Animated Java via MC-Build. It is not recommended to edit this file directly.
$data merge entity $(bone_eyes) {transformation: [-0.9269f,-0.0081f,-0.3751f,0.0839f,0.0432f,0.9908f,-0.1283f,1.7281f,0.3727f,-0.1352f,-0.918f,0.0127f,0f,0f,0f,1f],start_interpolation: 0,interpolation_duration: 1}
$data merge entity $(bone_head) {transformation: [-0.9269f,-0.0081f,-0.3751f,0.0069f,0.0432f,0.9908f,-0.1283f,1.3546f,0.3727f,-0.1352f,-0.918f,-0.1773f,0f,0f,0f,1f],start_interpolation: 0,interpolation_duration: 1}
$data merge entity $(bone_fabric_overray) {transformation: [-0.9977f,0.0575f,0.0355f,0.0069f,0.0595f,0.9965f,0.0592f,1.3546f,-0.0319f,0.0612f,-0.9976f,-0.1773f,0f,0f,0f,1f],start_interpolation: 0,interpolation_duration: 1}
$data merge entity $(bone_fabric) {transformation: [-0.9977f,0.0575f,0.0355f,0.0069f,0.0595f,0.9965f,0.0592f,1.3546f,-0.0319f,0.0612f,-0.9976f,-0.1773f,0f,0f,0f,1f],start_interpolation: 0,interpolation_duration: 1}
$data merge entity $(bone_bone_overray) {transformation: [-0.9744f,0.065f,-0.215f,0.0069f,0.1086f,0.9742f,-0.1977f,1.3546f,0.1966f,-0.216f,-0.9564f,-0.1773f,0f,0f,0f,1f],start_interpolation: 0,interpolation_duration: 1}
$data merge entity $(bone_bone) {transformation: [-0.9744f,0.065f,-0.215f,0.0069f,0.1086f,0.9742f,-0.1977f,1.3546f,0.1966f,-0.216f,-0.9564f,-0.1773f,0f,0f,0f,1f],start_interpolation: 0,interpolation_duration: 1}
$data merge entity $(bone_left_arm1) {transformation: [-0.9512f,-0.3083f,0.0124f,0.2464f,0.1535f,-0.5076f,-0.8478f,1.2665f,0.2677f,-0.8045f,0.5301f,-0.2129f,0f,0f,0f,1f],start_interpolation: 0,interpolation_duration: 1}
$data merge entity $(bone_right_arm1) {transformation: [-0.9744f,-0.0222f,-0.2235f,-0.2408f,0.1086f,0.8244f,-0.5555f,1.3209f,0.1966f,-0.5656f,-0.8009f,-0.1146f,0f,0f,0f,1f],start_interpolation: 0,interpolation_duration: 1}
data modify entity @s data merge value {"cameras":{},"locators":{"mouse":{"posx":0.09991078085334681,"posy":1.479546879081817,"posz":0.03955112340070305,"roty":337.77362051622447,"rotx":-7.371852994794413},"left_arm":{"posx":0.517872958412817,"posy":1.605896530375908,"posz":0.3234571201390492,"roty":178.6581163664097,"rotx":-57.9764749834969},"right_arm":{"posx":-0.28643795483566004,"posy":0.7608835904471061,"posz":0.2864953829525088,"roty":344.4065952560743,"rotx":-33.74550203256726}}}