# This file was generated by Animated Java via MC-Build. It is not recommended to edit this file directly.
$data merge entity $(bone_eyes) {transformation: [-0.9529f,-0.009f,-0.3031f,0.0681f,0.0225f,0.9947f,-0.1004f,1.7307f,0.3024f,-0.1025f,-0.9477f,0.0651f,0f,0f,0f,1f],start_interpolation: 0,interpolation_duration: 1}
$data merge entity $(bone_head) {transformation: [-0.9529f,-0.009f,-0.3031f,0.01f,0.0225f,0.9947f,-0.1004f,1.3632f,0.3024f,-0.1025f,-0.9477f,-0.1425f,0f,0f,0f,1f],start_interpolation: 0,interpolation_duration: 1}
$data merge entity $(bone_fabric_overray) {transformation: [-0.9978f,0.0664f,0.0043f,0.01f,0.0665f,0.9924f,0.1032f,1.3632f,0.0026f,0.1032f,-0.9947f,-0.1425f,0f,0f,0f,1f],start_interpolation: 0,interpolation_duration: 1}
$data merge entity $(bone_fabric) {transformation: [-0.9978f,0.0664f,0.0043f,0.01f,0.0665f,0.9924f,0.1032f,1.3632f,0.0026f,0.1032f,-0.9947f,-0.1425f,0f,0f,0f,1f],start_interpolation: 0,interpolation_duration: 1}
$data merge entity $(bone_bone_overray) {transformation: [-0.9836f,0.0655f,-0.1681f,0.01f,0.0876f,0.9879f,-0.1279f,1.3632f,0.1576f,-0.1406f,-0.9774f,-0.1425f,0f,0f,0f,1f],start_interpolation: 0,interpolation_duration: 1}
$data merge entity $(bone_bone) {transformation: [-0.9836f,0.0655f,-0.1681f,0.01f,0.0876f,0.9879f,-0.1279f,1.3632f,0.1576f,-0.1406f,-0.9774f,-0.1425f,0f,0f,0f,1f],start_interpolation: 0,interpolation_duration: 1}
$data merge entity $(bone_left_arm1) {transformation: [-0.9669f,-0.2444f,-0.0737f,0.2518f,0.1225f,-0.191f,-0.9739f,1.2796f,0.2239f,-0.9507f,0.2146f,-0.1731f,0f,0f,0f,1f],start_interpolation: 0,interpolation_duration: 1}
$data merge entity $(bone_right_arm1) {transformation: [-0.9836f,0.004f,-0.1803f,-0.24f,0.0876f,0.8846f,-0.4581f,1.3234f,0.1576f,-0.4664f,-0.8704f,-0.0943f,0f,0f,0f,1f],start_interpolation: 0,interpolation_duration: 1}
data modify entity @s data merge value {"cameras":{},"locators":{"mouse":{"posx":0.08488173771359646,"posy":1.4815779675203462,"posz":0.08478741275091808,"roty":342.2639702334644,"rotx":-5.762580899056811},"left_arm":{"posx":0.48019578138840346,"posy":1.4032077385472448,"posz":0.46646441393791616,"roty":198.9545776042532,"rotx":-76.88713510112986},"right_arm":{"posx":-0.3042886132333209,"posy":0.720715866406391,"posz":0.23617700198957642,"roty":348.296817308655,"rotx":-27.265114231233827}}}