# This file was generated by Animated Java via MC-Build. It is not recommended to edit this file directly.
$data merge entity $(bone_eyes) {transformation: [-0.9728f,-0.0106f,-0.2312f,0.05f,0.0056f,0.9976f,-0.0694f,1.7308f,0.2314f,-0.0688f,-0.9704f,0.1172f,0f,0f,0f,1f],start_interpolation: 0,interpolation_duration: 1}
$data merge entity $(bone_head) {transformation: [-0.9728f,-0.0106f,-0.2312f,0.0108f,0.0056f,0.9976f,-0.0694f,1.3704f,0.2314f,-0.0688f,-0.9704f,-0.1066f,0f,0f,0f,1f],start_interpolation: 0,interpolation_duration: 1}
$data merge entity $(bone_fabric_overray) {transformation: [-0.9975f,0.0658f,-0.0256f,0.0108f,0.0612f,0.9868f,0.15f,1.3704f,0.0352f,0.148f,-0.9884f,-0.1066f,0f,0f,0f,1f],start_interpolation: 0,interpolation_duration: 1}
$data merge entity $(bone_fabric) {transformation: [-0.9975f,0.0658f,-0.0256f,0.0108f,0.0612f,0.9868f,0.15f,1.3704f,0.0352f,0.148f,-0.9884f,-0.1066f,0f,0f,0f,1f],start_interpolation: 0,interpolation_duration: 1}
$data merge entity $(bone_bone_overray) {transformation: [-0.9908f,0.0589f,-0.1222f,0.0108f,0.0661f,0.9963f,-0.0554f,1.3704f,0.1184f,-0.063f,-0.991f,-0.1066f,0f,0f,0f,1f],start_interpolation: 0,interpolation_duration: 1}
$data merge entity $(bone_bone) {transformation: [-0.9908f,0.0589f,-0.1222f,0.0108f,0.0661f,0.9963f,-0.0554f,1.3704f,0.1184f,-0.063f,-0.991f,-0.1066f,0f,0f,0f,1f],start_interpolation: 0,interpolation_duration: 1}
$data merge entity $(bone_left_arm1) {transformation: [-0.9806f,-0.1428f,-0.1342f,0.2548f,0.0901f,0.2797f,-0.9558f,1.2916f,0.174f,-0.9494f,-0.2615f,-0.1323f,0f,0f,0f,1f],start_interpolation: 0,interpolation_duration: 1}
$data merge entity $(bone_right_arm1) {transformation: [-0.9908f,0.0195f,-0.1342f,-0.2406f,0.0661f,0.9335f,-0.3525f,1.3246f,0.1184f,-0.3581f,-0.9262f,-0.0731f,0f,0f,0f,1f],start_interpolation: 0,interpolation_duration: 1}
data modify entity @s data merge value {"cameras":{},"locators":{"mouse":{"posx":0.06759485323893924,"posy":1.4812410414392692,"posz":0.1295324949387232,"roty":346.59728125620364,"rotx":-3.979166240814084},"left_arm":{"posx":0.4142509713320045,"posy":1.0936168544655107,"posz":0.5095332223894701,"roty":332.82201840882954,"rotx":-72.90811314824514},"right_arm":{"posx":-0.3159017935902145,"posy":0.686986226262538,"posz":0.18050451594876002,"roty":351.7526383437845,"rotx":-20.637547016869952}}}