# This file was generated by Animated Java via MC-Build. It is not recommended to edit this file directly.
$data merge entity $(bone_eyes) {transformation: [-0.987f,-0.013f,-0.1604f,0.0298f,-0.0074f,0.9993f,-0.0355f,1.7282f,0.1608f,-0.0339f,-0.9864f,0.1688f,0f,0f,0f,1f],start_interpolation: 0,interpolation_duration: 1}
$data merge entity $(bone_head) {transformation: [-0.987f,-0.013f,-0.1604f,0.0094f,-0.0074f,0.9993f,-0.0355f,1.3758f,0.1608f,-0.0339f,-0.9864f,-0.0699f,0f,0f,0f,1f],start_interpolation: 0,interpolation_duration: 1}
$data merge entity $(bone_fabric_overray) {transformation: [-0.9976f,0.0546f,-0.0434f,0.0094f,0.0447f,0.9783f,0.2025f,1.3758f,0.0535f,0.2001f,-0.9783f,-0.0699f,0f,0f,0f,1f],start_interpolation: 0,interpolation_duration: 1}
$data merge entity $(bone_fabric) {transformation: [-0.9976f,0.0546f,-0.0434f,0.0094f,0.0447f,0.9783f,0.2025f,1.3758f,0.0535f,0.2001f,-0.9783f,-0.0699f,0f,0f,0f,1f],start_interpolation: 0,interpolation_duration: 1}
$data merge entity $(bone_bone_overray) {transformation: [-0.9959f,0.0456f,-0.0783f,0.0094f,0.0443f,0.9988f,0.0193f,1.3758f,0.0791f,0.0158f,-0.9967f,-0.0699f,0f,0f,0f,1f],start_interpolation: 0,interpolation_duration: 1}
$data merge entity $(bone_bone) {transformation: [-0.9959f,0.0456f,-0.0783f,0.0094f,0.0443f,0.9988f,0.0193f,1.3758f,0.0791f,0.0158f,-0.9967f,-0.0699f,0f,0f,0f,1f],start_interpolation: 0,interpolation_duration: 1}
$data merge entity $(bone_left_arm1) {transformation: [-0.991f,-0.0386f,-0.1278f,0.2555f,0.0584f,0.7356f,-0.6749f,1.3024f,0.1201f,-0.6763f,-0.7268f,-0.0906f,0f,0f,0f,1f],start_interpolation: 0,interpolation_duration: 1}
$data merge entity $(bone_right_arm1) {transformation: [-0.9959f,0.0238f,-0.0874f,-0.2425f,0.0443f,0.9698f,-0.2398f,1.3245f,0.0791f,-0.2427f,-0.9669f,-0.0511f,0f,0f,0f,1f],start_interpolation: 0,interpolation_duration: 1}
data modify entity @s data merge value {"cameras":{},"locators":{"mouse":{"posx":0.04826035318807968,"posy":1.4784144605551435,"posz":0.17356724506488475,"roty":350.7618780242394,"rotx":-2.0360203598961797},"left_arm":{"posx":0.3439929185598597,"posy":0.7929850875035378,"posz":0.36685304655729123,"roty":350.026723327011,"rotx":-42.44692591013486},"right_arm":{"posx":-0.32107980403039266,"posy":0.6605082048555652,"posz":0.12072853149755204,"roty":354.8333385402467,"rotx":-13.87654511352489}}}