# This file was generated by Animated Java via MC-Build. It is not recommended to edit this file directly.
$data merge entity $(bone_eyes) {transformation: [-0.9983f,0.0101f,0.0573f,-0.0229f,0.0101f,0.9999f,-0.0001f,1.725f,-0.0573f,0.0004f,-0.9984f,0.3055f,0f,0f,0f,1f],start_interpolation: 0,interpolation_duration: 1}
$data merge entity $(bone_head) {transformation: [-0.9983f,0.0101f,0.0573f,0.0036f,0.0101f,0.9999f,-0.0001f,1.3811f,-0.0573f,0.0004f,-0.9984f,0.0554f,0f,0f,0f,1f],start_interpolation: 0,interpolation_duration: 1}
$data merge entity $(bone_fabric_overray) {transformation: [-0.9983f,0f,0.0581f,0.0036f,0.0101f,0.9848f,0.1735f,1.3811f,-0.0573f,0.1738f,-0.9831f,0.0554f,0f,0f,0f,1f],start_interpolation: 0,interpolation_duration: 1}
$data merge entity $(bone_fabric) {transformation: [-0.9983f,0f,0.0581f,0.0036f,0.0101f,0.9848f,0.1735f,1.3811f,-0.0573f,0.1738f,-0.9831f,0.0554f,0f,0f,0f,1f],start_interpolation: 0,interpolation_duration: 1}
$data merge entity $(bone_bone_overray) {transformation: [-0.9983f,0f,0.0581f,0.0036f,0.0101f,0.9848f,0.1735f,1.3811f,-0.0573f,0.1738f,-0.9831f,0.0554f,0f,0f,0f,1f],start_interpolation: 0,interpolation_duration: 1}
$data merge entity $(bone_bone) {transformation: [-0.9983f,0f,0.0581f,0.0036f,0.0101f,0.9848f,0.1735f,1.3811f,-0.0573f,0.1738f,-0.9831f,0.0554f,0f,0f,0f,1f],start_interpolation: 0,interpolation_duration: 1}
$data merge entity $(bone_left_arm1) {transformation: [-0.9993f,0.0199f,0.0322f,0.2532f,0.011f,0.9667f,-0.2556f,1.317f,-0.0362f,-0.255f,-0.9663f,0.0588f,0f,0f,0f,1f],start_interpolation: 0,interpolation_duration: 1}
$data merge entity $(bone_right_arm1) {transformation: [-0.9997f,0.0008f,0.0242f,-0.2459f,0.0042f,0.9901f,0.1402f,1.3221f,-0.0239f,0.1403f,-0.9898f,0.0302f,0f,0f,0f,1f],start_interpolation: 0,interpolation_duration: 1}
data modify entity @s data merge value {"cameras":{},"locators":{"mouse":{"posx":-0.009732547320923188,"posy":1.4748694263098625,"posz":0.3049955682202061,"roty":3.2826509258760836,"rotx":-0.008279498941430295},"left_arm":{"posx":0.301974441458031,"posy":0.6516928492921824,"posz":0.23640133583411327,"roty":1.9066167832977214,"rotx":-14.80626052923454},"right_arm":{"posx":-0.30899230894284674,"posy":0.6416293668800768,"posz":-0.06775061720136945,"roty":1.4019600753271675,"rotx":8.060882399044894},"intaract2":{"posx":-1.9135106236677274e-19,"posy":1.2,"posz":0.0015624999999999944,"roty":0,"rotx":0},"intaract":{"posx":-1.9135106236677274e-19,"posy":0.19999999999999996,"posz":0.0015624999999999944,"roty":0,"rotx":0},"shadow":{"posx":-1.9135106236677274e-19,"posy":0,"posz":0.0015624999999999944,"roty":0,"rotx":0}}}