# This file was generated by Animated Java via MC-Build. It is not recommended to edit this file directly.
$data merge entity $(bone_eyes) {transformation: [-0.9957f,-0.0162f,-0.0915f,0.0076f,-0.0164f,0.9999f,0.0009f,1.7227f,0.0915f,0.0024f,-0.9958f,0.22f,0f,0f,0f,1f],start_interpolation: 0,interpolation_duration: 1}
$data merge entity $(bone_head) {transformation: [-0.9957f,-0.0162f,-0.0915f,0.0058f,-0.0164f,0.9999f,0.0009f,1.3795f,0.0915f,0.0024f,-0.9958f,-0.0325f,0f,0f,0f,1f],start_interpolation: 0,interpolation_duration: 1}
$data merge entity $(bone_fabric_overray) {transformation: [-0.999f,0.0319f,-0.0322f,0.0058f,0.0222f,0.9634f,0.2672f,1.3795f,0.0396f,0.2663f,-0.9631f,-0.0325f,0f,0f,0f,1f],start_interpolation: 0,interpolation_duration: 1}
$data merge entity $(bone_fabric) {transformation: [-0.999f,0.0319f,-0.0322f,0.0058f,0.0222f,0.9634f,0.2672f,1.3795f,0.0396f,0.2663f,-0.9631f,-0.0325f,0f,0f,0f,1f],start_interpolation: 0,interpolation_duration: 1}
$data merge entity $(bone_bone_overray) {transformation: [-0.999f,0.0259f,-0.0373f,0.0058f,0.0222f,0.9951f,0.0959f,1.3795f,0.0396f,0.095f,-0.9947f,-0.0325f,0f,0f,0f,1f],start_interpolation: 0,interpolation_duration: 1}
$data merge entity $(bone_bone) {transformation: [-0.999f,0.0259f,-0.0373f,0.0058f,0.0222f,0.9951f,0.0959f,1.3795f,0.0396f,0.095f,-0.9947f,-0.0325f,0f,0f,0f,1f],start_interpolation: 0,interpolation_duration: 1}
$data merge entity $(bone_left_arm1) {transformation: [-0.9975f,0.0151f,-0.069f,0.2539f,0.0287f,0.9795f,-0.1995f,1.3117f,0.0646f,-0.2009f,-0.9775f,-0.0483f,0f,0f,0f,1f],start_interpolation: 0,interpolation_duration: 1}
$data merge entity $(bone_right_arm1) {transformation: [-0.999f,0.0172f,-0.042f,-0.2456f,0.0222f,0.9923f,-0.1218f,1.3228f,0.0396f,-0.1226f,-0.9917f,-0.0285f,0f,0f,0f,1f],start_interpolation: 0,interpolation_duration: 1}
data modify entity @s data merge value {"cameras":{},"locators":{"mouse":{"posx":0.027113706812910907,"posy":1.4729894694011996,"posz":0.21668584176521694,"roty":354.74888238418635,"rotx":0.0513500828232758},"left_arm":{"posx":0.30581046501354625,"posy":0.6365450036165189,"posz":0.08580181342328216,"roty":355.9625791877426,"rotx":-11.505954845386503},"right_arm":{"posx":-0.31985676072542446,"posy":0.6419996585321696,"posz":0.058205100063427724,"roty":357.5759089562922,"rotx":-6.993807797914015}}}