# This file was generated by Animated Java via MC-Build. It is not recommended to edit this file directly.
$data merge entity $(bone_eyes) {transformation: [-0.9995f,-0.0203f,-0.0253f,-0.0162f,-0.0213f,0.999f,0.0396f,1.7142f,0.0244f,0.0401f,-0.9989f,0.2703f,0f,0f,0f,1f],start_interpolation: 0,interpolation_duration: 1}
$data merge entity $(bone_head) {transformation: [-0.9995f,-0.0203f,-0.0253f,0f,-0.0213f,0.999f,0.0396f,1.3811f,0.0244f,0.0401f,-0.9989f,0.0052f,0f,0f,0f,1f],start_interpolation: 0,interpolation_duration: 1}
$data merge entity $(bone_fabric_overray) {transformation: [-1f,0f,0f,0f,0f,0.944f,0.3298f,1.3811f,0f,0.3298f,-0.944f,0.0052f,0f,0f,0f,1f],start_interpolation: 0,interpolation_duration: 1}
$data merge entity $(bone_fabric) {transformation: [-1f,0f,0f,0f,0f,0.944f,0.3298f,1.3811f,0f,0.3298f,-0.944f,0.0052f,0f,0f,0f,1f],start_interpolation: 0,interpolation_duration: 1}
$data merge entity $(bone_bone_overray) {transformation: [-1f,0f,0f,0f,0f,0.9848f,0.1736f,1.3811f,0f,0.1736f,-0.9848f,0.0052f,0f,0f,0f,1f],start_interpolation: 0,interpolation_duration: 1}
$data merge entity $(bone_bone) {transformation: [-1f,0f,0f,0f,0f,0.9848f,0.1736f,1.3811f,0f,0.1736f,-0.9848f,0.0052f,0f,0f,0f,1f],start_interpolation: 0,interpolation_duration: 1}
$data merge entity $(bone_left_arm1) {transformation: [-0.9999f,0.0045f,-0.0095f,0.25f,0.0018f,0.9636f,0.2673f,1.3196f,0.0103f,0.2672f,-0.9636f,-0.0056f,0f,0f,0f,1f],start_interpolation: 0,interpolation_duration: 1}
$data merge entity $(bone_right_arm1) {transformation: [-1f,0f,0f,-0.25f,0f,1f,0f,1.3196f,0f,0f,-1f,-0.0056f,0f,0f,0f,1f],start_interpolation: 0,interpolation_duration: 1}
data modify entity @s data merge value {"cameras":{},"locators":{"mouse":{"posx":0.004412875240181341,"posy":1.464871797202143,"posz":0.25869590244911,"roty":358.5517785366471,"rotx":2.266995321049345},"left_arm":{"posx":0.30938203458273683,"posy":0.6569531771481222,"posz":-0.19001621926906292,"roty":359.436409859794,"rotx":15.502330368801294},"right_arm":{"posx":-0.3125,"posy":0.6320549493572353,"posz":-0.0056384401465304455,"roty":0,"rotx":0}}}