# This file was generated by Animated Java via MC-Build. It is not recommended to edit this file directly.
$data merge entity $(bone_eyes) {transformation: [-1f,0f,0f,-0.0156f,0f,1f,0f,1.7249f,0f,0f,-1f,0.269f,0f,0f,0f,1f],start_interpolation: 0,interpolation_duration: 1}
$data merge entity $(bone_head) {transformation: [-1f,0f,0f,0f,0f,1f,0f,1.3811f,0f,0f,-1f,0.0177f,0f,0f,0f,1f],start_interpolation: 0,interpolation_duration: 1}
$data merge entity $(bone_fabric_overray) {transformation: [-1f,0f,0f,0f,0f,0.9542f,0.2992f,1.3811f,0f,0.2992f,-0.9542f,0.0177f,0f,0f,0f,1f],start_interpolation: 0,interpolation_duration: 1}
$data merge entity $(bone_fabric) {transformation: [-1f,0f,0f,0f,0f,0.9542f,0.2992f,1.3811f,0f,0.2992f,-0.9542f,0.0177f,0f,0f,0f,1f],start_interpolation: 0,interpolation_duration: 1}
$data merge entity $(bone_bone_overray) {transformation: [-1f,0f,0f,0f,0f,0.9848f,0.1736f,1.3811f,0f,0.1736f,-0.9848f,0.0177f,0f,0f,0f,1f],start_interpolation: 0,interpolation_duration: 1}
$data merge entity $(bone_bone) {transformation: [-1f,0f,0f,0f,0f,0.9848f,0.1736f,1.3811f,0f,0.1736f,-0.9848f,0.0177f,0f,0f,0f,1f],start_interpolation: 0,interpolation_duration: 1}
$data merge entity $(bone_left_arm1) {transformation: [-1f,0f,0f,0.25f,0f,0.866f,0.5f,1.3196f,0f,0.5f,-0.866f,0.0069f,0f,0f,0f,1f],start_interpolation: 0,interpolation_duration: 1}
$data merge entity $(bone_right_arm1) {transformation: [-1f,0f,0f,-0.25f,0f,0.999f,0.0436f,1.3196f,0f,0.0436f,-0.999f,0.0069f,0f,0f,0f,1f],start_interpolation: 0,interpolation_duration: 1}
data modify entity @s data merge value {"cameras":{},"locators":{"mouse":{"posx":-3.2785579240839634e-17,"posy":1.474855433920498,"posz":0.2677145709576527,"roty":0,"rotx":0},"left_arm":{"posx":0.31250000000000006,"posy":0.7241624842554335,"posz":-0.3368884401465303,"roty":0,"rotx":29.999999999999993},"right_arm":{"posx":-0.3125,"posy":0.632709297019708,"posz":-0.023126768960198968,"roty":0,"rotx":2.500000000000003},"intaract2":{"posx":1.224646799147353e-17,"posy":1.2,"posz":-0.09999999999999998,"roty":0,"rotx":0},"intaract":{"posx":1.224646799147353e-17,"posy":0.19999999999999996,"posz":-0.09999999999999998,"roty":0,"rotx":0},"shadow":{"posx":1.224646799147353e-17,"posy":0,"posz":-0.09999999999999998,"roty":0,"rotx":0}}}