# This file was generated by Animated Java via MC-Build. It is not recommended to edit this file directly.
$data merge entity $(bone_eyes) {transformation: [-1f,0f,0f,-0.0156f,0f,1f,0f,1.7249f,0f,0f,-1f,0.2815f,0f,0f,0f,1f],start_interpolation: 0,interpolation_duration: 1}
$data merge entity $(bone_head) {transformation: [-1f,0f,0f,0f,0f,1f,0f,1.3811f,0f,0f,-1f,0.0302f,0f,0f,0f,1f],start_interpolation: 0,interpolation_duration: 1}
$data merge entity $(bone_fabric_overray) {transformation: [-1f,0f,0f,0f,0f,0.9659f,0.2588f,1.3811f,0f,0.2588f,-0.9659f,0.0302f,0f,0f,0f,1f],start_interpolation: 0,interpolation_duration: 1}
$data merge entity $(bone_fabric) {transformation: [-1f,0f,0f,0f,0f,0.9659f,0.2588f,1.3811f,0f,0.2588f,-0.9659f,0.0302f,0f,0f,0f,1f],start_interpolation: 0,interpolation_duration: 1}
$data merge entity $(bone_bone_overray) {transformation: [-1f,0f,0f,0f,0f,0.9848f,0.1736f,1.3811f,0f,0.1736f,-0.9848f,0.0302f,0f,0f,0f,1f],start_interpolation: 0,interpolation_duration: 1}
$data merge entity $(bone_bone) {transformation: [-1f,0f,0f,0f,0f,0.9848f,0.1736f,1.3811f,0f,0.1736f,-0.9848f,0.0302f,0f,0f,0f,1f],start_interpolation: 0,interpolation_duration: 1}
$data merge entity $(bone_left_arm1) {transformation: [-1f,-0.0043f,0.0043f,0.25f,-0.0011f,0.8183f,0.5748f,1.3196f,-0.006f,0.5748f,-0.8183f,0.0194f,0f,0f,0f,1f],start_interpolation: 0,interpolation_duration: 1}
$data merge entity $(bone_right_arm1) {transformation: [-1f,0f,0f,-0.25f,0f,0.9962f,0.0872f,1.3196f,0f,0.0872f,-0.9962f,0.0194f,0f,0f,0f,1f],start_interpolation: 0,interpolation_duration: 1}
data modify entity @s data merge value {"cameras":{},"locators":{"mouse":{"posx":-3.431638773977382e-17,"posy":1.474855433920498,"posz":0.2802145709576527,"roty":0,"rotx":0},"left_arm":{"posx":0.3154887054971833,"posy":0.7570311107722021,"posz":-0.37540503001434417,"roty":0.303148993514327,"rotx":35.083578271631616},"right_arm":{"posx":-0.3125,"posy":0.6346710944191601,"posz":-0.0405580132855454,"roty":0,"rotx":4.999999999999994},"intaract2":{"posx":9.184850993605156e-18,"posy":1.2,"posz":-0.07500000000000007,"roty":0,"rotx":0},"intaract":{"posx":9.184850993605156e-18,"posy":0.19999999999999996,"posz":-0.07500000000000007,"roty":0,"rotx":0},"shadow":{"posx":9.184850993605156e-18,"posy":0,"posz":-0.07500000000000007,"roty":0,"rotx":0}}}