# This file was generated by Animated Java via MC-Build. It is not recommended to edit this file directly.
$data merge entity $(bone_eyes) {transformation: [-1f,0f,0f,-0.0156f,0f,1f,0f,1.7249f,0f,0f,-1f,0.294f,0f,0f,0f,1f],start_interpolation: 0,interpolation_duration: 1}
$data merge entity $(bone_head) {transformation: [-1f,0f,0f,0f,0f,1f,0f,1.3811f,0f,0f,-1f,0.0427f,0f,0f,0f,1f],start_interpolation: 0,interpolation_duration: 1}
$data merge entity $(bone_fabric_overray) {transformation: [-1f,0f,0f,0f,0f,0.9759f,0.218f,1.3811f,0f,0.218f,-0.9759f,0.0427f,0f,0f,0f,1f],start_interpolation: 0,interpolation_duration: 1}
$data merge entity $(bone_fabric) {transformation: [-1f,0f,0f,0f,0f,0.9759f,0.218f,1.3811f,0f,0.218f,-0.9759f,0.0427f,0f,0f,0f,1f],start_interpolation: 0,interpolation_duration: 1}
$data merge entity $(bone_bone_overray) {transformation: [-1f,0f,0f,0f,0f,0.9848f,0.1736f,1.3811f,0f,0.1736f,-0.9848f,0.0427f,0f,0f,0f,1f],start_interpolation: 0,interpolation_duration: 1}
$data merge entity $(bone_bone) {transformation: [-1f,0f,0f,0f,0f,0.9848f,0.1736f,1.3811f,0f,0.1736f,-0.9848f,0.0427f,0f,0f,0f,1f],start_interpolation: 0,interpolation_duration: 1}
$data merge entity $(bone_left_arm1) {transformation: [-1f,-0.0034f,0.0043f,0.25f,-0.001f,0.8819f,0.4715f,1.3196f,-0.0054f,0.4715f,-0.8819f,0.0319f,0f,0f,0f,1f],start_interpolation: 0,interpolation_duration: 1}
$data merge entity $(bone_right_arm1) {transformation: [-1f,0f,0f,-0.25f,0f,0.9914f,0.1305f,1.3196f,0f,0.1305f,-0.9914f,0.0319f,0f,0f,0f,1f],start_interpolation: 0,interpolation_duration: 1}
data modify entity @s data merge value {"cameras":{},"locators":{"mouse":{"posx":-3.5847196238708016e-17,"posy":1.474855433920498,"posz":0.2927145709576527,"roty":0,"rotx":0},"left_arm":{"posx":0.3148168669333149,"posy":0.7133210520455979,"posz":-0.29193117556734266,"roty":0.27861001376675176,"rotx":28.129801371846998},"right_arm":{"posx":-0.3125,"posy":0.6379366071627405,"posz":-0.057875197297815886,"roty":0,"rotx":7.499999999999996},"intaract2":{"posx":6.123233995736772e-18,"posy":1.2,"posz":-0.050000000000000044,"roty":0,"rotx":0},"intaract":{"posx":6.123233995736772e-18,"posy":0.19999999999999996,"posz":-0.050000000000000044,"roty":0,"rotx":0},"shadow":{"posx":6.123233995736772e-18,"posy":0,"posz":-0.050000000000000044,"roty":0,"rotx":0}}}