# This file was generated by Animated Java via MC-Build. It is not recommended to edit this file directly.
$data merge entity $(bone_eyes) {transformation: [-1f,0f,0f,-0.0156f,0f,1f,0f,1.7249f,0f,0f,-1f,0.3065f,0f,0f,0f,1f],start_interpolation: 0,interpolation_duration: 1}
$data merge entity $(bone_head) {transformation: [-1f,0f,0f,0f,0f,1f,0f,1.3811f,0f,0f,-1f,0.0552f,0f,0f,0f,1f],start_interpolation: 0,interpolation_duration: 1}
$data merge entity $(bone_fabric_overray) {transformation: [-1f,0f,0f,0f,0f,0.9825f,0.1864f,1.3811f,0f,0.1864f,-0.9825f,0.0552f,0f,0f,0f,1f],start_interpolation: 0,interpolation_duration: 1}
$data merge entity $(bone_fabric) {transformation: [-1f,0f,0f,0f,0f,0.9825f,0.1864f,1.3811f,0f,0.1864f,-0.9825f,0.0552f,0f,0f,0f,1f],start_interpolation: 0,interpolation_duration: 1}
$data merge entity $(bone_bone_overray) {transformation: [-1f,0f,0f,0f,0f,0.9848f,0.1736f,1.3811f,0f,0.1736f,-0.9848f,0.0552f,0f,0f,0f,1f],start_interpolation: 0,interpolation_duration: 1}
$data merge entity $(bone_bone) {transformation: [-1f,0f,0f,0f,0f,0.9848f,0.1736f,1.3811f,0f,0.1736f,-0.9848f,0.0552f,0f,0f,0f,1f],start_interpolation: 0,interpolation_duration: 1}
$data merge entity $(bone_left_arm1) {transformation: [-1f,-0.0009f,0.0018f,0.25f,-0.0004f,0.9557f,0.2942f,1.3196f,-0.002f,0.2942f,-0.9557f,0.0444f,0f,0f,0f,1f],start_interpolation: 0,interpolation_duration: 1}
$data merge entity $(bone_right_arm1) {transformation: [-1f,0f,0f,-0.25f,0f,0.9848f,0.1736f,1.3196f,0f,0.1736f,-0.9848f,0.0444f,0f,0f,0f,1f],start_interpolation: 0,interpolation_duration: 1}
data modify entity @s data merge value {"cameras":{},"locators":{"mouse":{"posx":-3.737800473764221e-17,"posy":1.474855433920498,"posz":0.3052145709576527,"roty":0,"rotx":0},"left_arm":{"posx":0.3131417208484254,"posy":0.6625087033663453,"posz":-0.15779148543048954,"roty":0.10911381852380941,"rotx":17.11108095158903},"right_arm":{"posx":-0.3125,"posy":0.6424996191613421,"posz":-0.07502156229254506,"roty":0,"rotx":10.000000000000002},"intaract2":{"posx":3.0616169978683855e-18,"posy":1.2,"posz":-0.025000000000000022,"roty":0,"rotx":0},"intaract":{"posx":3.0616169978683855e-18,"posy":0.19999999999999996,"posz":-0.025000000000000022,"roty":0,"rotx":0},"shadow":{"posx":3.0616169978683855e-18,"posy":0,"posz":-0.025000000000000022,"roty":0,"rotx":0}}}