# This file was generated by Animated Java via MC-Build. It is not recommended to edit this file directly.
$data merge entity $(bone_eyes) {transformation: [-0.9962f,0.0151f,0.0858f,-0.0265f,0.0151f,0.9999f,-0.0007f,1.7252f,-0.0858f,0.0007f,-0.9963f,0.3047f,0f,0f,0f,1f],start_interpolation: 0,interpolation_duration: 1}
$data merge entity $(bone_head) {transformation: [-0.9962f,0.0151f,0.0858f,0.0054f,0.0151f,0.9999f,-0.0007f,1.3811f,-0.0858f,0.0007f,-0.9963f,0.0554f,0f,0f,0f,1f],start_interpolation: 0,interpolation_duration: 1}
$data merge entity $(bone_fabric_overray) {transformation: [-0.9962f,0f,0.0872f,0.0054f,0.0151f,0.9848f,0.173f,1.3811f,-0.0858f,0.1736f,-0.9811f,0.0554f,0f,0f,0f,1f],start_interpolation: 0,interpolation_duration: 1}
$data merge entity $(bone_fabric) {transformation: [-0.9962f,0f,0.0872f,0.0054f,0.0151f,0.9848f,0.173f,1.3811f,-0.0858f,0.1736f,-0.9811f,0.0554f,0f,0f,0f,1f],start_interpolation: 0,interpolation_duration: 1}
$data merge entity $(bone_bone_overray) {transformation: [-0.9962f,0f,0.0872f,0.0054f,0.0151f,0.9848f,0.173f,1.3811f,-0.0858f,0.1736f,-0.9811f,0.0554f,0f,0f,0f,1f],start_interpolation: 0,interpolation_duration: 1}
$data merge entity $(bone_bone) {transformation: [-0.9962f,0f,0.0872f,0.0054f,0.0151f,0.9848f,0.173f,1.3811f,-0.0858f,0.1736f,-0.9811f,0.0554f,0f,0f,0f,1f],start_interpolation: 0,interpolation_duration: 1}
$data merge entity $(bone_left_arm1) {transformation: [-0.9986f,0.0408f,0.0335f,0.2545f,0.0167f,0.8465f,-0.5321f,1.3157f,-0.0501f,-0.5308f,-0.846f,0.0661f,0f,0f,0f,1f],start_interpolation: 0,interpolation_duration: 1}
$data merge entity $(bone_right_arm1) {transformation: [-0.9998f,0.0014f,0.0218f,-0.2436f,0.0038f,0.9941f,0.1088f,1.3233f,-0.0215f,0.1089f,-0.9938f,0.0231f,0f,0f,0f,1f],start_interpolation: 0,interpolation_duration: 1}
data modify entity @s data merge value {"cameras":{},"locators":{"mouse":{"posx":-0.014591858120587895,"posy":1.4749660756470868,"posz":0.30458713504810647,"roty":4.923851002028272,"rotx":-0.037287589933534517},"left_arm":{"posx":0.28886122419809424,"posy":0.7326972691833513,"posz":0.4340948270348685,"roty":2.2682912130100874,"rotx":-32.14629860834016},"right_arm":{"posx":-0.307067433055793,"posy":0.6401221123288318,"posz":-0.0530613444472785,"roty":1.2547764234058434,"rotx":6.247620341841566},"intaract2":{"posx":-2.8702659355016143e-19,"posy":1.2,"posz":0.0023437500000000056,"roty":0,"rotx":0},"intaract":{"posx":-2.8702659355016143e-19,"posy":0.19999999999999996,"posz":0.0023437500000000056,"roty":0,"rotx":0},"shadow":{"posx":-2.8702659355016143e-19,"posy":0,"posz":0.0023437500000000056,"roty":0,"rotx":0}}}