# This file was generated by Animated Java via MC-Build. It is not recommended to edit this file directly.
$data merge entity $(bone_eyes) {transformation: [-0.997f,0.0135f,0.0763f,-0.0253f,0.0135f,0.9999f,-0.0004f,1.7251f,-0.0763f,0.0006f,-0.9971f,0.3049f,0f,0f,0f,1f],start_interpolation: 0,interpolation_duration: 1}
$data merge entity $(bone_head) {transformation: [-0.997f,0.0135f,0.0763f,0.0048f,0.0135f,0.9999f,-0.0004f,1.3811f,-0.0763f,0.0006f,-0.9971f,0.0554f,0f,0f,0f,1f],start_interpolation: 0,interpolation_duration: 1}
$data merge entity $(bone_fabric_overray) {transformation: [-0.997f,0f,0.0775f,0.0048f,0.0135f,0.9848f,0.1732f,1.3811f,-0.0763f,0.1737f,-0.9818f,0.0554f,0f,0f,0f,1f],start_interpolation: 0,interpolation_duration: 1}
$data merge entity $(bone_fabric) {transformation: [-0.997f,0f,0.0775f,0.0048f,0.0135f,0.9848f,0.1732f,1.3811f,-0.0763f,0.1737f,-0.9818f,0.0554f,0f,0f,0f,1f],start_interpolation: 0,interpolation_duration: 1}
$data merge entity $(bone_bone_overray) {transformation: [-0.997f,0f,0.0775f,0.0048f,0.0135f,0.9848f,0.1732f,1.3811f,-0.0763f,0.1737f,-0.9818f,0.0554f,0f,0f,0f,1f],start_interpolation: 0,interpolation_duration: 1}
$data merge entity $(bone_bone) {transformation: [-0.997f,0f,0.0775f,0.0048f,0.0135f,0.9848f,0.1732f,1.3811f,-0.0763f,0.1737f,-0.9818f,0.0554f,0f,0f,0f,1f],start_interpolation: 0,interpolation_duration: 1}
$data merge entity $(bone_left_arm1) {transformation: [-0.9996f,0.0293f,0.0039f,0.2541f,0.0157f,0.6379f,-0.77f,1.3162f,-0.025f,-0.7696f,-0.6381f,0.0636f,0f,0f,0f,1f],start_interpolation: 0,interpolation_duration: 1}
$data merge entity $(bone_right_arm1) {transformation: [-0.9998f,-0.0019f,-0.0193f,-0.2444f,-0.0034f,0.997f,0.0775f,1.3229f,0.0191f,0.0776f,-0.9968f,0.0255f,0f,0f,0f,1f],start_interpolation: 0,interpolation_duration: 1}
data modify entity @s data merge value {"cameras":{},"locators":{"mouse":{"posx":-0.012973215260285241,"posy":1.4749272326414706,"posz":0.304745413373356,"roty":4.3768059165263935,"rotx":-0.025781352384864748},"left_arm":{"posx":0.29641109469876603,"posy":0.8766160700783655,"posz":0.5942781149380526,"roty":0.34749744956192785,"rotx":-50.349913778663876},"right_arm":{"posx":-0.3056034467168267,"posy":0.6372519004927298,"posz":-0.026655053917812553,"roty":358.890835219316,"rotx":4.446322028794806},"intaract2":{"posx":-3.8270212473354857e-19,"posy":1.2,"posz":0.0031250000000000028,"roty":0,"rotx":0},"intaract":{"posx":-3.8270212473354857e-19,"posy":0.19999999999999996,"posz":0.0031250000000000028,"roty":0,"rotx":0},"shadow":{"posx":-3.8270212473354857e-19,"posy":0,"posz":0.0031250000000000028,"roty":0,"rotx":0}}}