# This file was generated by Animated Java via MC-Build. It is not recommended to edit this file directly.
$data merge entity $(bone_eyes) {transformation: [-0.9977f,0.0118f,0.0668f,-0.0241f,0.0118f,0.9999f,-0.0003f,1.7251f,-0.0668f,0.0005f,-0.9978f,0.3052f,0f,0f,0f,1f],start_interpolation: 0,interpolation_duration: 1}
$data merge entity $(bone_head) {transformation: [-0.9977f,0.0118f,0.0668f,0.0042f,0.0118f,0.9999f,-0.0003f,1.3811f,-0.0668f,0.0005f,-0.9978f,0.0554f,0f,0f,0f,1f],start_interpolation: 0,interpolation_duration: 1}
$data merge entity $(bone_fabric_overray) {transformation: [-0.9977f,0f,0.0678f,0.0042f,0.0118f,0.9848f,0.1734f,1.3811f,-0.0668f,0.1738f,-0.9825f,0.0554f,0f,0f,0f,1f],start_interpolation: 0,interpolation_duration: 1}
$data merge entity $(bone_fabric) {transformation: [-0.9977f,0f,0.0678f,0.0042f,0.0118f,0.9848f,0.1734f,1.3811f,-0.0668f,0.1738f,-0.9825f,0.0554f,0f,0f,0f,1f],start_interpolation: 0,interpolation_duration: 1}
$data merge entity $(bone_bone_overray) {transformation: [-0.9977f,0f,0.0678f,0.0042f,0.0118f,0.9848f,0.1734f,1.3811f,-0.0668f,0.1738f,-0.9825f,0.0554f,0f,0f,0f,1f],start_interpolation: 0,interpolation_duration: 1}
$data merge entity $(bone_bone) {transformation: [-0.9977f,0f,0.0678f,0.0042f,0.0118f,0.9848f,0.1734f,1.3811f,-0.0668f,0.1738f,-0.9825f,0.0554f,0f,0f,0f,1f],start_interpolation: 0,interpolation_duration: 1}
$data merge entity $(bone_left_arm1) {transformation: [-0.9999f,0.0063f,-0.0133f,0.2537f,0.0147f,0.3799f,-0.9249f,1.3166f,-0.0008f,-0.925f,-0.3799f,0.0612f,0f,0f,0f,1f],start_interpolation: 0,interpolation_duration: 1}
$data merge entity $(bone_right_arm1) {transformation: [-0.9986f,-0.0064f,-0.0529f,-0.2452f,-0.0093f,0.9985f,0.0532f,1.3225f,0.0525f,0.0536f,-0.9972f,0.0278f,0f,0f,0f,1f],start_interpolation: 0,interpolation_duration: 1}
data modify entity @s data merge value {"cameras":{},"locators":{"mouse":{"posx":-0.011353368561185037,"posy":1.474895013536831,"posz":0.3048815600890272,"roty":3.8297377000083372,"rotx":-0.016111133588550874},"left_arm":{"posx":0.31184564451005115,"posy":1.054500399541923,"posz":0.6972245882360015,"roty":357.9961237038496,"rotx":-67.65623517305325},"right_arm":{"posx":-0.30316762594891666,"posy":0.6354026159385012,"posz":-0.005726188144702299,"roty":356.962692921027,"rotx":3.0480602732936344},"intaract2":{"posx":-4.783776559169342e-19,"posy":1.2,"posz":0.00390625,"roty":0,"rotx":0},"intaract":{"posx":-4.783776559169342e-19,"posy":0.19999999999999996,"posz":0.00390625,"roty":0,"rotx":0},"shadow":{"posx":-4.783776559169342e-19,"posy":0,"posz":0.00390625,"roty":0,"rotx":0}}}