# This file was generated by Animated Java via MC-Build. It is not recommended to edit this file directly.
$data merge entity $(bone_eyes) {transformation: [-0.9983f,0.0101f,0.0573f,-0.0229f,0.0101f,0.9999f,-0.0001f,1.725f,-0.0573f,0.0004f,-0.9984f,0.3055f,0f,0f,0f,1f],start_interpolation: 0,interpolation_duration: 1}
$data merge entity $(bone_head) {transformation: [-0.9983f,0.0101f,0.0573f,0.0036f,0.0101f,0.9999f,-0.0001f,1.3811f,-0.0573f,0.0004f,-0.9984f,0.0554f,0f,0f,0f,1f],start_interpolation: 0,interpolation_duration: 1}
$data merge entity $(bone_fabric_overray) {transformation: [-0.9983f,0f,0.0581f,0.0036f,0.0101f,0.9848f,0.1735f,1.3811f,-0.0573f,0.1738f,-0.9831f,0.0554f,0f,0f,0f,1f],start_interpolation: 0,interpolation_duration: 1}
$data merge entity $(bone_fabric) {transformation: [-0.9983f,0f,0.0581f,0.0036f,0.0101f,0.9848f,0.1735f,1.3811f,-0.0573f,0.1738f,-0.9831f,0.0554f,0f,0f,0f,1f],start_interpolation: 0,interpolation_duration: 1}
$data merge entity $(bone_bone_overray) {transformation: [-0.9983f,0f,0.0581f,0.0036f,0.0101f,0.9848f,0.1735f,1.3811f,-0.0573f,0.1738f,-0.9831f,0.0554f,0f,0f,0f,1f],start_interpolation: 0,interpolation_duration: 1}
$data merge entity $(bone_bone) {transformation: [-0.9983f,0f,0.0581f,0.0036f,0.0101f,0.9848f,0.1735f,1.3811f,-0.0573f,0.1738f,-0.9831f,0.0554f,0f,0f,0f,1f],start_interpolation: 0,interpolation_duration: 1}
$data merge entity $(bone_left_arm1) {transformation: [-0.9997f,-0.0192f,-0.0162f,0.2532f,0.0135f,0.134f,-0.9909f,1.317f,0.0213f,-0.9908f,-0.1337f,0.0588f,0f,0f,0f,1f],start_interpolation: 0,interpolation_duration: 1}
$data merge entity $(bone_right_arm1) {transformation: [-0.9974f,-0.0095f,-0.072f,-0.2459f,-0.0126f,0.999f,0.0433f,1.3221f,0.0716f,0.0441f,-0.9965f,0.0302f,0f,0f,0f,1f],start_interpolation: 0,interpolation_duration: 1}
data modify entity @s data merge value {"cameras":{},"locators":{"mouse":{"posx":-0.009732547320923187,"posy":1.4748694263098625,"posz":0.3049955682202061,"roty":3.2826509258760836,"rotx":-0.008279498941430291},"left_arm":{"posx":0.32892613054851016,"posy":1.2240456049579918,"posz":0.7386616931479463,"roty":353.0711027128814,"rotx":-82.26020184676855},"right_arm":{"posx":-0.3017600370929386,"posy":0.6344778550269422,"posz":0.004338252094001391,"roty":355.86518343465417,"rotx":2.4822336082993806},"intaract2":{"posx":-5.740531871003213e-19,"posy":1.2,"posz":0.004687499999999997,"roty":0,"rotx":0},"intaract":{"posx":-5.740531871003213e-19,"posy":0.19999999999999996,"posz":0.004687499999999997,"roty":0,"rotx":0},"shadow":{"posx":-5.740531871003213e-19,"posy":0,"posz":0.004687499999999997,"roty":0,"rotx":0}}}