# This file was generated by Animated Java via MC-Build. It is not recommended to edit this file directly.
$data merge entity $(bone_eyes) {transformation: [-0.9988f,0.0084f,0.0477f,-0.0217f,0.0084f,1f,0f,1.725f,-0.0477f,0.0004f,-0.9989f,0.3057f,0f,0f,0f,1f],start_interpolation: 0,interpolation_duration: 1}
$data merge entity $(bone_head) {transformation: [-0.9988f,0.0084f,0.0477f,0.003f,0.0084f,1f,0f,1.3811f,-0.0477f,0.0004f,-0.9989f,0.0553f,0f,0f,0f,1f],start_interpolation: 0,interpolation_duration: 1}
$data merge entity $(bone_fabric_overray) {transformation: [-0.9988f,0f,0.0485f,0.003f,0.0084f,0.9848f,0.1736f,1.3811f,-0.0477f,0.1738f,-0.9836f,0.0553f,0f,0f,0f,1f],start_interpolation: 0,interpolation_duration: 1}
$data merge entity $(bone_fabric) {transformation: [-0.9988f,0f,0.0485f,0.003f,0.0084f,0.9848f,0.1736f,1.3811f,-0.0477f,0.1738f,-0.9836f,0.0553f,0f,0f,0f,1f],start_interpolation: 0,interpolation_duration: 1}
$data merge entity $(bone_bone_overray) {transformation: [-0.9988f,0f,0.0485f,0.003f,0.0084f,0.9848f,0.1736f,1.3811f,-0.0477f,0.1738f,-0.9836f,0.0553f,0f,0f,0f,1f],start_interpolation: 0,interpolation_duration: 1}
$data merge entity $(bone_bone) {transformation: [-0.9988f,0f,0.0485f,0.003f,0.0084f,0.9848f,0.1736f,1.3811f,-0.0477f,0.1738f,-0.9836f,0.0553f,0f,0f,0f,1f],start_interpolation: 0,interpolation_duration: 1}
$data merge entity $(bone_left_arm1) {transformation: [-0.9991f,-0.0399f,-0.0105f,0.2527f,0.0122f,-0.0428f,-0.999f,1.3174f,0.0394f,-0.9983f,0.0432f,0.0564f,0f,0f,0f,1f],start_interpolation: 0,interpolation_duration: 1}
$data merge entity $(bone_right_arm1) {transformation: [-0.9974f,-0.0088f,-0.0721f,-0.2467f,-0.0126f,0.9985f,0.053f,1.3217f,0.0716f,0.0538f,-0.996f,0.0325f,0f,0f,0f,1f],start_interpolation: 0,interpolation_duration: 1}
data modify entity @s data merge value {"cameras":{},"locators":{"mouse":{"posx":-0.008110980900812949,"posy":1.4748504774681412,"posz":0.3050874328145266,"roty":2.7355501995050417,"rotx":-0.002288668044945245},"left_arm":{"posx":0.342628535361752,"posy":1.3460703923932584,"posz":0.7402648888174232,"roty":193.65348236357863,"rotx":-87.45155255074792},"right_arm":{"posx":-0.30297560549988933,"posy":0.6343852013860539,"posz":0.0000412189988495959,"roty":355.85822762595063,"rotx":3.038754984591449},"intaract2":{"posx":-6.697287182837085e-19,"posy":1.2,"posz":0.0054687499999999944,"roty":0,"rotx":0},"intaract":{"posx":-6.697287182837085e-19,"posy":0.19999999999999996,"posz":0.0054687499999999944,"roty":0,"rotx":0},"shadow":{"posx":-6.697287182837085e-19,"posy":0,"posz":0.0054687499999999944,"roty":0,"rotx":0}}}