# This file was generated by Animated Java via MC-Build. It is not recommended to edit this file directly.
$data merge entity $(bone_eyes) {transformation: [-0.9992f,0.0067f,0.0382f,-0.0205f,0.0067f,1f,0f,1.7249f,-0.0382f,0.0003f,-0.9993f,0.3059f,0f,0f,0f,1f],start_interpolation: 0,interpolation_duration: 1}
$data merge entity $(bone_head) {transformation: [-0.9992f,0.0067f,0.0382f,0.0024f,0.0067f,1f,0f,1.3811f,-0.0382f,0.0003f,-0.9993f,0.0553f,0f,0f,0f,1f],start_interpolation: 0,interpolation_duration: 1}
$data merge entity $(bone_fabric_overray) {transformation: [-0.9992f,0f,0.0388f,0.0024f,0.0067f,0.9848f,0.1737f,1.3811f,-0.0382f,0.1738f,-0.984f,0.0553f,0f,0f,0f,1f],start_interpolation: 0,interpolation_duration: 1}
$data merge entity $(bone_fabric) {transformation: [-0.9992f,0f,0.0388f,0.0024f,0.0067f,0.9848f,0.1737f,1.3811f,-0.0382f,0.1738f,-0.984f,0.0553f,0f,0f,0f,1f],start_interpolation: 0,interpolation_duration: 1}
$data merge entity $(bone_bone_overray) {transformation: [-0.9992f,0f,0.0388f,0.0024f,0.0067f,0.9848f,0.1737f,1.3811f,-0.0382f,0.1738f,-0.984f,0.0553f,0f,0f,0f,1f],start_interpolation: 0,interpolation_duration: 1}
$data merge entity $(bone_bone) {transformation: [-0.9992f,0f,0.0388f,0.0024f,0.0067f,0.9848f,0.1737f,1.3811f,-0.0382f,0.1738f,-0.984f,0.0553f,0f,0f,0f,1f],start_interpolation: 0,interpolation_duration: 1}
$data merge entity $(bone_left_arm1) {transformation: [-0.9984f,-0.0561f,-0.0014f,0.2522f,0.0108f,-0.1677f,-0.9858f,1.3179f,0.0551f,-0.9842f,0.168f,0.054f,0f,0f,0f,1f],start_interpolation: 0,interpolation_duration: 1}
$data merge entity $(bone_right_arm1) {transformation: [-0.9983f,-0.0056f,-0.0579f,-0.2474f,-0.0101f,0.997f,0.0774f,1.3212f,0.0573f,0.0778f,-0.9953f,0.0349f,0f,0f,0f,1f],start_interpolation: 0,interpolation_duration: 1}
data modify entity @s data merge value {"cameras":{},"locators":{"mouse":{"posx":-0.006488898700399691,"posy":1.474838172049625,"posz":0.30515715094212553,"roty":2.188440152622462,"rotx":0.0018594857457479759},"left_arm":{"posx":0.35322063796089087,"posy":1.4324848593670216,"posz":0.7272167644968951,"roty":180.46580388191015,"rotx":-80.32565558215131},"right_arm":{"posx":-0.30591595498572643,"posy":0.635200707577963,"posz":-0.01501631827966915,"roty":356.6724260663431,"rotx":4.436941459413394},"intaract2":{"posx":-7.654042494670971e-19,"posy":1.2,"posz":0.0062500000000000056,"roty":0,"rotx":0},"intaract":{"posx":-7.654042494670971e-19,"posy":0.19999999999999996,"posz":0.0062500000000000056,"roty":0,"rotx":0},"shadow":{"posx":-7.654042494670971e-19,"posy":0,"posz":0.0062500000000000056,"roty":0,"rotx":0}}}