# This file was generated by Animated Java via MC-Build. It is not recommended to edit this file directly.
$data merge entity $(bone_eyes) {transformation: [-0.9996f,0.0051f,0.0286f,-0.0193f,0.0051f,1f,0.0001f,1.7249f,-0.0286f,0.0002f,-0.9996f,0.3061f,0f,0f,0f,1f],start_interpolation: 0,interpolation_duration: 1}
$data merge entity $(bone_head) {transformation: [-0.9996f,0.0051f,0.0286f,0.0018f,0.0051f,1f,0.0001f,1.3811f,-0.0286f,0.0002f,-0.9996f,0.0553f,0f,0f,0f,1f],start_interpolation: 0,interpolation_duration: 1}
$data merge entity $(bone_fabric_overray) {transformation: [-0.9996f,0f,0.0291f,0.0018f,0.0051f,0.9848f,0.1737f,1.3811f,-0.0286f,0.1738f,-0.9844f,0.0553f,0f,0f,0f,1f],start_interpolation: 0,interpolation_duration: 1}
$data merge entity $(bone_fabric) {transformation: [-0.9996f,0f,0.0291f,0.0018f,0.0051f,0.9848f,0.1737f,1.3811f,-0.0286f,0.1738f,-0.9844f,0.0553f,0f,0f,0f,1f],start_interpolation: 0,interpolation_duration: 1}
$data merge entity $(bone_bone_overray) {transformation: [-0.9996f,0f,0.0291f,0.0018f,0.0051f,0.9848f,0.1737f,1.3811f,-0.0286f,0.1738f,-0.9844f,0.0553f,0f,0f,0f,1f],start_interpolation: 0,interpolation_duration: 1}
$data merge entity $(bone_bone) {transformation: [-0.9996f,0f,0.0291f,0.0018f,0.0051f,0.9848f,0.1737f,1.3811f,-0.0286f,0.1738f,-0.9844f,0.0553f,0f,0f,0f,1f],start_interpolation: 0,interpolation_duration: 1}
$data merge entity $(bone_left_arm1) {transformation: [-0.9979f,-0.0646f,0.0009f,0.2517f,0.0091f,-0.154f,-0.988f,1.3183f,0.0639f,-0.986f,0.1543f,0.0516f,0f,0f,0f,1f],start_interpolation: 0,interpolation_duration: 1}
$data merge entity $(bone_right_arm1) {transformation: [-0.9993f,-0.0024f,-0.0363f,-0.2481f,-0.0063f,0.994f,0.1089f,1.3208f,0.0358f,0.1091f,-0.9934f,0.0373f,0f,0f,0f,1f],start_interpolation: 0,interpolation_duration: 1}
data modify entity @s data merge value {"cameras":{},"locators":{"mouse":{"posx":-0.004866530132016614,"posy":1.4748325136223743,"posz":0.3052047216954141,"roty":1.6413254376596171,"rotx":0.004163435694126727},"left_arm":{"posx":0.3584795471458885,"posy":1.4236235612082329,"posz":0.7254310197122397,"roty":179.66140394506027,"rotx":-81.12341614729172},"right_arm":{"posx":-0.30890348971866677,"posy":0.6370262332650272,"posz":-0.03547255037752973,"roty":357.9087162609446,"rotx":6.251730665918729},"intaract2":{"posx":-8.610797806504827e-19,"posy":1.2,"posz":0.007031250000000003,"roty":0,"rotx":0},"intaract":{"posx":-8.610797806504827e-19,"posy":0.19999999999999996,"posz":0.007031250000000003,"roty":0,"rotx":0},"shadow":{"posx":-8.610797806504827e-19,"posy":0,"posz":0.007031250000000003,"roty":0,"rotx":0}}}