# This file was generated by Animated Java via MC-Build. It is not recommended to edit this file directly.
$data merge entity $(bone_eyes) {transformation: [-1f,0f,0f,-0.0156f,0f,0.9999f,0.0114f,1.6813f,0f,0.0114f,-0.9999f,0.487f,0f,0f,0f,1f],start_interpolation: 0,interpolation_duration: 1}
$data merge entity $(bone_head) {transformation: [-1f,0f,0f,0f,0f,0.9999f,0.0114f,1.3405f,0f,0.0114f,-0.9999f,0.2319f,0f,0f,0f,1f],start_interpolation: 0,interpolation_duration: 1}
$data merge entity $(bone_fabric_overray) {transformation: [-1f,0f,0f,0f,0f,0.7265f,0.6872f,1.3405f,0f,0.6872f,-0.7265f,0.2319f,0f,0f,0f,1f],start_interpolation: 0,interpolation_duration: 1}
$data merge entity $(bone_fabric) {transformation: [-1f,0f,0f,0f,0f,0.7265f,0.6872f,1.3405f,0f,0.6872f,-0.7265f,0.2319f,0f,0f,0f,1f],start_interpolation: 0,interpolation_duration: 1}
$data merge entity $(bone_bone_overray) {transformation: [-1f,0f,0f,0f,0f,0.7265f,0.6872f,1.3405f,0f,0.6872f,-0.7265f,0.2319f,0f,0f,0f,1f],start_interpolation: 0,interpolation_duration: 1}
$data merge entity $(bone_bone) {transformation: [-1f,0f,0f,0f,0f,0.7265f,0.6872f,1.3405f,0f,0.6872f,-0.7265f,0.2319f,0f,0f,0f,1f],start_interpolation: 0,interpolation_duration: 1}
$data merge entity $(bone_left_arm1) {transformation: [-0.9848f,-0.1357f,0.1084f,0.25f,-0.1261f,0.9879f,0.0904f,1.2951f,-0.1193f,0.0753f,-0.99f,0.1889f,0f,0f,0f,1f],start_interpolation: 0,interpolation_duration: 1}
$data merge entity $(bone_right_arm1) {transformation: [-0.9848f,0.1357f,-0.1084f,-0.25f,0.1261f,0.9879f,0.0904f,1.2951f,0.1193f,0.0753f,-0.99f,0.1889f,0f,0f,0f,1f],start_interpolation: 0,interpolation_duration: 1}
data modify entity @s data merge value {"cameras":{},"locators":{"mouse":{"posx":-5.913903889241899e-17,"posy":1.431352671776274,"posz":0.48290689963501215,"roty":0,"rotx":0.6552941176470466},"left_arm":{"posx":0.40482483423117155,"posy":0.6237781263199574,"posz":0.14455753208882363,"roty":6.247784600479974,"rotx":5.1861800248318275},"right_arm":{"posx":-0.40482483423117155,"posy":0.6237781263199574,"posz":0.14455753208882355,"roty":353.75221539952,"rotx":5.1861800248318275}}}