# This file was generated by Animated Java via MC-Build. It is not recommended to edit this file directly.
$data merge entity $(bone_eyes) {transformation: [-1f,0f,0f,-0.0156f,0f,0.9926f,0.1211f,1.7458f,0f,0.1211f,-0.9926f,0.5624f,0f,0f,0f,1f],start_interpolation: 0,interpolation_duration: 1}
$data merge entity $(bone_head) {transformation: [-1f,0f,0f,0f,0f,0.9926f,0.1211f,1.435f,0f,0.1211f,-0.9926f,0.2714f,0f,0f,0f,1f],start_interpolation: 0,interpolation_duration: 1}
$data merge entity $(bone_fabric_overray) {transformation: [-1f,0f,0f,0f,0f,0.6121f,0.7908f,1.435f,0f,0.7908f,-0.6121f,0.2714f,0f,0f,0f,1f],start_interpolation: 0,interpolation_duration: 1}
$data merge entity $(bone_fabric) {transformation: [-1f,0f,0f,0f,0f,0.6121f,0.7908f,1.435f,0f,0.7908f,-0.6121f,0.2714f,0f,0f,0f,1f],start_interpolation: 0,interpolation_duration: 1}
$data merge entity $(bone_bone_overray) {transformation: [-1f,0f,0f,0f,0f,0.6121f,0.7908f,1.435f,0f,0.7908f,-0.6121f,0.2714f,0f,0f,0f,1f],start_interpolation: 0,interpolation_duration: 1}
$data merge entity $(bone_bone) {transformation: [-1f,0f,0f,0f,0f,0.6121f,0.7908f,1.435f,0f,0.7908f,-0.6121f,0.2714f,0f,0f,0f,1f],start_interpolation: 0,interpolation_duration: 1}
$data merge entity $(bone_left_arm1) {transformation: [-0.9848f,-0.0972f,0.1439f,0.25f,-0.1063f,0.9927f,-0.0568f,1.3968f,-0.1373f,-0.0713f,-0.988f,0.2219f,0f,0f,0f,1f],start_interpolation: 0,interpolation_duration: 1}
$data merge entity $(bone_right_arm1) {transformation: [-0.9848f,0.0972f,-0.1439f,-0.25f,0.1063f,0.9927f,-0.0568f,1.3968f,0.1373f,-0.0713f,-0.988f,0.2219f,0f,0f,0f,1f],start_interpolation: 0,interpolation_duration: 1}
data modify entity @s data merge value {"cameras":{},"locators":{"mouse":{"posx":-6.501268266549947e-17,"posy":1.4978335153606672,"posz":0.5308688408018039,"roty":0,"rotx":6.955179738562096},"left_arm":{"posx":0.37838288497341543,"posy":0.7209445953815208,"posz":0.27950617890859025,"roty":8.286375996576254,"rotx":-3.2577646148579564},"right_arm":{"posx":-0.37838288497341543,"posy":0.7209445953815208,"posz":0.2795061789085902,"roty":351.7136240034238,"rotx":-3.257764614857957}}}