# This file was generated by Animated Java via MC-Build. It is not recommended to edit this file directly.
$data merge entity $(bone_eyes) {transformation: [-1f,0f,0f,-0.0156f,0f,0.994f,0.1091f,1.7558f,0f,0.1091f,-0.994f,0.5568f,0f,0f,0f,1f],start_interpolation: 0,interpolation_duration: 1}
$data merge entity $(bone_head) {transformation: [-1f,0f,0f,0f,0f,0.994f,0.1091f,1.4415f,0f,0.1091f,-0.994f,0.2695f,0f,0f,0f,1f],start_interpolation: 0,interpolation_duration: 1}
$data merge entity $(bone_fabric_overray) {transformation: [-1f,0f,0f,0f,0f,0.6181f,0.7861f,1.4415f,0f,0.7861f,-0.6181f,0.2695f,0f,0f,0f,1f],start_interpolation: 0,interpolation_duration: 1}
$data merge entity $(bone_fabric) {transformation: [-1f,0f,0f,0f,0f,0.6181f,0.7861f,1.4415f,0f,0.7861f,-0.6181f,0.2695f,0f,0f,0f,1f],start_interpolation: 0,interpolation_duration: 1}
$data merge entity $(bone_bone_overray) {transformation: [-1f,0f,0f,0f,0f,0.6181f,0.7861f,1.4415f,0f,0.7861f,-0.6181f,0.2695f,0f,0f,0f,1f],start_interpolation: 0,interpolation_duration: 1}
$data merge entity $(bone_bone) {transformation: [-1f,0f,0f,0f,0f,0.6181f,0.7861f,1.4415f,0f,0.7861f,-0.6181f,0.2695f,0f,0f,0f,1f],start_interpolation: 0,interpolation_duration: 1}
$data merge entity $(bone_left_arm1) {transformation: [-0.9848f,-0.0955f,0.145f,0.25f,-0.1073f,0.9913f,-0.0762f,1.4029f,-0.1365f,-0.0906f,-0.9865f,0.2204f,0f,0f,0f,1f],start_interpolation: 0,interpolation_duration: 1}
$data merge entity $(bone_right_arm1) {transformation: [-0.9848f,0.0955f,-0.145f,-0.25f,0.1073f,0.9913f,-0.0762f,1.4029f,0.1365f,-0.0906f,-0.9865f,0.2204f,0f,0f,0f,1f],start_interpolation: 0,interpolation_duration: 1}
data modify entity @s data merge value {"cameras":{},"locators":{"mouse":{"posx":-6.469265091251886e-17,"posy":1.5074221227323166,"posz":0.5282555832225293,"roty":0,"rotx":6.264517066085701},"left_arm":{"posx":0.3771979097729613,"posy":0.7280685850644821,"posz":0.29119779647020716,"roty":8.36392932686411,"rotx":-4.368792840272397},"right_arm":{"posx":-0.37719790977296136,"posy":0.7280685850644821,"posz":0.29119779647020705,"roty":351.6360706731359,"rotx":-4.368792840272397}}}