# This file was generated by Animated Java via MC-Build. It is not recommended to edit this file directly.
$data merge entity $(bone_eyes) {transformation: [-1f,0f,0f,-0.0156f,0f,0.9956f,0.0942f,1.7652f,0f,0.0942f,-0.9956f,0.5495f,0f,0f,0f,1f],start_interpolation: 0,interpolation_duration: 1}
$data merge entity $(bone_head) {transformation: [-1f,0f,0f,0f,0f,0.9956f,0.0942f,1.4466f,0f,0.0942f,-0.9956f,0.2669f,0f,0f,0f,1f],start_interpolation: 0,interpolation_duration: 1}
$data merge entity $(bone_fabric_overray) {transformation: [-1f,0f,0f,0f,0f,0.6264f,0.7795f,1.4466f,0f,0.7795f,-0.6264f,0.2669f,0f,0f,0f,1f],start_interpolation: 0,interpolation_duration: 1}
$data merge entity $(bone_fabric) {transformation: [-1f,0f,0f,0f,0f,0.6264f,0.7795f,1.4466f,0f,0.7795f,-0.6264f,0.2669f,0f,0f,0f,1f],start_interpolation: 0,interpolation_duration: 1}
$data merge entity $(bone_bone_overray) {transformation: [-1f,0f,0f,0f,0f,0.6264f,0.7795f,1.4466f,0f,0.7795f,-0.6264f,0.2669f,0f,0f,0f,1f],start_interpolation: 0,interpolation_duration: 1}
$data merge entity $(bone_bone) {transformation: [-1f,0f,0f,0f,0f,0.6264f,0.7795f,1.4466f,0f,0.7795f,-0.6264f,0.2669f,0f,0f,0f,1f],start_interpolation: 0,interpolation_duration: 1}
$data merge entity $(bone_left_arm1) {transformation: [-0.9848f,-0.0944f,0.1457f,0.25f,-0.1088f,0.9896f,-0.0937f,1.4075f,-0.1354f,-0.1081f,-0.9849f,0.2182f,0f,0f,0f,1f],start_interpolation: 0,interpolation_duration: 1}
$data merge entity $(bone_right_arm1) {transformation: [-0.9848f,0.0944f,-0.1457f,-0.25f,0.1088f,0.9896f,-0.0937f,1.4075f,0.1354f,-0.1081f,-0.9849f,0.2182f,0f,0f,0f,1f],start_interpolation: 0,interpolation_duration: 1}
data modify entity @s data merge value {"cameras":{},"locators":{"mouse":{"posx":-6.425277349962683e-17,"posy":1.5164046533735531,"posz":0.5246637115645272,"roty":0,"rotx":5.4041013071895385},"left_arm":{"posx":0.37648242836555645,"posy":0.7338859099015348,"posz":0.3010147230185793,"roty":8.416106697639833,"rotx":-5.375757681751741},"right_arm":{"posx":-0.3764824283655565,"posy":0.7338859099015348,"posz":0.30101472301857923,"roty":351.58389330236014,"rotx":-5.375757681751741}}}