# This file was generated by Animated Java via MC-Build. It is not recommended to edit this file directly.
$data merge entity $(bone_eyes) {transformation: [-1f,0f,0f,-0.0156f,0f,0.9971f,0.0767f,1.7737f,0f,0.0767f,-0.9971f,0.5406f,0f,0f,0f,1f],start_interpolation: 0,interpolation_duration: 1}
$data merge entity $(bone_head) {transformation: [-1f,0f,0f,0f,0f,0.9971f,0.0767f,1.4503f,0f,0.0767f,-0.9971f,0.2637f,0f,0f,0f,1f],start_interpolation: 0,interpolation_duration: 1}
$data merge entity $(bone_fabric_overray) {transformation: [-1f,0f,0f,0f,0f,0.6366f,0.7712f,1.4503f,0f,0.7712f,-0.6366f,0.2637f,0f,0f,0f,1f],start_interpolation: 0,interpolation_duration: 1}
$data merge entity $(bone_fabric) {transformation: [-1f,0f,0f,0f,0f,0.6366f,0.7712f,1.4503f,0f,0.7712f,-0.6366f,0.2637f,0f,0f,0f,1f],start_interpolation: 0,interpolation_duration: 1}
$data merge entity $(bone_bone_overray) {transformation: [-1f,0f,0f,0f,0f,0.6366f,0.7712f,1.4503f,0f,0.7712f,-0.6366f,0.2637f,0f,0f,0f,1f],start_interpolation: 0,interpolation_duration: 1}
$data merge entity $(bone_bone) {transformation: [-1f,0f,0f,0f,0f,0.6366f,0.7712f,1.4503f,0f,0.7712f,-0.6366f,0.2637f,0f,0f,0f,1f],start_interpolation: 0,interpolation_duration: 1}
$data merge entity $(bone_left_arm1) {transformation: [-0.9848f,-0.0941f,0.1459f,0.25f,-0.1105f,0.9879f,-0.109f,1.4105f,-0.1339f,-0.1234f,-0.9833f,0.2155f,0f,0f,0f,1f],start_interpolation: 0,interpolation_duration: 1}
$data merge entity $(bone_right_arm1) {transformation: [-0.9848f,0.0941f,-0.1459f,-0.25f,0.1105f,0.9879f,-0.109f,1.4105f,0.1339f,-0.1234f,-0.9833f,0.2155f,0f,0f,0f,1f],start_interpolation: 0,interpolation_duration: 1}
data modify entity @s data merge value {"cameras":{},"locators":{"mouse":{"posx":-6.370243989497385e-17,"posy":1.5245631085299154,"posz":0.5201698966536799,"roty":0,"rotx":4.39708061002179},"left_arm":{"posx":0.37624319331691547,"posy":0.7382113634484038,"posz":0.3087557537690238,"roty":8.442488018179631,"rotx":-6.255831568658229},"right_arm":{"posx":-0.3762431933169155,"posy":0.7382113634484038,"posz":0.30875575376902376,"roty":351.55751198182037,"rotx":-6.255831568658229}}}