# This file was generated by Animated Java via MC-Build. It is not recommended to edit this file directly.
$data merge entity $(bone_eyes) {transformation: [-1f,0f,0f,-0.0156f,0f,0.9984f,0.057f,1.7812f,0f,0.057f,-0.9984f,0.5303f,0f,0f,0f,1f],start_interpolation: 0,interpolation_duration: 1}
$data merge entity $(bone_head) {transformation: [-1f,0f,0f,0f,0f,0.9984f,0.057f,1.4523f,0f,0.057f,-0.9984f,0.2599f,0f,0f,0f,1f],start_interpolation: 0,interpolation_duration: 1}
$data merge entity $(bone_fabric_overray) {transformation: [-1f,0f,0f,0f,0f,0.6483f,0.7614f,1.4523f,0f,0.7614f,-0.6483f,0.2599f,0f,0f,0f,1f],start_interpolation: 0,interpolation_duration: 1}
$data merge entity $(bone_fabric) {transformation: [-1f,0f,0f,0f,0f,0.6483f,0.7614f,1.4523f,0f,0.7614f,-0.6483f,0.2599f,0f,0f,0f,1f],start_interpolation: 0,interpolation_duration: 1}
$data merge entity $(bone_bone_overray) {transformation: [-1f,0f,0f,0f,0f,0.6483f,0.7614f,1.4523f,0f,0.7614f,-0.6483f,0.2599f,0f,0f,0f,1f],start_interpolation: 0,interpolation_duration: 1}
$data merge entity $(bone_bone) {transformation: [-1f,0f,0f,0f,0f,0.6483f,0.7614f,1.4523f,0f,0.7614f,-0.6483f,0.2599f,0f,0f,0f,1f],start_interpolation: 0,interpolation_duration: 1}
$data merge entity $(bone_left_arm1) {transformation: [-0.9848f,-0.0944f,0.1457f,0.25f,-0.1126f,0.9862f,-0.1216f,1.4118f,-0.1322f,-0.1362f,-0.9818f,0.2123f,0f,0f,0f,1f],start_interpolation: 0,interpolation_duration: 1}
$data merge entity $(bone_right_arm1) {transformation: [-0.9848f,0.0944f,-0.1457f,-0.25f,0.1126f,0.9862f,-0.1216f,1.4118f,0.1322f,-0.1362f,-0.9818f,0.2123f,0f,0f,0f,1f],start_interpolation: 0,interpolation_duration: 1}
data modify entity @s data merge value {"cameras":{},"locators":{"mouse":{"posx":-6.305132940406673e-17,"posy":1.5316783407344672,"posz":0.5148531760174895,"roty":0,"rotx":3.2666031227305683},"left_arm":{"posx":0.37648242836555645,"posy":0.7408515394330137,"posz":0.31422254504376346,"roty":8.441954289020401,"rotx":-6.986260188968535},"right_arm":{"posx":-0.3764824283655565,"posy":0.7408515394330137,"posz":0.31422254504376335,"roty":351.5580457109796,"rotx":-6.986260188968535}}}