# This file was generated by Animated Java via MC-Build. It is not recommended to edit this file directly.
$data merge entity $(bone_eyes) {transformation: [-1f,0f,0f,-0.0156f,0f,0.9994f,0.0355f,1.7873f,0f,0.0355f,-0.9994f,0.5189f,0f,0f,0f,1f],start_interpolation: 0,interpolation_duration: 1}
$data merge entity $(bone_head) {transformation: [-1f,0f,0f,0f,0f,0.9994f,0.0355f,1.4527f,0f,0.0355f,-0.9994f,0.2556f,0f,0f,0f,1f],start_interpolation: 0,interpolation_duration: 1}
$data merge entity $(bone_fabric_overray) {transformation: [-1f,0f,0f,0f,0f,0.6612f,0.7502f,1.4527f,0f,0.7502f,-0.6612f,0.2556f,0f,0f,0f,1f],start_interpolation: 0,interpolation_duration: 1}
$data merge entity $(bone_fabric) {transformation: [-1f,0f,0f,0f,0f,0.6612f,0.7502f,1.4527f,0f,0.7502f,-0.6612f,0.2556f,0f,0f,0f,1f],start_interpolation: 0,interpolation_duration: 1}
$data merge entity $(bone_bone_overray) {transformation: [-1f,0f,0f,0f,0f,0.6612f,0.7502f,1.4527f,0f,0.7502f,-0.6612f,0.2556f,0f,0f,0f,1f],start_interpolation: 0,interpolation_duration: 1}
$data merge entity $(bone_bone) {transformation: [-1f,0f,0f,0f,0f,0.6612f,0.7502f,1.4527f,0f,0.7502f,-0.6612f,0.2556f,0f,0f,0f,1f],start_interpolation: 0,interpolation_duration: 1}
$data merge entity $(bone_left_arm1) {transformation: [-0.9848f,-0.0955f,0.145f,0.25f,-0.1148f,0.9847f,-0.1313f,1.4114f,-0.1303f,-0.146f,-0.9807f,0.2087f,0f,0f,0f,1f],start_interpolation: 0,interpolation_duration: 1}
$data merge entity $(bone_right_arm1) {transformation: [-0.9848f,0.0955f,-0.145f,-0.25f,0.1148f,0.9847f,-0.1313f,1.4114f,0.1303f,-0.146f,-0.9807f,0.2087f,0f,0f,0f,1f],start_interpolation: 0,interpolation_duration: 1}
data modify entity @s data merge value {"cameras":{},"locators":{"mouse":{"posx":-6.230996582320439e-17,"posy":1.5375329703630647,"posz":0.508799482974087,"roty":0,"rotx":2.035816993464046},"left_arm":{"posx":0.3771979097729613,"posy":0.7416133759092787,"posz":0.31722039893260434,"roty":8.412799769286181,"rotx":-7.544348017256482},"right_arm":{"posx":-0.37719790977296136,"posy":0.7416133759092787,"posz":0.3172203989326043,"roty":351.58720023071385,"rotx":-7.544348017256482}}}