# This file was generated by Animated Java via MC-Build. It is not recommended to edit this file directly.
$data merge entity $(bone_eyes) {transformation: [-1f,0f,0f,-0.0156f,0f,0.9999f,0.0127f,1.7919f,0f,0.0127f,-0.9999f,0.5065f,0f,0f,0f,1f],start_interpolation: 0,interpolation_duration: 1}
$data merge entity $(bone_head) {transformation: [-1f,0f,0f,0f,0f,0.9999f,0.0127f,1.4513f,0f,0.0127f,-0.9999f,0.2509f,0f,0f,0f,1f],start_interpolation: 0,interpolation_duration: 1}
$data merge entity $(bone_fabric_overray) {transformation: [-1f,0f,0f,0f,0f,0.6748f,0.738f,1.4513f,0f,0.738f,-0.6748f,0.2509f,0f,0f,0f,1f],start_interpolation: 0,interpolation_duration: 1}
$data merge entity $(bone_fabric) {transformation: [-1f,0f,0f,0f,0f,0.6748f,0.738f,1.4513f,0f,0.738f,-0.6748f,0.2509f,0f,0f,0f,1f],start_interpolation: 0,interpolation_duration: 1}
$data merge entity $(bone_bone_overray) {transformation: [-1f,0f,0f,0f,0f,0.6748f,0.738f,1.4513f,0f,0.738f,-0.6748f,0.2509f,0f,0f,0f,1f],start_interpolation: 0,interpolation_duration: 1}
$data merge entity $(bone_bone) {transformation: [-1f,0f,0f,0f,0f,0.6748f,0.738f,1.4513f,0f,0.738f,-0.6748f,0.2509f,0f,0f,0f,1f],start_interpolation: 0,interpolation_duration: 1}
$data merge entity $(bone_left_arm1) {transformation: [-0.9848f,-0.0972f,0.1439f,0.25f,-0.1172f,0.9835f,-0.1376f,1.4092f,-0.1281f,-0.1523f,-0.98f,0.2048f,0f,0f,0f,1f],start_interpolation: 0,interpolation_duration: 1}
$data merge entity $(bone_right_arm1) {transformation: [-0.9848f,0.0972f,-0.1439f,-0.25f,0.1172f,0.9835f,-0.1376f,1.4092f,0.1281f,-0.1523f,-0.98f,0.2048f,0f,0f,0f,1f],start_interpolation: 0,interpolation_duration: 1}
data modify entity @s data merge value {"cameras":{},"locators":{"mouse":{"posx":-6.149015690103279e-17,"posy":1.5419141048658975,"posz":0.5021052351081522,"roty":0,"rotx":0.7278703703703798},"left_arm":{"posx":0.37838288497341543,"posy":0.7403134680972974,"posz":0.3175581144655355,"roty":8.352872873670094,"rotx":-7.907442315065094},"right_arm":{"posx":-0.37838288497341543,"posy":0.7403134680972974,"posz":0.31755811446553545,"roty":351.6471271263299,"rotx":-7.907442315065095}}}