# This file was generated by Animated Java via MC-Build. It is not recommended to edit this file directly.
$data merge entity $(bone_eyes) {transformation: [-1f,0f,0f,-0.0156f,0f,0.9999f,0.0115f,1.789f,0f,0.0115f,-0.9999f,0.5011f,0f,0f,0f,1f],start_interpolation: 0,interpolation_duration: 1}
$data merge entity $(bone_head) {transformation: [-1f,0f,0f,0f,0f,0.9999f,0.0115f,1.4481f,0f,0.0115f,-0.9999f,0.2459f,0f,0f,0f,1f],start_interpolation: 0,interpolation_duration: 1}
$data merge entity $(bone_fabric_overray) {transformation: [-1f,0f,0f,0f,0f,0.689f,0.7248f,1.4481f,0f,0.7248f,-0.689f,0.2459f,0f,0f,0f,1f],start_interpolation: 0,interpolation_duration: 1}
$data merge entity $(bone_fabric) {transformation: [-1f,0f,0f,0f,0f,0.689f,0.7248f,1.4481f,0f,0.7248f,-0.689f,0.2459f,0f,0f,0f,1f],start_interpolation: 0,interpolation_duration: 1}
$data merge entity $(bone_bone_overray) {transformation: [-1f,0f,0f,0f,0f,0.689f,0.7248f,1.4481f,0f,0.7248f,-0.689f,0.2459f,0f,0f,0f,1f],start_interpolation: 0,interpolation_duration: 1}
$data merge entity $(bone_bone) {transformation: [-1f,0f,0f,0f,0f,0.689f,0.7248f,1.4481f,0f,0.7248f,-0.689f,0.2459f,0f,0f,0f,1f],start_interpolation: 0,interpolation_duration: 1}
$data merge entity $(bone_left_arm1) {transformation: [-0.9848f,-0.0996f,0.1422f,0.25f,-0.1196f,0.9829f,-0.1401f,1.405f,-0.1259f,-0.155f,-0.9799f,0.2006f,0f,0f,0f,1f],start_interpolation: 0,interpolation_duration: 1}
$data merge entity $(bone_right_arm1) {transformation: [-0.9848f,0.0996f,-0.1422f,-0.25f,0.1196f,0.9829f,-0.1401f,1.405f,0.1259f,-0.155f,-0.9799f,0.2006f,0f,0f,0f,1f],start_interpolation: 0,interpolation_duration: 1}
data modify entity @s data merge value {"cameras":{},"locators":{"mouse":{"posx":-6.086394046563284e-17,"posy":1.538980850820616,"posz":0.4969917898614415,"roty":0,"rotx":0.6572839506172743},"left_arm":{"posx":0.38002583032423565,"posy":0.7367881624285573,"posz":0.315047040993064,"roty":8.259741592065751,"rotx":-8.05291503217419},"right_arm":{"posx":-0.38002583032423576,"posy":0.7367881624285573,"posz":0.3150470409930639,"roty":351.74025840793433,"rotx":-8.052915032174191}}}