# This file was generated by Animated Java via MC-Build. It is not recommended to edit this file directly.
$data merge entity $(bone_eyes) {transformation: [-1f,0f,0f,-0.0156f,0f,1f,0.0097f,1.785f,0f,0.0097f,-1f,0.4953f,0f,0f,0f,1f],start_interpolation: 0,interpolation_duration: 1}
$data merge entity $(bone_head) {transformation: [-1f,0f,0f,0f,0f,1f,0.0097f,1.4437f,0f,0.0097f,-1f,0.2407f,0f,0f,0f,1f],start_interpolation: 0,interpolation_duration: 1}
$data merge entity $(bone_fabric_overray) {transformation: [-1f,0f,0f,0f,0f,0.7032f,0.711f,1.4437f,0f,0.711f,-0.7032f,0.2407f,0f,0f,0f,1f],start_interpolation: 0,interpolation_duration: 1}
$data merge entity $(bone_fabric) {transformation: [-1f,0f,0f,0f,0f,0.7032f,0.711f,1.4437f,0f,0.711f,-0.7032f,0.2407f,0f,0f,0f,1f],start_interpolation: 0,interpolation_duration: 1}
$data merge entity $(bone_bone_overray) {transformation: [-1f,0f,0f,0f,0f,0.7032f,0.711f,1.4437f,0f,0.711f,-0.7032f,0.2407f,0f,0f,0f,1f],start_interpolation: 0,interpolation_duration: 1}
$data merge entity $(bone_bone) {transformation: [-1f,0f,0f,0f,0f,0.7032f,0.711f,1.4437f,0f,0.711f,-0.7032f,0.2407f,0f,0f,0f,1f],start_interpolation: 0,interpolation_duration: 1}
$data merge entity $(bone_left_arm1) {transformation: [-0.9848f,-0.1024f,0.1403f,0.25f,-0.1221f,0.9825f,-0.1403f,1.3997f,-0.1235f,-0.1553f,-0.9801f,0.1963f,0f,0f,0f,1f],start_interpolation: 0,interpolation_duration: 1}
$data merge entity $(bone_right_arm1) {transformation: [-0.9848f,0.1024f,-0.1403f,-0.25f,0.1221f,0.9825f,-0.1403f,1.3997f,0.1235f,-0.1553f,-0.9801f,0.1963f,0f,0f,0f,1f],start_interpolation: 0,interpolation_duration: 1}
data modify entity @s data merge value {"cameras":{},"locators":{"mouse":{"posx":-6.02058424495327e-17,"posy":1.5350172825400858,"posz":0.49161801175204445,"roty":0,"rotx":0.5558333333333422},"left_arm":{"posx":0.3819242519909647,"posy":0.731878291469866,"posz":0.31079894814575354,"roty":8.14463318073598,"rotx":-8.067768083746516},"right_arm":{"posx":-0.3819242519909648,"posy":0.731878291469866,"posz":0.3107989481457535,"roty":351.8553668192641,"rotx":-8.067768083746518}}}