# This file was generated by Animated Java via MC-Build. It is not recommended to edit this file directly.
$data merge entity $(bone_eyes) {transformation: [-1f,0f,0f,-0.0156f,0f,0.9996f,0.0274f,1.6847f,0f,0.0274f,-0.9996f,0.4979f,0f,0f,0f,1f],start_interpolation: 0,interpolation_duration: 1}
$data merge entity $(bone_head) {transformation: [-1f,0f,0f,0f,0f,0.9996f,0.0274f,1.348f,0f,0.0274f,-0.9996f,0.2373f,0f,0f,0f,1f],start_interpolation: 0,interpolation_duration: 1}
$data merge entity $(bone_fabric_overray) {transformation: [-1f,0f,0f,0f,0f,0.7123f,0.7019f,1.348f,0f,0.7019f,-0.7123f,0.2373f,0f,0f,0f,1f],start_interpolation: 0,interpolation_duration: 1}
$data merge entity $(bone_fabric) {transformation: [-1f,0f,0f,0f,0f,0.7123f,0.7019f,1.348f,0f,0.7019f,-0.7123f,0.2373f,0f,0f,0f,1f],start_interpolation: 0,interpolation_duration: 1}
$data merge entity $(bone_bone_overray) {transformation: [-1f,0f,0f,0f,0f,0.7123f,0.7019f,1.348f,0f,0.7019f,-0.7123f,0.2373f,0f,0f,0f,1f],start_interpolation: 0,interpolation_duration: 1}
$data merge entity $(bone_bone) {transformation: [-1f,0f,0f,0f,0f,0.7123f,0.7019f,1.348f,0f,0.7019f,-0.7123f,0.2373f,0f,0f,0f,1f],start_interpolation: 0,interpolation_duration: 1}
$data merge entity $(bone_left_arm1) {transformation: [-0.9848f,-0.1327f,0.112f,0.25f,-0.1237f,0.9888f,0.084f,1.3034f,-0.1219f,0.0689f,-0.9901f,0.1935f,0f,0f,0f,1f],start_interpolation: 0,interpolation_duration: 1}
$data merge entity $(bone_right_arm1) {transformation: [-0.9848f,0.1327f,-0.112f,-0.25f,0.1237f,0.9888f,0.084f,1.3034f,0.1219f,0.0689f,-0.9901f,0.1935f,0f,0f,0f,1f],start_interpolation: 0,interpolation_duration: 1}
data modify entity @s data merge value {"cameras":{},"locators":{"mouse":{"posx":-5.998366904169036e-17,"posy":1.4348164018661962,"posz":0.4898038282013502,"roty":0,"rotx":1.5705882352941105},"left_arm":{"posx":0.40278861268165966,"posy":0.631397339166614,"posz":0.15369615900763148,"roty":6.452966819216215,"rotx":4.8211560512111715},"right_arm":{"posx":-0.40278861268165966,"posy":0.631397339166614,"posz":0.1536961590076314,"roty":353.5470331807838,"rotx":4.8211560512111715}}}