# This file was generated by Animated Java via MC-Build. It is not recommended to edit this file directly.
$data merge entity $(bone_eyes) {transformation: [-1f,0f,0f,-0.0156f,0f,1f,0.0078f,1.778f,0f,0.0078f,-1f,0.4893f,0f,0f,0f,1f],start_interpolation: 0,interpolation_duration: 1}
$data merge entity $(bone_head) {transformation: [-1f,0f,0f,0f,0f,1f,0.0078f,1.4362f,0f,0.0078f,-1f,0.2354f,0f,0f,0f,1f],start_interpolation: 0,interpolation_duration: 1}
$data merge entity $(bone_fabric_overray) {transformation: [-1f,0f,0f,0f,0f,0.7173f,0.6967f,1.4362f,0f,0.6967f,-0.7173f,0.2354f,0f,0f,0f,1f],start_interpolation: 0,interpolation_duration: 1}
$data merge entity $(bone_fabric) {transformation: [-1f,0f,0f,0f,0f,0.7173f,0.6967f,1.4362f,0f,0.6967f,-0.7173f,0.2354f,0f,0f,0f,1f],start_interpolation: 0,interpolation_duration: 1}
$data merge entity $(bone_bone_overray) {transformation: [-1f,0f,0f,0f,0f,0.7173f,0.6967f,1.4362f,0f,0.6967f,-0.7173f,0.2354f,0f,0f,0f,1f],start_interpolation: 0,interpolation_duration: 1}
$data merge entity $(bone_bone) {transformation: [-1f,0f,0f,0f,0f,0.7173f,0.6967f,1.4362f,0f,0.6967f,-0.7173f,0.2354f,0f,0f,0f,1f],start_interpolation: 0,interpolation_duration: 1}
$data merge entity $(bone_left_arm1) {transformation: [-0.9848f,-0.1061f,0.1375f,0.25f,-0.1246f,0.9832f,-0.1335f,1.3914f,-0.121f,-0.1486f,-0.9815f,0.1919f,0f,0f,0f,1f],start_interpolation: 0,interpolation_duration: 1}
$data merge entity $(bone_right_arm1) {transformation: [-0.9848f,0.1061f,-0.1375f,-0.25f,0.1246f,0.9832f,-0.1335f,1.3914f,0.121f,-0.1486f,-0.9815f,0.1919f,0f,0f,0f,1f],start_interpolation: 0,interpolation_duration: 1}
data modify entity @s data merge value {"cameras":{},"locators":{"mouse":{"posx":-5.953310788573162e-17,"posy":1.5280062390628633,"posz":0.4861247171607429,"roty":0,"rotx":0.4466666666666608},"left_arm":{"posx":0.3844905294737988,"posy":0.7232215806756254,"posz":0.3016034550701454,"roty":7.973265579981614,"rotx":-7.674269164756454},"right_arm":{"posx":-0.38449052947379886,"posy":0.7232215806756254,"posz":0.3016034550701453,"roty":352.0267344200184,"rotx":-7.674269164756456}}}