# This file was generated by Animated Java via MC-Build. It is not recommended to edit this file directly.
$data merge entity $(bone_eyes) {transformation: [-1f,0f,0f,-0.0156f,0f,1f,0.0062f,1.7685f,0f,0.0062f,-1f,0.4834f,0f,0f,0f,1f],start_interpolation: 0,interpolation_duration: 1}
$data merge entity $(bone_head) {transformation: [-1f,0f,0f,0f,0f,1f,0.0062f,1.4263f,0f,0.0062f,-1f,0.2301f,0f,0f,0f,1f],start_interpolation: 0,interpolation_duration: 1}
$data merge entity $(bone_fabric_overray) {transformation: [-1f,0f,0f,0f,0f,0.7309f,0.6825f,1.4263f,0f,0.6825f,-0.7309f,0.2301f,0f,0f,0f,1f],start_interpolation: 0,interpolation_duration: 1}
$data merge entity $(bone_fabric) {transformation: [-1f,0f,0f,0f,0f,0.7309f,0.6825f,1.4263f,0f,0.6825f,-0.7309f,0.2301f,0f,0f,0f,1f],start_interpolation: 0,interpolation_duration: 1}
$data merge entity $(bone_bone_overray) {transformation: [-1f,0f,0f,0f,0f,0.7309f,0.6825f,1.4263f,0f,0.6825f,-0.7309f,0.2301f,0f,0f,0f,1f],start_interpolation: 0,interpolation_duration: 1}
$data merge entity $(bone_bone) {transformation: [-1f,0f,0f,0f,0f,0.7309f,0.6825f,1.4263f,0f,0.6825f,-0.7309f,0.2301f,0f,0f,0f,1f],start_interpolation: 0,interpolation_duration: 1}
$data merge entity $(bone_left_arm1) {transformation: [-0.9848f,-0.1105f,0.134f,0.25f,-0.1269f,0.9845f,-0.1211f,1.3806f,-0.1185f,-0.1362f,-0.9836f,0.1874f,0f,0f,0f,1f],start_interpolation: 0,interpolation_duration: 1}
$data merge entity $(bone_right_arm1) {transformation: [-0.9848f,0.1105f,-0.134f,-0.25f,0.1269f,0.9845f,-0.1211f,1.3806f,0.1185f,-0.1362f,-0.9836f,0.1874f,0f,0f,0f,1f],start_interpolation: 0,interpolation_duration: 1}
data modify entity @s data merge value {"cameras":{},"locators":{"mouse":{"posx":-5.886377802457852e-17,"posy":1.5185251838523994,"posz":0.4806592240763766,"roty":0,"rotx":0.3529320987654405},"left_arm":{"posx":0.3875116025117166,"posy":0.7117261481218947,"posz":0.2885017241140898,"roty":7.756020995698805,"rotx":-6.954004062769539},"right_arm":{"posx":-0.3875116025117167,"posy":0.7117261481218947,"posz":0.2885017241140897,"roty":352.2439790043012,"rotx":-6.954004062769539}}}