# This file was generated by Animated Java via MC-Build. It is not recommended to edit this file directly.
$data merge entity $(bone_eyes) {transformation: [-1f,0f,0f,-0.0156f,0f,1f,0.0052f,1.7572f,0f,0.0052f,-1f,0.4779f,0f,0f,0f,1f],start_interpolation: 0,interpolation_duration: 1}
$data merge entity $(bone_head) {transformation: [-1f,0f,0f,0f,0f,1f,0.0052f,1.4147f,0f,0.0052f,-1f,0.2249f,0f,0f,0f,1f],start_interpolation: 0,interpolation_duration: 1}
$data merge entity $(bone_fabric_overray) {transformation: [-1f,0f,0f,0f,0f,0.7438f,0.6684f,1.4147f,0f,0.6684f,-0.7438f,0.2249f,0f,0f,0f,1f],start_interpolation: 0,interpolation_duration: 1}
$data merge entity $(bone_fabric) {transformation: [-1f,0f,0f,0f,0f,0.7438f,0.6684f,1.4147f,0f,0.6684f,-0.7438f,0.2249f,0f,0f,0f,1f],start_interpolation: 0,interpolation_duration: 1}
$data merge entity $(bone_bone_overray) {transformation: [-1f,0f,0f,0f,0f,0.7438f,0.6684f,1.4147f,0f,0.6684f,-0.7438f,0.2249f,0f,0f,0f,1f],start_interpolation: 0,interpolation_duration: 1}
$data merge entity $(bone_bone) {transformation: [-1f,0f,0f,0f,0f,0.7438f,0.6684f,1.4147f,0f,0.6684f,-0.7438f,0.2249f,0f,0f,0f,1f],start_interpolation: 0,interpolation_duration: 1}
$data merge entity $(bone_left_arm1) {transformation: [-0.9848f,-0.1152f,0.1299f,0.25f,-0.1292f,0.9861f,-0.1043f,1.3682f,-0.1161f,-0.1195f,-0.986f,0.1831f,0f,0f,0f,1f],start_interpolation: 0,interpolation_duration: 1}
$data merge entity $(bone_right_arm1) {transformation: [-0.9848f,0.1152f,-0.1299f,-0.25f,0.1292f,0.9861f,-0.1043f,1.3682f,0.1161f,-0.1195f,-0.986f,0.1831f,0f,0f,0f,1f],start_interpolation: 0,interpolation_duration: 1}
data modify entity @s data merge value {"cameras":{},"locators":{"mouse":{"posx":-5.821662467815047e-17,"posy":1.5071604475029925,"posz":0.475374815977008,"roty":0,"rotx":0.29777777777777864},"left_arm":{"posx":0.3907809012069462,"posy":0.6983383314599737,"posz":0.27253864097366376,"roty":7.504653804403802,"rotx":-5.988373643509122},"right_arm":{"posx":-0.39078090120694625,"posy":0.6983383314599737,"posz":0.27253864097366365,"roty":352.4953461955962,"rotx":-5.988373643509122}}}