# This file was generated by Animated Java via MC-Build. It is not recommended to edit this file directly.
$data merge entity $(bone_eyes) {transformation: [-1f,0f,0f,-0.0156f,0f,1f,0.0053f,1.7445f,0f,0.0053f,-1f,0.473f,0f,0f,0f,1f],start_interpolation: 0,interpolation_duration: 1}
$data merge entity $(bone_head) {transformation: [-1f,0f,0f,0f,0f,1f,0.0053f,1.4021f,0f,0.0053f,-1f,0.2199f,0f,0f,0f,1f],start_interpolation: 0,interpolation_duration: 1}
$data merge entity $(bone_fabric_overray) {transformation: [-1f,0f,0f,0f,0f,0.7557f,0.6549f,1.4021f,0f,0.6549f,-0.7557f,0.2199f,0f,0f,0f,1f],start_interpolation: 0,interpolation_duration: 1}
$data merge entity $(bone_fabric) {transformation: [-1f,0f,0f,0f,0f,0.7557f,0.6549f,1.4021f,0f,0.6549f,-0.7557f,0.2199f,0f,0f,0f,1f],start_interpolation: 0,interpolation_duration: 1}
$data merge entity $(bone_bone_overray) {transformation: [-1f,0f,0f,0f,0f,0.7557f,0.6549f,1.4021f,0f,0.6549f,-0.7557f,0.2199f,0f,0f,0f,1f],start_interpolation: 0,interpolation_duration: 1}
$data merge entity $(bone_bone) {transformation: [-1f,0f,0f,0f,0f,0.7557f,0.6549f,1.4021f,0f,0.6549f,-0.7557f,0.2199f,0f,0f,0f,1f],start_interpolation: 0,interpolation_duration: 1}
$data merge entity $(bone_left_arm1) {transformation: [-0.9848f,-0.1201f,0.1254f,0.25f,-0.1312f,0.9877f,-0.0847f,1.3549f,-0.1137f,-0.0999f,-0.9885f,0.179f,0f,0f,0f,1f],start_interpolation: 0,interpolation_duration: 1}
$data merge entity $(bone_right_arm1) {transformation: [-0.9848f,0.1201f,-0.1254f,-0.25f,0.1312f,0.9877f,-0.0847f,1.3549f,0.1137f,-0.0999f,-0.9885f,0.179f,0f,0f,0f,1f],start_interpolation: 0,interpolation_duration: 1}
data modify entity @s data merge value {"cameras":{},"locators":{"mouse":{"posx":-5.761100291745334e-17,"posy":1.4945067813296289,"posz":0.4704295390112836,"roty":0,"rotx":0.30435185185184593},"left_arm":{"posx":0.3941054721672814,"posy":0.6839939746253001,"posz":0.254770904919382,"roty":7.23212829426754,"rotx":-4.8585956941934585},"right_arm":{"posx":-0.39410547216728153,"posy":0.6839939746253001,"posz":0.2547709049193819,"roty":352.7678717057325,"rotx":-4.8585956941934585}}}