# This file was generated by Animated Java via MC-Build. It is not recommended to edit this file directly.
$data merge entity $(bone_eyes) {transformation: [-1f,0f,0f,-0.0156f,0f,1f,0.0069f,1.7312f,0f,0.0069f,-1f,0.469f,0f,0f,0f,1f],start_interpolation: 0,interpolation_duration: 1}
$data merge entity $(bone_head) {transformation: [-1f,0f,0f,0f,0f,1f,0.0069f,1.3891f,0f,0.0069f,-1f,0.2153f,0f,0f,0f,1f],start_interpolation: 0,interpolation_duration: 1}
$data merge entity $(bone_fabric_overray) {transformation: [-1f,0f,0f,0f,0f,0.7664f,0.6424f,1.3891f,0f,0.6424f,-0.7664f,0.2153f,0f,0f,0f,1f],start_interpolation: 0,interpolation_duration: 1}
$data merge entity $(bone_fabric) {transformation: [-1f,0f,0f,0f,0f,0.7664f,0.6424f,1.3891f,0f,0.6424f,-0.7664f,0.2153f,0f,0f,0f,1f],start_interpolation: 0,interpolation_duration: 1}
$data merge entity $(bone_bone_overray) {transformation: [-1f,0f,0f,0f,0f,0.7664f,0.6424f,1.3891f,0f,0.6424f,-0.7664f,0.2153f,0f,0f,0f,1f],start_interpolation: 0,interpolation_duration: 1}
$data merge entity $(bone_bone) {transformation: [-1f,0f,0f,0f,0f,0.7664f,0.6424f,1.3891f,0f,0.6424f,-0.7664f,0.2153f,0f,0f,0f,1f],start_interpolation: 0,interpolation_duration: 1}
$data merge entity $(bone_left_arm1) {transformation: [-0.9848f,-0.1247f,0.1208f,0.25f,-0.1331f,0.9891f,-0.0636f,1.3412f,-0.1115f,-0.0787f,-0.9906f,0.1752f,0f,0f,0f,1f],start_interpolation: 0,interpolation_duration: 1}
$data merge entity $(bone_right_arm1) {transformation: [-0.9848f,0.1247f,-0.1208f,-0.25f,0.1331f,0.9891f,-0.0636f,1.3412f,0.1115f,-0.0787f,-0.9906f,0.1752f,0f,0f,0f,1f],start_interpolation: 0,interpolation_duration: 1}
data modify entity @s data merge value {"cameras":{},"locators":{"mouse":{"posx":-5.706662947945121e-17,"posy":1.4811662510013417,"posz":0.4659843925545163,"roty":0,"rotx":0.3958024691358043},"left_arm":{"posx":0.39731163933716446,"posy":0.6695828438272997,"posz":0.23627034600843075,"roty":6.952440053268532,"rotx":-3.645717419604044},"right_arm":{"posx":-0.3973116393371645,"posy":0.6695828438272997,"posz":0.23627034600843067,"roty":353.04755994673144,"rotx":-3.6457174196040456}}}