# This file was generated by Animated Java via MC-Build. It is not recommended to edit this file directly.
$data merge entity $(bone_eyes) {transformation: [-1f,0f,0f,-0.0156f,0f,0.9999f,0.0104f,1.7177f,0f,0.0104f,-0.9999f,0.466f,0f,0f,0f,1f],start_interpolation: 0,interpolation_duration: 1}
$data merge entity $(bone_head) {transformation: [-1f,0f,0f,0f,0f,0.9999f,0.0104f,1.3766f,0f,0.0104f,-0.9999f,0.2112f,0f,0f,0f,1f],start_interpolation: 0,interpolation_duration: 1}
$data merge entity $(bone_fabric_overray) {transformation: [-1f,0f,0f,0f,0f,0.7757f,0.6311f,1.3766f,0f,0.6311f,-0.7757f,0.2112f,0f,0f,0f,1f],start_interpolation: 0,interpolation_duration: 1}
$data merge entity $(bone_fabric) {transformation: [-1f,0f,0f,0f,0f,0.7757f,0.6311f,1.3766f,0f,0.6311f,-0.7757f,0.2112f,0f,0f,0f,1f],start_interpolation: 0,interpolation_duration: 1}
$data merge entity $(bone_bone_overray) {transformation: [-1f,0f,0f,0f,0f,0.7757f,0.6311f,1.3766f,0f,0.6311f,-0.7757f,0.2112f,0f,0f,0f,1f],start_interpolation: 0,interpolation_duration: 1}
$data merge entity $(bone_bone) {transformation: [-1f,0f,0f,0f,0f,0.7757f,0.6311f,1.3766f,0f,0.6311f,-0.7757f,0.2112f,0f,0f,0f,1f],start_interpolation: 0,interpolation_duration: 1}
$data merge entity $(bone_left_arm1) {transformation: [-0.9848f,-0.129f,0.1162f,0.25f,-0.1347f,0.99f,-0.0424f,1.3281f,-0.1096f,-0.0574f,-0.9923f,0.1718f,0f,0f,0f,1f],start_interpolation: 0,interpolation_duration: 1}
$data merge entity $(bone_right_arm1) {transformation: [-0.9848f,0.129f,-0.1162f,-0.25f,0.1347f,0.99f,-0.0424f,1.3281f,0.1096f,-0.0574f,-0.9923f,0.1718f,0f,0f,0f,1f],start_interpolation: 0,interpolation_duration: 1}
data modify entity @s data merge value {"cameras":{},"locators":{"mouse":{"posx":-5.660329311510705e-17,"posy":1.4677464535187938,"posz":0.46220096402094435,"roty":0,"rotx":0.5952777777777746},"left_arm":{"posx":0.4002485177007439,"posy":0.6559261944512451,"posz":0.21812263880564664,"roty":6.6804445761521265,"rotx":-2.4306365934947216},"right_arm":{"posx":-0.4002485177007439,"posy":0.6559261944512451,"posz":0.21812263880564658,"roty":353.3195554238479,"rotx":-2.4306365934947225}}}