# This file was generated by Animated Java via MC-Build. It is not recommended to edit this file directly.
$data merge entity $(bone_eyes) {transformation: [-1f,0f,0f,-0.0156f,0f,0.9999f,0.0162f,1.7048f,0f,0.0162f,-0.9999f,0.4645f,0f,0f,0f,1f],start_interpolation: 0,interpolation_duration: 1}
$data merge entity $(bone_head) {transformation: [-1f,0f,0f,0f,0f,0.9999f,0.0162f,1.3652f,0f,0.0162f,-0.9999f,0.2078f,0f,0f,0f,1f],start_interpolation: 0,interpolation_duration: 1}
$data merge entity $(bone_fabric_overray) {transformation: [-1f,0f,0f,0f,0f,0.7834f,0.6215f,1.3652f,0f,0.6215f,-0.7834f,0.2078f,0f,0f,0f,1f],start_interpolation: 0,interpolation_duration: 1}
$data merge entity $(bone_fabric) {transformation: [-1f,0f,0f,0f,0f,0.7834f,0.6215f,1.3652f,0f,0.6215f,-0.7834f,0.2078f,0f,0f,0f,1f],start_interpolation: 0,interpolation_duration: 1}
$data merge entity $(bone_bone_overray) {transformation: [-1f,0f,0f,0f,0f,0.7834f,0.6215f,1.3652f,0f,0.6215f,-0.7834f,0.2078f,0f,0f,0f,1f],start_interpolation: 0,interpolation_duration: 1}
$data merge entity $(bone_bone) {transformation: [-1f,0f,0f,0f,0f,0.7834f,0.6215f,1.3652f,0f,0.6215f,-0.7834f,0.2078f,0f,0f,0f,1f],start_interpolation: 0,interpolation_duration: 1}
$data merge entity $(bone_left_arm1) {transformation: [-0.9848f,-0.1327f,0.112f,0.25f,-0.136f,0.9904f,-0.0226f,1.3162f,-0.1079f,-0.0375f,-0.9935f,0.1689f,0f,0f,0f,1f],start_interpolation: 0,interpolation_duration: 1}
$data merge entity $(bone_right_arm1) {transformation: [-0.9848f,0.1327f,-0.112f,-0.25f,0.136f,0.9904f,-0.0226f,1.3162f,0.1079f,-0.0375f,-0.9935f,0.1689f,0f,0f,0f,1f],start_interpolation: 0,interpolation_duration: 1}
data modify entity @s data merge value {"cameras":{},"locators":{"mouse":{"posx":-5.624050102688074e-17,"posy":1.454858063556157,"posz":0.4592385418068097,"roty":0,"rotx":0.9259259259259205},"left_arm":{"posx":0.40278861268165966,"posy":0.6437676369466326,"posz":0.20142272327720256,"roty":6.431686495271464,"rotx":-1.2941309796763814},"right_arm":{"posx":-0.40278861268165966,"posy":0.6437676369466326,"posz":0.2014227232772025,"roty":353.56831350472856,"rotx":-1.2941309796763822}}}