# This file was generated by Animated Java via MC-Build. It is not recommended to edit this file directly.
$data merge entity $(bone_eyes) {transformation: [-1f,0f,0f,-0.0156f,0f,1f,-0.0032f,1.7001f,0f,-0.0032f,-1f,0.4552f,0f,0f,0f,1f],start_interpolation: 0,interpolation_duration: 1}
$data merge entity $(bone_head) {transformation: [-1f,0f,0f,0f,0f,1f,-0.0032f,1.3555f,0f,-0.0032f,-1f,0.205f,0f,0f,0f,1f],start_interpolation: 0,interpolation_duration: 1}
$data merge entity $(bone_fabric_overray) {transformation: [-1f,0f,0f,0f,0f,0.7894f,0.6139f,1.3555f,0f,0.6139f,-0.7894f,0.205f,0f,0f,0f,1f],start_interpolation: 0,interpolation_duration: 1}
$data merge entity $(bone_fabric) {transformation: [-1f,0f,0f,0f,0f,0.7894f,0.6139f,1.3555f,0f,0.6139f,-0.7894f,0.205f,0f,0f,0f,1f],start_interpolation: 0,interpolation_duration: 1}
$data merge entity $(bone_bone_overray) {transformation: [-1f,0f,0f,0f,0f,0.7894f,0.6139f,1.3555f,0f,0.6139f,-0.7894f,0.205f,0f,0f,0f,1f],start_interpolation: 0,interpolation_duration: 1}
$data merge entity $(bone_bone) {transformation: [-1f,0f,0f,0f,0f,0.7894f,0.6139f,1.3555f,0f,0.6139f,-0.7894f,0.205f,0f,0f,0f,1f],start_interpolation: 0,interpolation_duration: 1}
$data merge entity $(bone_left_arm1) {transformation: [-0.9848f,-0.1357f,0.1084f,0.25f,-0.1371f,0.9905f,-0.0055f,1.3062f,-0.1066f,-0.0203f,-0.9941f,0.1666f,0f,0f,0f,1f],start_interpolation: 0,interpolation_duration: 1}
$data merge entity $(bone_right_arm1) {transformation: [-0.9848f,0.1357f,-0.1084f,-0.25f,0.1371f,0.9905f,-0.0055f,1.3062f,0.1066f,-0.0203f,-0.9941f,0.1666f,0f,0f,0f,1f],start_interpolation: 0,interpolation_duration: 1}
data modify entity @s data merge value {"cameras":{},"locators":{"mouse":{"posx":-5.56871666124788e-17,"posy":1.4500864531201025,"posz":0.45472022342483054,"roty":0,"rotx":-0.18132716049382913},"left_arm":{"posx":0.40482483423117155,"posy":0.6337774232153273,"posz":0.18726883394210314,"roty":6.222201926455824,"rotx":-0.31689709328814336},"right_arm":{"posx":-0.40482483423117155,"posy":0.6337774232153273,"posz":0.18726883394210309,"roty":353.7777980735442,"rotx":-0.31689709328814425}}}