# This file was generated by Animated Java via MC-Build. It is not recommended to edit this file directly.
$data merge entity $(bone_eyes) {transformation: [-1f,0f,0f,-0.0156f,0f,0.9998f,-0.0194f,1.697f,0f,-0.0194f,-0.9998f,0.4477f,0f,0f,0f,1f],start_interpolation: 0,interpolation_duration: 1}
$data merge entity $(bone_head) {transformation: [-1f,0f,0f,0f,0f,0.9998f,-0.0194f,1.3485f,0f,-0.0194f,-0.9998f,0.2032f,0f,0f,0f,1f],start_interpolation: 0,interpolation_duration: 1}
$data merge entity $(bone_fabric_overray) {transformation: [-1f,0f,0f,0f,0f,0.7934f,0.6088f,1.3485f,0f,0.6088f,-0.7934f,0.2032f,0f,0f,0f,1f],start_interpolation: 0,interpolation_duration: 1}
$data merge entity $(bone_fabric) {transformation: [-1f,0f,0f,0f,0f,0.7934f,0.6088f,1.3485f,0f,0.6088f,-0.7934f,0.2032f,0f,0f,0f,1f],start_interpolation: 0,interpolation_duration: 1}
$data merge entity $(bone_bone_overray) {transformation: [-1f,0f,0f,0f,0f,0.7934f,0.6088f,1.3485f,0f,0.6088f,-0.7934f,0.2032f,0f,0f,0f,1f],start_interpolation: 0,interpolation_duration: 1}
$data merge entity $(bone_bone) {transformation: [-1f,0f,0f,0f,0f,0.7934f,0.6088f,1.3485f,0f,0.6088f,-0.7934f,0.2032f,0f,0f,0f,1f],start_interpolation: 0,interpolation_duration: 1}
$data merge entity $(bone_left_arm1) {transformation: [-0.9848f,-0.1378f,0.1057f,0.25f,-0.1378f,0.9904f,0.0073f,1.2989f,-0.1057f,-0.0073f,-0.9944f,0.1651f,0f,0f,0f,1f],start_interpolation: 0,interpolation_duration: 1}
$data merge entity $(bone_right_arm1) {transformation: [-0.9848f,0.1378f,-0.1057f,-0.25f,0.1378f,0.9904f,0.0073f,1.2989f,0.1057f,-0.0073f,-0.9944f,0.1651f,0f,0f,0f,1f],start_interpolation: 0,interpolation_duration: 1}
data modify entity @s data merge value {"cameras":{},"locators":{"mouse":{"posx":-5.526689166639895e-17,"posy":1.447050713326559,"posz":0.4512884180555398,"roty":0,"rotx":-1.1111111111111094},"left_arm":{"posx":0.4062634832922002,"posy":0.6265701716321838,"posz":0.17675705618823237,"roty":6.068256211512704,"rotx":0.42039962892611793},"right_arm":{"posx":-0.40626348329220024,"posy":0.6265701716321838,"posz":0.17675705618823231,"roty":353.9317437884873,"rotx":0.420399628926117}}}