# This file was generated by Animated Java via MC-Build. It is not recommended to edit this file directly.
$data merge entity $(bone_eyes) {transformation: [-1f,0f,0f,-0.0156f,0f,0.9994f,-0.0357f,1.6942f,0f,-0.0357f,-0.9994f,0.4401f,0f,0f,0f,1f],start_interpolation: 0,interpolation_duration: 1}
$data merge entity $(bone_head) {transformation: [-1f,0f,0f,0f,0f,0.9994f,-0.0357f,1.3417f,0f,-0.0357f,-0.9994f,0.2013f,0f,0f,0f,1f],start_interpolation: 0,interpolation_duration: 1}
$data merge entity $(bone_fabric_overray) {transformation: [-1f,0f,0f,0f,0f,0.7974f,0.6035f,1.3417f,0f,0.6035f,-0.7974f,0.2013f,0f,0f,0f,1f],start_interpolation: 0,interpolation_duration: 1}
$data merge entity $(bone_fabric) {transformation: [-1f,0f,0f,0f,0f,0.7974f,0.6035f,1.3417f,0f,0.6035f,-0.7974f,0.2013f,0f,0f,0f,1f],start_interpolation: 0,interpolation_duration: 1}
$data merge entity $(bone_bone_overray) {transformation: [-1f,0f,0f,0f,0f,0.7974f,0.6035f,1.3417f,0f,0.6035f,-0.7974f,0.2013f,0f,0f,0f,1f],start_interpolation: 0,interpolation_duration: 1}
$data merge entity $(bone_bone) {transformation: [-1f,0f,0f,0f,0f,0.7974f,0.6035f,1.3417f,0f,0.6035f,-0.7974f,0.2013f,0f,0f,0f,1f],start_interpolation: 0,interpolation_duration: 1}
$data merge entity $(bone_left_arm1) {transformation: [-0.9848f,-0.1397f,0.1031f,0.25f,-0.1385f,0.9902f,0.0193f,1.2919f,-0.1048f,0.0047f,-0.9945f,0.1635f,0f,0f,0f,1f],start_interpolation: 0,interpolation_duration: 1}
$data merge entity $(bone_right_arm1) {transformation: [-0.9848f,0.1397f,-0.1031f,-0.25f,0.1385f,0.9902f,0.0193f,1.2919f,0.1048f,0.0047f,-0.9945f,0.1635f,0f,0f,0f,1f],start_interpolation: 0,interpolation_duration: 1}
data modify entity @s data merge value {"cameras":{},"locators":{"mouse":{"posx":-5.4833900035282786e-17,"posy":1.4443558970825425,"posz":0.4477527730726957,"roty":0,"rotx":-2.0456754130223525},"left_arm":{"posx":0.4076058795835593,"posy":0.6198112546602318,"posz":0.16685308281987285,"roty":5.919724217203566,"rotx":1.1046216942235407},"right_arm":{"posx":-0.4076058795835593,"posy":0.6198112546602318,"posz":0.1668530828198728,"roty":354.08027578279643,"rotx":1.1046216942235398}}}