# This file was generated by Animated Java via MC-Build. It is not recommended to edit this file directly.
$data merge entity $(bone_eyes) {transformation: [-1f,0f,0f,-0.0156f,0f,0.9989f,0.0463f,1.6888f,0f,0.0463f,-0.9989f,0.5104f,0f,0f,0f,1f],start_interpolation: 0,interpolation_duration: 1}
$data merge entity $(bone_head) {transformation: [-1f,0f,0f,0f,0f,0.9989f,0.0463f,1.357f,0f,0.0463f,-0.9989f,0.2435f,0f,0f,0f,1f],start_interpolation: 0,interpolation_duration: 1}
$data merge entity $(bone_fabric_overray) {transformation: [-1f,0f,0f,0f,0f,0.6957f,0.7184f,1.357f,0f,0.7184f,-0.6957f,0.2435f,0f,0f,0f,1f],start_interpolation: 0,interpolation_duration: 1}
$data merge entity $(bone_fabric) {transformation: [-1f,0f,0f,0f,0f,0.6957f,0.7184f,1.357f,0f,0.7184f,-0.6957f,0.2435f,0f,0f,0f,1f],start_interpolation: 0,interpolation_duration: 1}
$data merge entity $(bone_bone_overray) {transformation: [-1f,0f,0f,0f,0f,0.6957f,0.7184f,1.357f,0f,0.7184f,-0.6957f,0.2435f,0f,0f,0f,1f],start_interpolation: 0,interpolation_duration: 1}
$data merge entity $(bone_bone) {transformation: [-1f,0f,0f,0f,0f,0.6957f,0.7184f,1.357f,0f,0.7184f,-0.6957f,0.2435f,0f,0f,0f,1f],start_interpolation: 0,interpolation_duration: 1}
$data merge entity $(bone_left_arm1) {transformation: [-0.9848f,-0.129f,0.1162f,0.25f,-0.1208f,0.9898f,0.0752f,1.3136f,-0.1247f,0.06f,-0.9904f,0.1986f,0f,0f,0f,1f],start_interpolation: 0,interpolation_duration: 1}
$data merge entity $(bone_right_arm1) {transformation: [-0.9848f,0.129f,-0.1162f,-0.25f,0.1208f,0.9898f,0.0752f,1.3136f,0.1247f,0.06f,-0.9904f,0.1986f,0f,0f,0f,1f],start_interpolation: 0,interpolation_duration: 1}
data modify entity @s data merge value {"cameras":{},"locators":{"mouse":{"posx":-6.093684132747405e-17,"posy":1.4391074487489726,"posz":0.4975870705733332,"roty":0,"rotx":2.655882352941174},"left_arm":{"posx":0.4002485177007439,"posy":0.6406081514674724,"posz":0.16516410977835905,"roty":6.693433726133151,"rotx":4.311348206241658},"right_arm":{"posx":-0.4002485177007439,"posy":0.6406081514674724,"posz":0.16516410977835896,"roty":353.30656627386685,"rotx":4.311348206241658}}}