# This file was generated by Animated Java via MC-Build. It is not recommended to edit this file directly.
$data merge entity $(bone_eyes) {transformation: [-1f,0f,0f,-0.0156f,0f,0.9991f,-0.0418f,1.6901f,0f,-0.0418f,-0.9991f,0.4389f,0f,0f,0f,1f],start_interpolation: 0,interpolation_duration: 1}
$data merge entity $(bone_head) {transformation: [-1f,0f,0f,0f,0f,0.9991f,-0.0418f,1.3361f,0f,-0.0418f,-0.9991f,0.2023f,0f,0f,0f,1f],start_interpolation: 0,interpolation_duration: 1}
$data merge entity $(bone_fabric_overray) {transformation: [-1f,0f,0f,0f,0f,0.7952f,0.6063f,1.3361f,0f,0.6063f,-0.7952f,0.2023f,0f,0f,0f,1f],start_interpolation: 0,interpolation_duration: 1}
$data merge entity $(bone_fabric) {transformation: [-1f,0f,0f,0f,0f,0.7952f,0.6063f,1.3361f,0f,0.6063f,-0.7952f,0.2023f,0f,0f,0f,1f],start_interpolation: 0,interpolation_duration: 1}
$data merge entity $(bone_bone_overray) {transformation: [-1f,0f,0f,0f,0f,0.7952f,0.6063f,1.3361f,0f,0.6063f,-0.7952f,0.2023f,0f,0f,0f,1f],start_interpolation: 0,interpolation_duration: 1}
$data merge entity $(bone_bone) {transformation: [-1f,0f,0f,0f,0f,0.7952f,0.6063f,1.3361f,0f,0.6063f,-0.7952f,0.2023f,0f,0f,0f,1f],start_interpolation: 0,interpolation_duration: 1}
$data merge entity $(bone_left_arm1) {transformation: [-0.9848f,-0.141f,0.1014f,0.25f,-0.1381f,0.9898f,0.0352f,1.2864f,-0.1053f,0.0206f,-0.9942f,0.1644f,0f,0f,0f,1f],start_interpolation: 0,interpolation_duration: 1}
$data merge entity $(bone_right_arm1) {transformation: [-0.9848f,0.141f,-0.1014f,-0.25f,0.1381f,0.9898f,0.0352f,1.2864f,0.1053f,0.0206f,-0.9942f,0.1644f,0f,0f,0f,1f],start_interpolation: 0,interpolation_duration: 1}
data modify entity @s data merge value {"cameras":{},"locators":{"mouse":{"posx":-5.4881281371717954e-17,"posy":1.4402679414771222,"posz":0.4481396710457941,"roty":0,"rotx":-2.397149335924831},"left_arm":{"posx":0.40848217867463055,"posy":0.6145887601581944,"posz":0.1567806513384965,"roty":5.8214499598717,"rotx":2.0150520691017473},"right_arm":{"posx":-0.4084821786746306,"posy":0.6145887601581944,"posz":0.15678065133849642,"roty":354.17855004012836,"rotx":2.015052069101747}}}