# This file was generated by Animated Java via MC-Build. It is not recommended to edit this file directly.
$data merge entity $(bone_eyes) {transformation: [-1f,0f,0f,-0.0156f,0f,0.9992f,-0.0401f,1.6855f,0f,-0.0401f,-0.9992f,0.4428f,0f,0f,0f,1f],start_interpolation: 0,interpolation_duration: 1}
$data merge entity $(bone_head) {transformation: [-1f,0f,0f,0f,0f,0.9992f,-0.0401f,1.332f,0f,-0.0401f,-0.9992f,0.2055f,0f,0f,0f,1f],start_interpolation: 0,interpolation_duration: 1}
$data merge entity $(bone_fabric_overray) {transformation: [-1f,0f,0f,0f,0f,0.7882f,0.6154f,1.332f,0f,0.6154f,-0.7882f,0.2055f,0f,0f,0f,1f],start_interpolation: 0,interpolation_duration: 1}
$data merge entity $(bone_fabric) {transformation: [-1f,0f,0f,0f,0f,0.7882f,0.6154f,1.332f,0f,0.6154f,-0.7882f,0.2055f,0f,0f,0f,1f],start_interpolation: 0,interpolation_duration: 1}
$data merge entity $(bone_bone_overray) {transformation: [-1f,0f,0f,0f,0f,0.7882f,0.6154f,1.332f,0f,0.6154f,-0.7882f,0.2055f,0f,0f,0f,1f],start_interpolation: 0,interpolation_duration: 1}
$data merge entity $(bone_bone) {transformation: [-1f,0f,0f,0f,0f,0.7882f,0.6154f,1.332f,0f,0.6154f,-0.7882f,0.2055f,0f,0f,0f,1f],start_interpolation: 0,interpolation_duration: 1}
$data merge entity $(bone_left_arm1) {transformation: [-0.9848f,-0.1416f,0.1005f,0.25f,-0.1369f,0.9892f,0.0527f,1.2827f,-0.1069f,0.0382f,-0.9935f,0.1671f,0f,0f,0f,1f],start_interpolation: 0,interpolation_duration: 1}
$data merge entity $(bone_right_arm1) {transformation: [-0.9848f,0.1416f,-0.1005f,-0.25f,0.1369f,0.9892f,0.0527f,1.2827f,0.1069f,0.0382f,-0.9935f,0.1671f,0f,0f,0f,1f],start_interpolation: 0,interpolation_duration: 1}
data modify entity @s data merge value {"cameras":{},"locators":{"mouse":{"posx":-5.5304011134593605e-17,"posy":1.435666782052832,"posz":0.45159152151541493,"roty":0,"rotx":-2.2967282150955635},"left_arm":{"posx":0.40891468739973613,"posy":0.6111995355308719,"posz":0.14753428824698137,"roty":5.775167343744073,"rotx":3.021417586103313},"right_arm":{"posx":-0.4089146873997362,"posy":0.6111995355308719,"posz":0.1475342882469813,"roty":354.2248326562559,"rotx":3.021417586103312}}}