# This file was generated by Animated Java via MC-Build. It is not recommended to edit this file directly.
$data merge entity $(bone_eyes) {transformation: [-1f,0f,0f,-0.0156f,0f,0.9995f,-0.0327f,1.6813f,0f,-0.0327f,-0.9995f,0.4502f,0f,0f,0f,1f],start_interpolation: 0,interpolation_duration: 1}
$data merge entity $(bone_head) {transformation: [-1f,0f,0f,0f,0f,0.9995f,-0.0327f,1.3295f,0f,-0.0327f,-0.9995f,0.2104f,0f,0f,0f,1f],start_interpolation: 0,interpolation_duration: 1}
$data merge entity $(bone_fabric_overray) {transformation: [-1f,0f,0f,0f,0f,0.7776f,0.6287f,1.3295f,0f,0.6287f,-0.7776f,0.2104f,0f,0f,0f,1f],start_interpolation: 0,interpolation_duration: 1}
$data merge entity $(bone_fabric) {transformation: [-1f,0f,0f,0f,0f,0.7776f,0.6287f,1.3295f,0f,0.6287f,-0.7776f,0.2104f,0f,0f,0f,1f],start_interpolation: 0,interpolation_duration: 1}
$data merge entity $(bone_bone_overray) {transformation: [-1f,0f,0f,0f,0f,0.7776f,0.6287f,1.3295f,0f,0.6287f,-0.7776f,0.2104f,0f,0f,0f,1f],start_interpolation: 0,interpolation_duration: 1}
$data merge entity $(bone_bone) {transformation: [-1f,0f,0f,0f,0f,0.7776f,0.6287f,1.3295f,0f,0.6287f,-0.7776f,0.2104f,0f,0f,0f,1f],start_interpolation: 0,interpolation_duration: 1}
$data merge entity $(bone_left_arm1) {transformation: [-0.9848f,-0.1416f,0.1005f,0.25f,-0.135f,0.9884f,0.0696f,1.2809f,-0.1092f,0.055f,-0.9925f,0.1711f,0f,0f,0f,1f],start_interpolation: 0,interpolation_duration: 1}
$data merge entity $(bone_right_arm1) {transformation: [-0.9848f,0.1416f,-0.1005f,-0.25f,0.135f,0.9884f,0.0696f,1.2809f,0.1092f,0.055f,-0.9925f,0.1711f,0f,0f,0f,1f],start_interpolation: 0,interpolation_duration: 1}
data modify entity @s data merge value {"cameras":{},"locators":{"mouse":{"posx":-5.598845206657e-17,"posy":1.431375894896671,"posz":0.45718040585703024,"roty":0,"rotx":-1.875607385811461},"left_arm":{"posx":0.40891468739973613,"posy":0.6098134353410941,"posz":0.14009023922828437,"roty":5.78119409627854,"rotx":3.9931318360219192},"right_arm":{"posx":-0.40891468739973613,"posy":0.6098134353410941,"posz":0.1400902392282843,"roty":354.21880590372143,"rotx":3.993131836021918}}}