# This file was generated by Animated Java via MC-Build. It is not recommended to edit this file directly.
$data merge entity $(bone_eyes) {transformation: [-1f,0f,0f,-0.0156f,0f,0.9998f,-0.0221f,1.6782f,0f,-0.0221f,-0.9998f,0.4597f,0f,0f,0f,1f],start_interpolation: 0,interpolation_duration: 1}
$data merge entity $(bone_head) {transformation: [-1f,0f,0f,0f,0f,0.9998f,-0.0221f,1.329f,0f,-0.0221f,-0.9998f,0.2161f,0f,0f,0f,1f],start_interpolation: 0,interpolation_duration: 1}
$data merge entity $(bone_fabric_overray) {transformation: [-1f,0f,0f,0f,0f,0.7647f,0.6444f,1.329f,0f,0.6444f,-0.7647f,0.2161f,0f,0f,0f,1f],start_interpolation: 0,interpolation_duration: 1}
$data merge entity $(bone_fabric) {transformation: [-1f,0f,0f,0f,0f,0.7647f,0.6444f,1.329f,0f,0.6444f,-0.7647f,0.2161f,0f,0f,0f,1f],start_interpolation: 0,interpolation_duration: 1}
$data merge entity $(bone_bone_overray) {transformation: [-1f,0f,0f,0f,0f,0.7647f,0.6444f,1.329f,0f,0.6444f,-0.7647f,0.2161f,0f,0f,0f,1f],start_interpolation: 0,interpolation_duration: 1}
$data merge entity $(bone_bone) {transformation: [-1f,0f,0f,0f,0f,0.7647f,0.6444f,1.329f,0f,0.6444f,-0.7647f,0.2161f,0f,0f,0f,1f],start_interpolation: 0,interpolation_duration: 1}
$data merge entity $(bone_left_arm1) {transformation: [-0.9848f,-0.141f,0.1014f,0.25f,-0.1328f,0.9876f,0.0837f,1.2812f,-0.1119f,0.0689f,-0.9913f,0.1758f,0f,0f,0f,1f],start_interpolation: 0,interpolation_duration: 1}
$data merge entity $(bone_right_arm1) {transformation: [-0.9848f,0.141f,-0.1014f,-0.25f,0.1328f,0.9876f,0.0837f,1.2812f,0.1119f,0.0689f,-0.9913f,0.1758f,0f,0f,0f,1f],start_interpolation: 0,interpolation_duration: 1}
data modify entity @s data merge value {"cameras":{},"locators":{"mouse":{"posx":-5.681956864331501e-17,"posy":1.428222727891984,"posz":0.46396698772964584,"roty":0,"rotx":-1.2649821833495476},"left_arm":{"posx":0.40848217867463055,"posy":0.6105041728031094,"posz":0.13541975621908417,"roty":5.838379496419549,"rotx":4.799415532240016},"right_arm":{"posx":-0.4084821786746306,"posy":0.6105041728031094,"posz":0.1354197562190841,"roty":354.1616205035805,"rotx":4.799415532240015}}}