# This file was generated by Animated Java via MC-Build. It is not recommended to edit this file directly.
$data merge entity $(bone_eyes) {transformation: [-1f,0f,0f,-0.0156f,0f,0.9999f,-0.0104f,1.6771f,0f,-0.0104f,-0.9999f,0.4697f,0f,0f,0f,1f],start_interpolation: 0,interpolation_duration: 1}
$data merge entity $(bone_head) {transformation: [-1f,0f,0f,0f,0f,0.9999f,-0.0104f,1.3307f,0f,-0.0104f,-0.9999f,0.222f,0f,0f,0f,1f],start_interpolation: 0,interpolation_duration: 1}
$data merge entity $(bone_fabric_overray) {transformation: [-1f,0f,0f,0f,0f,0.7507f,0.6606f,1.3307f,0f,0.6606f,-0.7507f,0.222f,0f,0f,0f,1f],start_interpolation: 0,interpolation_duration: 1}
$data merge entity $(bone_fabric) {transformation: [-1f,0f,0f,0f,0f,0.7507f,0.6606f,1.3307f,0f,0.6606f,-0.7507f,0.222f,0f,0f,0f,1f],start_interpolation: 0,interpolation_duration: 1}
$data merge entity $(bone_bone_overray) {transformation: [-1f,0f,0f,0f,0f,0.7507f,0.6606f,1.3307f,0f,0.6606f,-0.7507f,0.222f,0f,0f,0f,1f],start_interpolation: 0,interpolation_duration: 1}
$data merge entity $(bone_bone) {transformation: [-1f,0f,0f,0f,0f,0.7507f,0.6606f,1.3307f,0f,0.6606f,-0.7507f,0.222f,0f,0f,0f,1f],start_interpolation: 0,interpolation_duration: 1}
$data merge entity $(bone_left_arm1) {transformation: [-0.9848f,-0.1397f,0.1031f,0.25f,-0.1304f,0.9871f,0.0925f,1.2838f,-0.1147f,0.0777f,-0.9904f,0.1807f,0f,0f,0f,1f],start_interpolation: 0,interpolation_duration: 1}
$data merge entity $(bone_right_arm1) {transformation: [-0.9848f,0.1397f,-0.1031f,-0.25f,0.1304f,0.9871f,0.0925f,1.2838f,0.1147f,0.0777f,-0.9904f,0.1807f,0f,0f,0f,1f],start_interpolation: 0,interpolation_duration: 1}
data modify entity @s data merge value {"cameras":{},"locators":{"mouse":{"posx":-5.768586239248595e-17,"posy":1.4270780619718646,"posz":0.47104081301358963,"roty":0,"rotx":-0.5960479429867231},"left_arm":{"posx":0.4076058795835593,"posy":0.613302432087645,"posz":0.13450042334201448,"roty":5.944215048426685,"rotx":5.309410946935297},"right_arm":{"posx":-0.4076058795835593,"posy":0.613302432087645,"posz":0.1345004233420144,"roty":354.0557849515733,"rotx":5.309410946935296}}}