# This file was generated by Animated Java via MC-Build. It is not recommended to edit this file directly.
$data merge entity $(bone_eyes) {transformation: [-1f,0f,0f,-0.0156f,0f,0.9978f,0.0666f,1.6935f,0f,0.0666f,-0.9978f,0.5236f,0f,0f,0f,1f],start_interpolation: 0,interpolation_duration: 1}
$data merge entity $(bone_head) {transformation: [-1f,0f,0f,0f,0f,0.9978f,0.0666f,1.3672f,0f,0.0666f,-0.9978f,0.25f,0f,0f,0f,1f],start_interpolation: 0,interpolation_duration: 1}
$data merge entity $(bone_fabric_overray) {transformation: [-1f,0f,0f,0f,0f,0.6776f,0.7354f,1.3672f,0f,0.7354f,-0.6776f,0.25f,0f,0f,0f,1f],start_interpolation: 0,interpolation_duration: 1}
$data merge entity $(bone_fabric) {transformation: [-1f,0f,0f,0f,0f,0.6776f,0.7354f,1.3672f,0f,0.7354f,-0.6776f,0.25f,0f,0f,0f,1f],start_interpolation: 0,interpolation_duration: 1}
$data merge entity $(bone_bone_overray) {transformation: [-1f,0f,0f,0f,0f,0.6776f,0.7354f,1.3672f,0f,0.7354f,-0.6776f,0.25f,0f,0f,0f,1f],start_interpolation: 0,interpolation_duration: 1}
$data merge entity $(bone_bone) {transformation: [-1f,0f,0f,0f,0f,0.6776f,0.7354f,1.3672f,0f,0.7354f,-0.6776f,0.25f,0f,0f,0f,1f],start_interpolation: 0,interpolation_duration: 1}
$data merge entity $(bone_left_arm1) {transformation: [-0.9848f,-0.1247f,0.1208f,0.25f,-0.1177f,0.991f,0.064f,1.3249f,-0.1277f,0.0488f,-0.9906f,0.204f,0f,0f,0f,1f],start_interpolation: 0,interpolation_duration: 1}
$data merge entity $(bone_right_arm1) {transformation: [-0.9848f,0.1247f,-0.1208f,-0.25f,0.1177f,0.991f,0.064f,1.3249f,0.1277f,0.0488f,-0.9906f,0.204f,0f,0f,0f,1f],start_interpolation: 0,interpolation_duration: 1}
data modify entity @s data merge value {"cameras":{},"locators":{"mouse":{"posx":-6.192399376864151e-17,"posy":1.444107167279842,"posz":0.5056477819707316,"roty":0,"rotx":3.8211764705882425},"left_arm":{"posx":0.3973116393371645,"posy":0.6509248630796642,"posz":0.17839685606374794,"roty":6.952637917132705,"rotx":3.6710947938108016},"right_arm":{"posx":-0.3973116393371645,"posy":0.6509248630796642,"posz":0.17839685606374786,"roty":353.0473620828673,"rotx":3.6710947938108007}}}