# This file was generated by Animated Java via MC-Build. It is not recommended to edit this file directly.
$data merge entity $(bone_eyes) {transformation: [-1f,0f,0f,-0.0156f,0f,0.9962f,0.0867f,1.6987f,0f,0.0867f,-0.9962f,0.5364f,0f,0f,0f,1f],start_interpolation: 0,interpolation_duration: 1}
$data merge entity $(bone_head) {transformation: [-1f,0f,0f,0f,0f,0.9962f,0.0867f,1.378f,0f,0.0867f,-0.9962f,0.2562f,0f,0f,0f,1f],start_interpolation: 0,interpolation_duration: 1}
$data merge entity $(bone_fabric_overray) {transformation: [-1f,0f,0f,0f,0f,0.6593f,0.7518f,1.378f,0f,0.7518f,-0.6593f,0.2562f,0f,0f,0f,1f],start_interpolation: 0,interpolation_duration: 1}
$data merge entity $(bone_fabric) {transformation: [-1f,0f,0f,0f,0f,0.6593f,0.7518f,1.378f,0f,0.7518f,-0.6593f,0.2562f,0f,0f,0f,1f],start_interpolation: 0,interpolation_duration: 1}
$data merge entity $(bone_bone_overray) {transformation: [-1f,0f,0f,0f,0f,0.6593f,0.7518f,1.378f,0f,0.7518f,-0.6593f,0.2562f,0f,0f,0f,1f],start_interpolation: 0,interpolation_duration: 1}
$data merge entity $(bone_bone) {transformation: [-1f,0f,0f,0f,0f,0.6593f,0.7518f,1.378f,0f,0.7518f,-0.6593f,0.2562f,0f,0f,0f,1f],start_interpolation: 0,interpolation_duration: 1}
$data merge entity $(bone_left_arm1) {transformation: [-0.9848f,-0.1201f,0.1254f,0.25f,-0.1145f,0.9921f,0.0509f,1.3368f,-0.1306f,0.0357f,-0.9908f,0.2093f,0f,0f,0f,1f],start_interpolation: 0,interpolation_duration: 1}
$data merge entity $(bone_right_arm1) {transformation: [-0.9848f,0.1201f,-0.1254f,-0.25f,0.1145f,0.9921f,0.0509f,1.3368f,0.1306f,0.0357f,-0.9908f,0.2093f,0f,0f,0f,1f],start_interpolation: 0,interpolation_duration: 1}
data modify entity @s data merge value {"cameras":{},"locators":{"mouse":{"posx":-6.287715384836801e-17,"posy":1.449745497642611,"posz":0.5134309246726937,"roty":0,"rotx":4.976470588235288},"left_arm":{"posx":0.3941054721672815,"posy":0.6618988847768398,"posz":0.19285249278158734,"roty":7.2153894361509,"rotx":2.9150496024932404},"right_arm":{"posx":-0.3941054721672815,"posy":0.6618988847768398,"posz":0.19285249278158725,"roty":352.7846105638491,"rotx":2.91504960249324}}}