# This file was generated by Animated Java via MC-Build. It is not recommended to edit this file directly.
$data merge entity $(bone_eyes) {transformation: [-1f,0f,0f,-0.0156f,0f,0.9945f,0.1051f,1.7045f,0f,0.1051f,-0.9945f,0.548f,0f,0f,0f,1f],start_interpolation: 0,interpolation_duration: 1}
$data merge entity $(bone_head) {transformation: [-1f,0f,0f,0f,0f,0.9945f,0.1051f,1.389f,0f,0.1051f,-0.9945f,0.262f,0f,0f,0f,1f],start_interpolation: 0,interpolation_duration: 1}
$data merge entity $(bone_fabric_overray) {transformation: [-1f,0f,0f,0f,0f,0.642f,0.7667f,1.389f,0f,0.7667f,-0.642f,0.262f,0f,0f,0f,1f],start_interpolation: 0,interpolation_duration: 1}
$data merge entity $(bone_fabric) {transformation: [-1f,0f,0f,0f,0f,0.642f,0.7667f,1.389f,0f,0.7667f,-0.642f,0.262f,0f,0f,0f,1f],start_interpolation: 0,interpolation_duration: 1}
$data merge entity $(bone_bone_overray) {transformation: [-1f,0f,0f,0f,0f,0.642f,0.7667f,1.389f,0f,0.7667f,-0.642f,0.262f,0f,0f,0f,1f],start_interpolation: 0,interpolation_duration: 1}
$data merge entity $(bone_bone) {transformation: [-1f,0f,0f,0f,0f,0.642f,0.7667f,1.389f,0f,0.7667f,-0.642f,0.262f,0f,0f,0f,1f],start_interpolation: 0,interpolation_duration: 1}
$data merge entity $(bone_left_arm1) {transformation: [-0.9848f,-0.1152f,0.1299f,0.25f,-0.1115f,0.9931f,0.0359f,1.3489f,-0.1331f,0.0209f,-0.9909f,0.2141f,0f,0f,0f,1f],start_interpolation: 0,interpolation_duration: 1}
$data merge entity $(bone_right_arm1) {transformation: [-0.9848f,0.1152f,-0.1299f,-0.25f,0.1115f,0.9931f,0.0359f,1.3489f,0.1331f,0.0209f,-0.9909f,0.2141f,0f,0f,0f,1f],start_interpolation: 0,interpolation_duration: 1}
data modify entity @s data merge value {"cameras":{},"locators":{"mouse":{"posx":-6.373579024581159e-17,"posy":1.4560011805632922,"posz":0.5204422229347019,"roty":0,"rotx":6.03176470588236},"left_arm":{"posx":0.3907809012069462,"posy":0.6731152603685191,"posz":0.20801521222118435,"roty":7.468313376086314,"rotx":2.0582304392251114},"right_arm":{"posx":-0.39078090120694625,"posy":0.6731152603685191,"posz":0.2080152122211843,"roty":352.5316866239137,"rotx":2.058230439225111}}}