# This file was generated by Animated Java via MC-Build. It is not recommended to edit this file directly.
$data merge entity $(bone_eyes) {transformation: [-1f,0f,0f,-0.0156f,0f,0.9928f,0.1201f,1.7109f,0f,0.1201f,-0.9928f,0.5575f,0f,0f,0f,1f],start_interpolation: 0,interpolation_duration: 1}
$data merge entity $(bone_head) {transformation: [-1f,0f,0f,0f,0f,0.9928f,0.1201f,1.3998f,0f,0.1201f,-0.9928f,0.2668f,0f,0f,0f,1f],start_interpolation: 0,interpolation_duration: 1}
$data merge entity $(bone_fabric_overray) {transformation: [-1f,0f,0f,0f,0f,0.6269f,0.7791f,1.3998f,0f,0.7791f,-0.6269f,0.2668f,0f,0f,0f,1f],start_interpolation: 0,interpolation_duration: 1}
$data merge entity $(bone_fabric) {transformation: [-1f,0f,0f,0f,0f,0.6269f,0.7791f,1.3998f,0f,0.7791f,-0.6269f,0.2668f,0f,0f,0f,1f],start_interpolation: 0,interpolation_duration: 1}
$data merge entity $(bone_bone_overray) {transformation: [-1f,0f,0f,0f,0f,0.6269f,0.7791f,1.3998f,0f,0.7791f,-0.6269f,0.2668f,0f,0f,0f,1f],start_interpolation: 0,interpolation_duration: 1}
$data merge entity $(bone_bone) {transformation: [-1f,0f,0f,0f,0f,0.6269f,0.7791f,1.3998f,0f,0.7791f,-0.6269f,0.2668f,0f,0f,0f,1f],start_interpolation: 0,interpolation_duration: 1}
$data merge entity $(bone_left_arm1) {transformation: [-0.9848f,-0.1105f,0.134f,0.25f,-0.1089f,0.9939f,0.0195f,1.3607f,-0.1353f,0.0046f,-0.9908f,0.2181f,0f,0f,0f,1f],start_interpolation: 0,interpolation_duration: 1}
$data merge entity $(bone_right_arm1) {transformation: [-0.9848f,0.1105f,-0.134f,-0.25f,0.1089f,0.9939f,0.0195f,1.3607f,0.1353f,0.0046f,-0.9908f,0.2181f,0f,0f,0f,1f],start_interpolation: 0,interpolation_duration: 1}
data modify entity @s data merge value {"cameras":{},"locators":{"mouse":{"posx":-6.444629528852128e-17,"posy":1.4628937506981499,"posz":0.5262439368917741,"roty":0,"rotx":6.897058823529415},"left_arm":{"posx":0.3875116025117166,"posy":0.6841840225959026,"posz":0.22339447293072254,"roty":7.700087439016443,"rotx":1.116011229207281},"right_arm":{"posx":-0.3875116025117167,"posy":0.6841840225959026,"posz":0.22339447293072245,"roty":352.29991256098356,"rotx":1.1160112292072801}}}