# This file was generated by Animated Java via MC-Build. It is not recommended to edit this file directly.
$data merge entity $(bone_eyes) {transformation: [-1f,0f,0f,-0.0156f,0f,0.9915f,0.1302f,1.7182f,0f,0.1302f,-0.9915f,0.5642f,0f,0f,0f,1f],start_interpolation: 0,interpolation_duration: 1}
$data merge entity $(bone_head) {transformation: [-1f,0f,0f,0f,0f,0.9915f,0.1302f,1.4101f,0f,0.1302f,-0.9915f,0.2704f,0f,0f,0f,1f],start_interpolation: 0,interpolation_duration: 1}
$data merge entity $(bone_fabric_overray) {transformation: [-1f,0f,0f,0f,0f,0.6154f,0.7882f,1.4101f,0f,0.7882f,-0.6154f,0.2704f,0f,0f,0f,1f],start_interpolation: 0,interpolation_duration: 1}
$data merge entity $(bone_fabric) {transformation: [-1f,0f,0f,0f,0f,0.6154f,0.7882f,1.4101f,0f,0.7882f,-0.6154f,0.2704f,0f,0f,0f,1f],start_interpolation: 0,interpolation_duration: 1}
$data merge entity $(bone_bone_overray) {transformation: [-1f,0f,0f,0f,0f,0.6154f,0.7882f,1.4101f,0f,0.7882f,-0.6154f,0.2704f,0f,0f,0f,1f],start_interpolation: 0,interpolation_duration: 1}
$data merge entity $(bone_bone) {transformation: [-1f,0f,0f,0f,0f,0.6154f,0.7882f,1.4101f,0f,0.7882f,-0.6154f,0.2704f,0f,0f,0f,1f],start_interpolation: 0,interpolation_duration: 1}
$data merge entity $(bone_left_arm1) {transformation: [-0.9848f,-0.1061f,0.1375f,0.25f,-0.1069f,0.9943f,0.0018f,1.3716f,-0.1369f,-0.0129f,-0.9905f,0.2211f,0f,0f,0f,1f],start_interpolation: 0,interpolation_duration: 1}
$data merge entity $(bone_right_arm1) {transformation: [-0.9848f,0.1061f,-0.1375f,-0.25f,0.1069f,0.9943f,0.0018f,1.3716f,0.1369f,-0.0129f,-0.9905f,0.2211f,0f,0f,0f,1f],start_interpolation: 0,interpolation_duration: 1}
data modify entity @s data merge value {"cameras":{},"locators":{"mouse":{"posx":-6.49599580603003e-17,"posy":1.4704688562777883,"posz":0.5304383117281485,"roty":0,"rotx":7.482352941176465},"left_arm":{"posx":0.38449052947379886,"posy":0.694727254135276,"posz":0.238519084812682,"roty":7.901406024504041,"rotx":0.10406032563131386},"right_arm":{"posx":-0.3844905294737989,"posy":0.694727254135276,"posz":0.23851908481268191,"roty":352.098593975496,"rotx":0.10406032563131296}}}