# This file was generated by Animated Java via MC-Build. It is not recommended to edit this file directly.
$data merge entity $(bone_eyes) {transformation: [-1f,0f,0f,-0.0156f,0f,0.991f,0.1339f,1.7264f,0f,0.1339f,-0.991f,0.5674f,0f,0f,0f,1f],start_interpolation: 0,interpolation_duration: 1}
$data merge entity $(bone_head) {transformation: [-1f,0f,0f,0f,0f,0.991f,0.1339f,1.4194f,0f,0.1339f,-0.991f,0.2723f,0f,0f,0f,1f],start_interpolation: 0,interpolation_duration: 1}
$data merge entity $(bone_fabric_overray) {transformation: [-1f,0f,0f,0f,0f,0.6089f,0.7932f,1.4194f,0f,0.7932f,-0.6089f,0.2723f,0f,0f,0f,1f],start_interpolation: 0,interpolation_duration: 1}
$data merge entity $(bone_fabric) {transformation: [-1f,0f,0f,0f,0f,0.6089f,0.7932f,1.4194f,0f,0.7932f,-0.6089f,0.2723f,0f,0f,0f,1f],start_interpolation: 0,interpolation_duration: 1}
$data merge entity $(bone_bone_overray) {transformation: [-1f,0f,0f,0f,0f,0.6089f,0.7932f,1.4194f,0f,0.7932f,-0.6089f,0.2723f,0f,0f,0f,1f],start_interpolation: 0,interpolation_duration: 1}
$data merge entity $(bone_bone) {transformation: [-1f,0f,0f,0f,0f,0.6089f,0.7932f,1.4194f,0f,0.7932f,-0.6089f,0.2723f,0f,0f,0f,1f],start_interpolation: 0,interpolation_duration: 1}
$data merge entity $(bone_left_arm1) {transformation: [-0.9848f,-0.1024f,0.1403f,0.25f,-0.1057f,0.9943f,-0.0168f,1.3813f,-0.1377f,-0.0314f,-0.99f,0.2228f,0f,0f,0f,1f],start_interpolation: 0,interpolation_duration: 1}
$data merge entity $(bone_right_arm1) {transformation: [-0.9848f,0.1024f,-0.1403f,-0.25f,0.1057f,0.9943f,-0.0168f,1.3813f,0.1377f,-0.0314f,-0.99f,0.2228f,0f,0f,0f,1f],start_interpolation: 0,interpolation_duration: 1}
data modify entity @s data merge value {"cameras":{},"locators":{"mouse":{"posx":-6.522934638193222e-17,"posy":1.47877797532032,"posz":0.5326380343079118,"roty":0,"rotx":7.697647058823516},"left_arm":{"posx":0.38192425199096475,"posy":0.7043625556616362,"posz":0.2529257613489624,"roty":8.064628379202134,"rotx":-0.9617687541047732},"right_arm":{"posx":-0.3819242519909648,"posy":0.7043625556616362,"posz":0.2529257613489623,"roty":351.93537162079787,"rotx":-0.9617687541047741}}}