# This file was generated by Animated Java via MC-Build. It is not recommended to edit this file directly.
$data merge entity $(bone_1) {transformation: [-0.766f,-0.51f,-0.3913f,0.0101f,-0.5265f,0.1487f,0.8371f,0.5f,-0.3687f,0.8473f,-0.3824f,0.0051f,0f,0f,0f,1f],start_interpolation: 0,interpolation_duration: 1}
$data merge entity $(bone_3) {transformation: [0.133f,-0.9848f,0.1116f,-0.0068f,-0.9475f,-0.0933f,0.306f,0.5f,-0.2909f,-0.1465f,-0.9455f,0.0051f,0f,0f,0f,1f],start_interpolation: 0,interpolation_duration: 1}
$data merge entity $(bone_4) {transformation: [-0.4346f,-0.8429f,-0.3173f,-0.0078f,-0.7413f,0.1347f,0.6575f,0.5047f,-0.5114f,0.521f,-0.6834f,-0.0047f,0f,0f,0f,1f],start_interpolation: 0,interpolation_duration: 1}
$data merge entity $(bone_5) {transformation: [-0.0352f,-0.5059f,-0.8619f,0.0078f,-0.0651f,-0.8594f,0.5071f,0.5f,-0.9973f,0.074f,-0.0027f,-0.0078f,0f,0f,0f,1f],start_interpolation: 0,interpolation_duration: 1}
$data merge entity $(bone_shockwave) {transformation: [-3.473f,0f,-19.6962f,0f,0f,20f,0f,1.0926f,19.6962f,0f,-3.473f,0f,0f,0f,0f,1f],start_interpolation: 0,interpolation_duration: 1}
$data merge entity $(bone_2) {transformation: [-0.0829f,0f,-0.0988f,-0.0007f,-0.0699f,0.0912f,0.0586f,0.0779f,0.0699f,0.0912f,-0.0586f,-0.0012f,0f,0f,0f,1f],start_interpolation: 0,interpolation_duration: 1}
$data merge entity $(bone_6) {transformation: [0.0369f,-0.0993f,-0.0737f,0.0009f,-0.1208f,-0.0125f,-0.0436f,0.0779f,0.0264f,0.0814f,-0.0965f,0.0009f,0f,0f,0f,1f],start_interpolation: 0,interpolation_duration: 1}
$data merge entity $(bone_7) {transformation: [0.1252f,0.0099f,0.0295f,-0.0016f,-0.0187f,-0.0741f,0.104f,0.0779f,0.0249f,-0.1052f,-0.0704f,0.001f,0f,0f,0f,1f],start_interpolation: 0,interpolation_duration: 1}
$data merge entity $(bone_8) {transformation: [-0.0056f,0.0441f,-0.1211f,0.0018f,-0.0912f,0.0844f,0.0349f,0.0779f,0.0912f,0.0871f,0.0275f,-0.0013f,0f,0f,0f,1f],start_interpolation: 0,interpolation_duration: 1}
$data merge entity $(bone_9) {transformation: [-0.0679f,-0.0785f,0.0766f,0f,-0.0049f,-0.0878f,-0.0944f,0.0779f,0.1096f,-0.0526f,0.0433f,0f,0f,0f,0f,1f],start_interpolation: 0,interpolation_duration: 1}
$data merge entity $(bone_10) {transformation: [-0.0829f,0f,-0.0988f,0.0004f,-0.0699f,0.0912f,0.0586f,0.079f,0.0699f,0.0912f,-0.0586f,-0.0006f,0f,0f,0f,1f],start_interpolation: 0,interpolation_duration: 1}
$data merge entity $(bone_11) {transformation: [0.0369f,-0.0993f,-0.0737f,-0.0006f,-0.1208f,-0.0125f,-0.0436f,0.079f,0.0264f,0.0814f,-0.0965f,-0.001f,0f,0f,0f,1f],start_interpolation: 0,interpolation_duration: 1}
$data merge entity $(bone_12) {transformation: [0.1252f,0.0099f,0.0295f,0.0004f,-0.0187f,-0.0741f,0.104f,0.079f,0.0249f,-0.1052f,-0.0704f,0.0001f,0f,0f,0f,1f],start_interpolation: 0,interpolation_duration: 1}
$data merge entity $(bone_13) {transformation: [-0.0056f,0.0441f,-0.1211f,-0.0006f,-0.0912f,0.0844f,0.0349f,0.079f,0.0912f,0.0871f,0.0275f,0.0001f,0f,0f,0f,1f],start_interpolation: 0,interpolation_duration: 1}
$data merge entity $(bone_14) {transformation: [-0.0679f,-0.0785f,0.0766f,0f,-0.0049f,-0.0878f,-0.0944f,0.079f,0.1096f,-0.0526f,0.0433f,0f,0f,0f,0f,1f],start_interpolation: 0,interpolation_duration: 1}
$data merge entity $(bone_15) {transformation: [0.1083f,0.0555f,0.0427f,-0.0002f,-0.0699f,0.0912f,0.0586f,0.0799f,-0.005f,-0.0724f,0.1067f,0.0003f,0f,0f,0f,1f],start_interpolation: 0,interpolation_duration: 1}
$data merge entity $(bone_16) {transformation: [-0.0132f,0.1284f,-0.0003f,0.0005f,-0.1208f,-0.0125f,-0.0436f,0.0799f,-0.0434f,-0.0042f,0.1215f,0.0004f,0f,0f,0f,1f],start_interpolation: 0,interpolation_duration: 1}
$data merge entity $(bone_17) {transformation: [-0.0842f,-0.0719f,-0.0663f,-0.0005f,-0.0187f,-0.0741f,0.104f,0.0799f,-0.096f,0.0775f,0.0379f,-0.0004f,0f,0f,0f,1f],start_interpolation: 0,interpolation_duration: 1}
$data merge entity $(bone_18) {transformation: [0.06f,0.018f,0.1128f,0.0003f,-0.0912f,0.0844f,0.0349f,0.0799f,-0.0689f,-0.0959f,0.052f,-0.0004f,0f,0f,0f,1f],start_interpolation: 0,interpolation_duration: 1}
$data merge entity $(bone_19) {transformation: [0.1206f,0.0303f,-0.0344f,0f,-0.0049f,-0.0878f,-0.0944f,0.0804f,-0.0456f,0.0895f,-0.081f,0f,0f,0f,0f,1f],start_interpolation: 0,interpolation_duration: 1}