# This file was generated by Animated Java via MC-Build. It is not recommended to edit this file directly.
$data merge entity $(bone_eyes) {transformation: [-0.5f,0f,0f,-0.0156f,0f,0.4975f,-0.0497f,1.7465f,0f,-0.0497f,-0.4975f,0.2451f,0f,0f,0f,1f],start_interpolation: 0,interpolation_duration: 1}
$data merge entity $(bone_head) {transformation: [-1f,0f,0f,0f,0f,0.995f,-0.0995f,1.38f,0f,-0.0995f,-0.995f,0.0355f,0f,0f,0f,1f],start_interpolation: 0,interpolation_duration: 1}
$data merge entity $(bone_fabric_overray) {transformation: [-1f,0f,0f,0f,0f,0.9736f,0.2284f,1.38f,0f,0.2284f,-0.9736f,0.0355f,0f,0f,0f,1f],start_interpolation: 0,interpolation_duration: 1}
$data merge entity $(bone_fabric) {transformation: [-1f,0f,0f,0f,0f,0.9736f,0.2284f,1.38f,0f,0.2284f,-0.9736f,0.0355f,0f,0f,0f,1f],start_interpolation: 0,interpolation_duration: 1}
$data merge entity $(bone_bone_overray) {transformation: [-1f,0f,0f,0f,0f,0.9712f,0.2383f,1.38f,0f,0.2383f,-0.9712f,0.0355f,0f,0f,0f,1f],start_interpolation: 0,interpolation_duration: 1}
$data merge entity $(bone_bone) {transformation: [-1f,0f,0f,0f,0f,0.9712f,0.2383f,1.38f,0f,0.2383f,-0.9712f,0.0355f,0f,0f,0f,1f],start_interpolation: 0,interpolation_duration: 1}
$data merge entity $(bone_left_arm1) {transformation: [-0.999f,-0.0414f,-0.0139f,0.25f,-0.042f,0.9979f,0.0484f,1.3179f,0.0119f,0.049f,-0.9987f,0.0285f,0f,0f,0f,1f],start_interpolation: 0,interpolation_duration: 1}
$data merge entity $(bone_right_arm1) {transformation: [-0.999f,0.0414f,0.0139f,-0.25f,0.042f,0.9979f,0.0484f,1.3179f,-0.0119f,0.049f,-0.9987f,0.0285f,0f,0f,0f,1f],start_interpolation: 0,interpolation_duration: 1}
data modify entity @s data merge value {"cameras":{},"locators":{"mouse":{"posx":-3.3666862420302145e-17,"posy":1.4981906722782243,"posz":0.2749107942285264,"roty":0,"rotx":-5.708020833333338},"left_arm":{"posx":0.3409032324613615,"posy":0.6344770271416428,"posz":-0.005939260922302139,"roty":359.2012451293255,"rotx":2.774969703687579},"right_arm":{"posx":-0.34090323246136145,"posy":0.6344770271416428,"posz":-0.0059392609223022225,"roty":0.7987548706745145,"rotx":2.774969703687579}}}