# This file was generated by Animated Java via MC-Build. It is not recommended to edit this file directly.
$data merge entity $(bone_eyes) {transformation: [0f,0f,0f,-0.0156f,0f,0f,0f,1.7412f,0f,0f,0f,0.1496f,0f,0f,0f,1f],start_interpolation: 0,interpolation_duration: 1}
$data merge entity $(bone_head) {transformation: [-1f,0f,0f,0f,0f,0.9884f,-0.152f,1.3642f,0f,-0.152f,-0.9884f,-0.0403f,0f,0f,0f,1f],start_interpolation: 0,interpolation_duration: 1}
$data merge entity $(bone_fabric_overray) {transformation: [-1f,0f,0f,0f,0f,0.797f,0.6039f,1.3642f,0f,0.6039f,-0.797f,-0.0403f,0f,0f,0f,1f],start_interpolation: 0,interpolation_duration: 1}
$data merge entity $(bone_fabric) {transformation: [-1f,0f,0f,0f,0f,0.797f,0.6039f,1.3642f,0f,0.6039f,-0.797f,-0.0403f,0f,0f,0f,1f],start_interpolation: 0,interpolation_duration: 1}
$data merge entity $(bone_bone_overray) {transformation: [-1f,0f,0f,0f,0f,0.9209f,0.3898f,1.3642f,0f,0.3898f,-0.9209f,-0.0403f,0f,0f,0f,1f],start_interpolation: 0,interpolation_duration: 1}
$data merge entity $(bone_bone) {transformation: [-1f,0f,0f,0f,0f,0.9209f,0.3898f,1.3642f,0f,0.3898f,-0.9209f,-0.0403f,0f,0f,0f,1f],start_interpolation: 0,interpolation_duration: 1}
$data merge entity $(bone_left_arm1) {transformation: [-0.9659f,-0.2549f,-0.0449f,0.25f,-0.2241f,0.9106f,-0.3471f,1.3022f,0.1294f,-0.3252f,-0.9367f,-0.0321f,0f,0f,0f,1f],start_interpolation: 0,interpolation_duration: 1}
$data merge entity $(bone_right_arm1) {transformation: [-0.9659f,0.2549f,0.0449f,-0.25f,0.2241f,0.9106f,-0.3471f,1.3022f,-0.1294f,-0.3252f,-0.9367f,-0.0321f,0f,0f,0f,1f],start_interpolation: 0,interpolation_duration: 1}
data modify entity @s data merge value {"cameras":{},"locators":{"mouse":{"posx":-2.358536154818992e-17,"posy":1.4948316060811067,"posz":0.19258909233757,"roty":0,"rotx":-8.743413923182448},"left_arm":{"posx":0.4856051781850369,"posy":0.6901529367672856,"posz":0.18341885101889652,"roty":357.25311915130766,"rotx":-20.31274962451887},"right_arm":{"posx":-0.4856051781850369,"posy":0.6901529367672856,"posz":0.1834188510188964,"roty":2.746880848692342,"rotx":-20.31274962451887}}}