# This file was generated by Animated Java via MC-Build. It is not recommended to edit this file directly.
$data merge entity $(bone_eyes) {transformation: [0f,0f,0f,-0.0156f,0f,0f,0f,1.7308f,0f,0f,0f,0.169f,0f,0f,0f,1f],start_interpolation: 0,interpolation_duration: 1}
$data merge entity $(bone_head) {transformation: [-1f,0f,0f,0f,0f,0.9949f,-0.1004f,1.3642f,0f,-0.1004f,-0.9949f,-0.0403f,0f,0f,0f,1f],start_interpolation: 0,interpolation_duration: 1}
$data merge entity $(bone_fabric_overray) {transformation: [-1f,0f,0f,0f,0f,0.8273f,0.5618f,1.3642f,0f,0.5618f,-0.8273f,-0.0403f,0f,0f,0f,1f],start_interpolation: 0,interpolation_duration: 1}
$data merge entity $(bone_fabric) {transformation: [-1f,0f,0f,0f,0f,0.8273f,0.5618f,1.3642f,0f,0.5618f,-0.8273f,-0.0403f,0f,0f,0f,1f],start_interpolation: 0,interpolation_duration: 1}
$data merge entity $(bone_bone_overray) {transformation: [-1f,0f,0f,0f,0f,0.9324f,0.3613f,1.3642f,0f,0.3613f,-0.9324f,-0.0403f,0f,0f,0f,1f],start_interpolation: 0,interpolation_duration: 1}
$data merge entity $(bone_bone) {transformation: [-1f,0f,0f,0f,0f,0.9324f,0.3613f,1.3642f,0f,0.3613f,-0.9324f,-0.0403f,0f,0f,0f,1f],start_interpolation: 0,interpolation_duration: 1}
$data merge entity $(bone_left_arm1) {transformation: [-0.9659f,-0.2527f,-0.056f,0.25f,-0.2241f,0.9249f,-0.3071f,1.3022f,0.1294f,-0.2841f,-0.95f,-0.0321f,0f,0f,0f,1f],start_interpolation: 0,interpolation_duration: 1}
$data merge entity $(bone_right_arm1) {transformation: [-0.9659f,0.2527f,0.056f,-0.25f,0.2241f,0.9249f,-0.3071f,1.3022f,-0.1294f,-0.2841f,-0.95f,-0.0321f,0f,0f,0f,1f],start_interpolation: 0,interpolation_duration: 1}
data modify entity @s data merge value {"cameras":{},"locators":{"mouse":{"posx":-2.437872741186303e-17,"posy":1.4825492410281238,"posz":0.19906741624472013,"roty":0,"rotx":-5.76323731138546},"left_arm":{"posx":0.4840906143485288,"posy":0.6803385278199647,"posz":0.15511493769759105,"roty":356.6254492055823,"rotx":-17.88411241417973},"right_arm":{"posx":-0.4840906143485288,"posy":0.6803385278199647,"posz":0.1551149376975909,"roty":3.374550794417729,"rotx":-17.88411241417973}}}