# This file was generated by Animated Java via MC-Build. It is not recommended to edit this file directly.
$data merge entity $(bone_eyes) {transformation: [0f,0f,0f,-0.0156f,0f,0f,0f,1.7191f,0f,0f,0f,0.1883f,0f,0f,0f,1f],start_interpolation: 0,interpolation_duration: 1}
$data merge entity $(bone_head) {transformation: [-1f,0f,0f,0f,0f,0.9989f,-0.047f,1.3642f,0f,-0.047f,-0.9989f,-0.0403f,0f,0f,0f,1f],start_interpolation: 0,interpolation_duration: 1}
$data merge entity $(bone_fabric_overray) {transformation: [-1f,0f,0f,0f,0f,0.8577f,0.5141f,1.3642f,0f,0.5141f,-0.8577f,-0.0403f,0f,0f,0f,1f],start_interpolation: 0,interpolation_duration: 1}
$data merge entity $(bone_fabric) {transformation: [-1f,0f,0f,0f,0f,0.8577f,0.5141f,1.3642f,0f,0.5141f,-0.8577f,-0.0403f,0f,0f,0f,1f],start_interpolation: 0,interpolation_duration: 1}
$data merge entity $(bone_bone_overray) {transformation: [-1f,0f,0f,0f,0f,0.9422f,0.3351f,1.3642f,0f,0.3351f,-0.9422f,-0.0403f,0f,0f,0f,1f],start_interpolation: 0,interpolation_duration: 1}
$data merge entity $(bone_bone) {transformation: [-1f,0f,0f,0f,0f,0.9422f,0.3351f,1.3642f,0f,0.3351f,-0.9422f,-0.0403f,0f,0f,0f,1f],start_interpolation: 0,interpolation_duration: 1}
$data merge entity $(bone_left_arm1) {transformation: [-0.9659f,-0.25f,-0.067f,0.25f,-0.2241f,0.9374f,-0.2665f,1.3022f,0.1294f,-0.2424f,-0.9615f,-0.0321f,0f,0f,0f,1f],start_interpolation: 0,interpolation_duration: 1}
$data merge entity $(bone_right_arm1) {transformation: [-0.9659f,0.25f,0.067f,-0.25f,0.2241f,0.9374f,-0.2665f,1.3022f,-0.1294f,-0.2424f,-0.9615f,-0.0321f,0f,0f,0f,1f],start_interpolation: 0,interpolation_duration: 1}
data modify entity @s data merge value {"cameras":{},"locators":{"mouse":{"posx":-2.511241125191243e-17,"posy":1.4695751151390735,"posz":0.2050583994454292,"roty":0,"rotx":-2.696250000000003},"left_arm":{"posx":0.48224536414214103,"posy":0.6717345407769187,"posz":0.12643925994554822,"roty":356.0147343910925,"rotx":-15.453519938829738},"right_arm":{"posx":-0.4822453641421411,"posy":0.6717345407769187,"posz":0.1264392599455481,"roty":3.9852656089075253,"rotx":-15.453519938829734}}}