# This file was generated by Animated Java via MC-Build. It is not recommended to edit this file directly.
$data merge entity $(bone_eyes) {transformation: [0f,0f,0f,-0.0156f,0f,0f,0f,1.7061f,0f,0f,0f,0.2073f,0f,0f,0f,1f],start_interpolation: 0,interpolation_duration: 1}
$data merge entity $(bone_head) {transformation: [-1f,0f,0f,0f,0f,1f,0.0073f,1.3642f,0f,0.0073f,-1f,-0.0403f,0f,0f,0f,1f],start_interpolation: 0,interpolation_duration: 1}
$data merge entity $(bone_fabric_overray) {transformation: [-1f,0f,0f,0f,0f,0.886f,0.4636f,1.3642f,0f,0.4636f,-0.886f,-0.0403f,0f,0f,0f,1f],start_interpolation: 0,interpolation_duration: 1}
$data merge entity $(bone_fabric) {transformation: [-1f,0f,0f,0f,0f,0.886f,0.4636f,1.3642f,0f,0.4636f,-0.886f,-0.0403f,0f,0f,0f,1f],start_interpolation: 0,interpolation_duration: 1}
$data merge entity $(bone_bone_overray) {transformation: [-1f,0f,0f,0f,0f,0.9494f,0.314f,1.3642f,0f,0.314f,-0.9494f,-0.0403f,0f,0f,0f,1f],start_interpolation: 0,interpolation_duration: 1}
$data merge entity $(bone_bone) {transformation: [-1f,0f,0f,0f,0f,0.9494f,0.314f,1.3642f,0f,0.314f,-0.9494f,-0.0403f,0f,0f,0f,1f],start_interpolation: 0,interpolation_duration: 1}
$data merge entity $(bone_left_arm1) {transformation: [-0.9659f,-0.2468f,-0.0778f,0.25f,-0.2241f,0.9482f,-0.2253f,1.3022f,0.1294f,-0.2002f,-0.9712f,-0.0321f,0f,0f,0f,1f],start_interpolation: 0,interpolation_duration: 1}
$data merge entity $(bone_right_arm1) {transformation: [-0.9659f,0.2468f,0.0778f,-0.25f,0.2241f,0.9482f,-0.2253f,1.3022f,-0.1294f,-0.2002f,-0.9712f,-0.0321f,0f,0f,0f,1f],start_interpolation: 0,interpolation_duration: 1}
data modify entity @s data merge value {"cameras":{},"locators":{"mouse":{"posx":-2.5769583395543553e-17,"posy":1.4560866549181042,"posz":0.21042461723237543,"roty":0,"rotx":0.4192866941014936},"left_arm":{"posx":0.4800729401045187,"posy":0.6643573538165027,"posz":0.09744640354518791,"roty":355.41819078075434,"rotx":-13.021294448361097},"right_arm":{"posx":-0.48007294010451873,"posy":0.6643573538165027,"posz":0.09744640354518777,"roty":4.5818092192456845,"rotx":-13.0212944483611}}}