# This file was generated by Animated Java via MC-Build. It is not recommended to edit this file directly.
$data merge entity $(bone_eyes) {transformation: [0f,0f,0f,-0.0156f,0f,0f,0f,1.6921f,0f,0f,0f,0.2255f,0f,0f,0f,1f],start_interpolation: 0,interpolation_duration: 1}
$data merge entity $(bone_head) {transformation: [-1f,0f,0f,0f,0f,0.9981f,0.0618f,1.3642f,0f,0.0618f,-0.9981f,-0.0403f,0f,0f,0f,1f],start_interpolation: 0,interpolation_duration: 1}
$data merge entity $(bone_fabric_overray) {transformation: [-1f,0f,0f,0f,0f,0.9105f,0.4135f,1.3642f,0f,0.4135f,-0.9105f,-0.0403f,0f,0f,0f,1f],start_interpolation: 0,interpolation_duration: 1}
$data merge entity $(bone_fabric) {transformation: [-1f,0f,0f,0f,0f,0.9105f,0.4135f,1.3642f,0f,0.4135f,-0.9105f,-0.0403f,0f,0f,0f,1f],start_interpolation: 0,interpolation_duration: 1}
$data merge entity $(bone_bone_overray) {transformation: [-1f,0f,0f,0f,0f,0.9537f,0.3007f,1.3642f,0f,0.3007f,-0.9537f,-0.0403f,0f,0f,0f,1f],start_interpolation: 0,interpolation_duration: 1}
$data merge entity $(bone_bone) {transformation: [-1f,0f,0f,0f,0f,0.9537f,0.3007f,1.3642f,0f,0.3007f,-0.9537f,-0.0403f,0f,0f,0f,1f],start_interpolation: 0,interpolation_duration: 1}
$data merge entity $(bone_left_arm1) {transformation: [-0.9659f,-0.2432f,-0.0885f,0.25f,-0.2241f,0.9571f,-0.1837f,1.3022f,0.1294f,-0.1576f,-0.979f,-0.0321f,0f,0f,0f,1f],start_interpolation: 0,interpolation_duration: 1}
$data merge entity $(bone_right_arm1) {transformation: [-0.9659f,0.2432f,0.0885f,-0.25f,0.2241f,0.9571f,-0.1837f,1.3022f,-0.1294f,-0.1576f,-0.979f,-0.0321f,0f,0f,0f,1f],start_interpolation: 0,interpolation_duration: 1}
data modify entity @s data merge value {"cameras":{},"locators":{"mouse":{"posx":-2.6337724496279266e-17,"posy":1.4422806354658833,"posz":0.21506384138362677,"roty":0,"rotx":3.545111454046638},"left_arm":{"posx":0.47757747756828983,"posy":0.658221009833388,"posz":0.06819155804651447,"roty":354.83325576878474,"rotx":-10.587732061574451},"right_arm":{"posx":-0.47757747756828983,"posy":0.658221009833388,"posz":0.06819155804651436,"roty":5.166744231215233,"rotx":-10.587732061574455}}}