# This file was generated by Animated Java via MC-Build. It is not recommended to edit this file directly.
$data merge entity $(bone_eyes) {transformation: [0f,0f,0f,-0.0156f,0f,0f,0f,1.6773f,0f,0f,0f,0.2429f,0f,0f,0f,1f],start_interpolation: 0,interpolation_duration: 1}
$data merge entity $(bone_head) {transformation: [-1f,0f,0f,0f,0f,0.9933f,0.1157f,1.3642f,0f,0.1157f,-0.9933f,-0.0403f,0f,0f,0f,1f],start_interpolation: 0,interpolation_duration: 1}
$data merge entity $(bone_fabric_overray) {transformation: [-1f,0f,0f,0f,0f,0.9302f,0.3672f,1.3642f,0f,0.3672f,-0.9302f,-0.0403f,0f,0f,0f,1f],start_interpolation: 0,interpolation_duration: 1}
$data merge entity $(bone_fabric) {transformation: [-1f,0f,0f,0f,0f,0.9302f,0.3672f,1.3642f,0f,0.3672f,-0.9302f,-0.0403f,0f,0f,0f,1f],start_interpolation: 0,interpolation_duration: 1}
$data merge entity $(bone_left_arm1) {transformation: [-0.9659f,-0.2391f,-0.099f,0.25f,-0.2241f,0.9642f,-0.1418f,1.3022f,0.1294f,-0.1148f,-0.9849f,-0.0321f,0f,0f,0f,1f],start_interpolation: 0,interpolation_duration: 1}
$data merge entity $(bone_right_arm1) {transformation: [-0.9659f,0.2391f,0.099f,-0.25f,0.2241f,0.9642f,-0.1418f,1.3022f,-0.1294f,-0.1148f,-0.9849f,-0.0321f,0f,0f,0f,1f],start_interpolation: 0,interpolation_duration: 1}
data modify entity @s data merge value {"cameras":{},"locators":{"mouse":{"posx":-2.680899086765998e-17,"posy":1.4283687244420835,"posz":0.21891202333869192,"roty":0,"rotx":6.64296296296295},"left_arm":{"posx":0.47476372678822504,"posy":0.6533371897071132,"posz":0.03873041171067134,"roty":354.25754291258863,"rotx":-8.15310813542878},"right_arm":{"posx":-0.4747637267882251,"posy":0.6533371897071132,"posz":0.03873041171067123,"roty":5.742457087411395,"rotx":-8.15310813542878}}}