# This file was generated by Animated Java via MC-Build. It is not recommended to edit this file directly.
$data merge entity $(bone_eyes) {transformation: [0f,0f,0f,-0.0156f,0f,0f,0f,1.6619f,0f,0f,0f,0.259f,0f,0f,0f,1f],start_interpolation: 0,interpolation_duration: 1}
$data merge entity $(bone_head) {transformation: [-1f,0f,0f,0f,0f,0.9858f,0.1681f,1.3642f,0f,0.1681f,-0.9858f,-0.0403f,0f,0f,0f,1f],start_interpolation: 0,interpolation_duration: 1}
$data merge entity $(bone_fabric_overray) {transformation: [-1f,0f,0f,0f,0f,0.9446f,0.3283f,1.3642f,0f,0.3283f,-0.9446f,-0.0403f,0f,0f,0f,1f],start_interpolation: 0,interpolation_duration: 1}
$data merge entity $(bone_fabric) {transformation: [-1f,0f,0f,0f,0f,0.9446f,0.3283f,1.3642f,0f,0.3283f,-0.9446f,-0.0403f,0f,0f,0f,1f],start_interpolation: 0,interpolation_duration: 1}
$data merge entity $(bone_left_arm1) {transformation: [-0.9659f,-0.2346f,-0.1094f,0.25f,-0.2241f,0.9695f,-0.0996f,1.3022f,0.1294f,-0.0717f,-0.989f,-0.0321f,0f,0f,0f,1f],start_interpolation: 0,interpolation_duration: 1}
$data merge entity $(bone_right_arm1) {transformation: [-0.9659f,0.2346f,0.1094f,-0.25f,0.2241f,0.9695f,-0.0996f,1.3022f,-0.1294f,-0.0717f,-0.989f,-0.0321f,0f,0f,0f,1f],start_interpolation: 0,interpolation_duration: 1}
data modify entity @s data merge value {"cameras":{},"locators":{"mouse":{"posx":-2.718038311569851e-17,"posy":1.4145723209948111,"posz":0.22194467118701122,"roty":0,"rotx":9.67457990397805},"left_arm":{"posx":0.47163704389885736,"posy":0.6497151900668668,"posz":0.009119045504170933,"roty":353.68880240495434,"rotx":-5.7176819471575655},"right_arm":{"posx":-0.4716370438988574,"posy":0.6497151900668668,"posz":0.009119045504170822,"roty":6.311197595045684,"rotx":-5.717681947157565}}}