# This file was generated by Animated Java via MC-Build. It is not recommended to edit this file directly.
$data merge entity $(bone_eyes) {transformation: [0f,0f,0f,-0.0156f,0f,0f,0f,1.7665f,0f,0f,0f,0.1678f,0f,0f,0f,1f],start_interpolation: 0,interpolation_duration: 1}
$data merge entity $(bone_head) {transformation: [-1f,0f,0f,0f,0f,0.9741f,-0.2259f,1.3763f,0f,-0.2259f,-0.9741f,0.0068f,0f,0f,0f,1f],start_interpolation: 0,interpolation_duration: 1}
$data merge entity $(bone_fabric_overray) {transformation: [-1f,0f,0f,0f,0f,0.9521f,0.3059f,1.3763f,0f,0.3059f,-0.9521f,0.0068f,0f,0f,0f,1f],start_interpolation: 0,interpolation_duration: 1}
$data merge entity $(bone_fabric) {transformation: [-1f,0f,0f,0f,0f,0.9521f,0.3059f,1.3763f,0f,0.3059f,-0.9521f,0.0068f,0f,0f,0f,1f],start_interpolation: 0,interpolation_duration: 1}
$data merge entity $(bone_bone_overray) {transformation: [-1f,0f,0f,0f,0f,0.9434f,0.3317f,1.3763f,0f,0.3317f,-0.9434f,0.0068f,0f,0f,0f,1f],start_interpolation: 0,interpolation_duration: 1}
$data merge entity $(bone_bone) {transformation: [-1f,0f,0f,0f,0f,0.9434f,0.3317f,1.3763f,0f,0.3317f,-0.9434f,0.0068f,0f,0f,0f,1f],start_interpolation: 0,interpolation_duration: 1}
$data merge entity $(bone_left_arm1) {transformation: [-0.9962f,-0.0843f,-0.0225f,0.25f,-0.0815f,0.9909f,-0.1071f,1.3138f,0.0313f,-0.1049f,-0.994f,0.0055f,0f,0f,0f,1f],start_interpolation: 0,interpolation_duration: 1}
$data merge entity $(bone_right_arm1) {transformation: [-0.9962f,0.0843f,0.0225f,-0.25f,0.0815f,0.9909f,-0.1071f,1.3138f,-0.0313f,-0.1049f,-0.994f,0.0055f,0f,0f,0f,1f],start_interpolation: 0,interpolation_duration: 1}
data modify entity @s data merge value {"cameras":{},"locators":{"mouse":{"posx":-2.806759505712442e-17,"posy":1.5240940089678356,"posz":0.22918930647323116,"roty":0,"rotx":-13.05666666666667},"left_arm":{"posx":0.3702339337596435,"posy":0.6376478848489421,"posz":0.07560627486512006,"roty":358.70518160572414,"rotx":-6.148291104785343},"right_arm":{"posx":-0.37023393375964353,"posy":0.6376478848489421,"posz":0.07560627486511996,"roty":1.2948183942758646,"rotx":-6.148291104785341}}}