# This file was generated by Animated Java via MC-Build. It is not recommended to edit this file directly.
$data merge entity $(bone_eyes) {transformation: [0f,0f,0f,-0.0156f,0f,0f,0f,1.7776f,0f,0f,0f,0.0884f,0f,0f,0f,1f],start_interpolation: 0,interpolation_duration: 1}
$data merge entity $(bone_head) {transformation: [-1f,0f,0f,0f,0f,0.9372f,-0.3487f,1.37f,0f,-0.3487f,-0.9372f,-0.0214f,0f,0f,0f,1f],start_interpolation: 0,interpolation_duration: 1}
$data merge entity $(bone_fabric_overray) {transformation: [-1f,0f,0f,0f,0f,0.9212f,0.389f,1.37f,0f,0.389f,-0.9212f,-0.0214f,0f,0f,0f,1f],start_interpolation: 0,interpolation_duration: 1}
$data merge entity $(bone_fabric) {transformation: [-1f,0f,0f,0f,0f,0.9212f,0.389f,1.37f,0f,0.389f,-0.9212f,-0.0214f,0f,0f,0f,1f],start_interpolation: 0,interpolation_duration: 1}
$data merge entity $(bone_bone_overray) {transformation: [-1f,0f,0f,0f,0f,0.9089f,0.417f,1.37f,0f,0.417f,-0.9089f,-0.0214f,0f,0f,0f,1f],start_interpolation: 0,interpolation_duration: 1}
$data merge entity $(bone_bone) {transformation: [-1f,0f,0f,0f,0f,0.9089f,0.417f,1.37f,0f,0.417f,-0.9089f,-0.0214f,0f,0f,0f,1f],start_interpolation: 0,interpolation_duration: 1}
$data merge entity $(bone_left_arm1) {transformation: [-0.9914f,-0.1282f,-0.0254f,0.25f,-0.1172f,0.9583f,-0.2607f,1.3076f,0.0578f,-0.2555f,-0.9651f,-0.0171f,0f,0f,0f,1f],start_interpolation: 0,interpolation_duration: 1}
$data merge entity $(bone_right_arm1) {transformation: [-0.9914f,0.1282f,0.0254f,-0.25f,0.1172f,0.9583f,-0.2607f,1.3076f,-0.0578f,-0.2555f,-0.9651f,-0.0171f,0f,0f,0f,1f],start_interpolation: 0,interpolation_duration: 1}
data modify entity @s data merge value {"cameras":{},"locators":{"mouse":{"posx":-2.2077003354236868e-17,"posy":1.544991056058831,"posz":0.18027241298966967,"roty":0,"rotx":-20.4053125},"left_arm":{"posx":0.4000771684000805,"posy":0.6561088570796402,"posz":0.15496202211574478,"roty":358.49024610515664,"rotx":-15.109968209363277},"right_arm":{"posx":-0.40007716840008056,"posy":0.6561088570796402,"posz":0.1549620221157447,"roty":1.509753894843385,"rotx":-15.109968209363277}}}