# This file was generated by Animated Java via MC-Build. It is not recommended to edit this file directly.
$data merge entity $(bone_eyes) {transformation: [0f,0f,0f,-0.0156f,0f,0f,0f,1.7758f,0f,0f,0f,0.0534f,0f,0f,0f,1f],start_interpolation: 0,interpolation_duration: 1}
$data merge entity $(bone_head) {transformation: [-1f,0f,0f,0f,0f,0.9228f,-0.3852f,1.3642f,0f,-0.3852f,-0.9228f,-0.0403f,0f,0f,0f,1f],start_interpolation: 0,interpolation_duration: 1}
$data merge entity $(bone_fabric_overray) {transformation: [-1f,0f,0f,0f,0f,0.887f,0.4617f,1.3642f,0f,0.4617f,-0.887f,-0.0403f,0f,0f,0f,1f],start_interpolation: 0,interpolation_duration: 1}
$data merge entity $(bone_fabric) {transformation: [-1f,0f,0f,0f,0f,0.887f,0.4617f,1.3642f,0f,0.4617f,-0.887f,-0.0403f,0f,0f,0f,1f],start_interpolation: 0,interpolation_duration: 1}
$data merge entity $(bone_bone_overray) {transformation: [-1f,0f,0f,0f,0f,0.887f,0.4617f,1.3642f,0f,0.4617f,-0.887f,-0.0403f,0f,0f,0f,1f],start_interpolation: 0,interpolation_duration: 1}
$data merge entity $(bone_bone) {transformation: [-1f,0f,0f,0f,0f,0.887f,0.4617f,1.3642f,0f,0.4617f,-0.887f,-0.0403f,0f,0f,0f,1f],start_interpolation: 0,interpolation_duration: 1}
$data merge entity $(bone_left_arm1) {transformation: [-0.9848f,-0.1723f,-0.0227f,0.25f,-0.1507f,0.9118f,-0.3819f,1.3022f,0.0865f,-0.3727f,-0.9239f,-0.0321f,0f,0f,0f,1f],start_interpolation: 0,interpolation_duration: 1}
$data merge entity $(bone_right_arm1) {transformation: [-0.9848f,0.1723f,0.0227f,-0.25f,0.1507f,0.9118f,-0.3819f,1.3022f,-0.0865f,-0.3727f,-0.9239f,-0.0321f,0f,0f,0f,1f],start_interpolation: 0,interpolation_duration: 1}
data modify entity @s data merge value {"cameras":{},"locators":{"mouse":{"posx":-1.890028739251037e-17,"posy":1.5469932643677602,"posz":0.15433255862563383,"roty":0,"rotx":-22.658815157750347},"left_arm":{"posx":0.4300009901328603,"posy":0.6847416207130876,"posz":0.21870821819018943,"roty":358.5921745547877,"rotx":-22.451727986997067},"right_arm":{"posx":-0.4300009901328604,"posy":0.6847416207130876,"posz":0.21870821819018926,"roty":1.4078254452123247,"rotx":-22.451727986997067}}}