# This file was generated by Animated Java via MC-Build. It is not recommended to edit this file directly.
$data merge entity $(bone_eyes) {transformation: [0f,0f,0f,-0.0156f,0f,0f,0f,1.7729f,0f,0f,0f,0.0653f,0f,0f,0f,1f],start_interpolation: 0,interpolation_duration: 1}
$data merge entity $(bone_head) {transformation: [-1f,0f,0f,0f,0f,0.9336f,-0.3584f,1.3642f,0f,-0.3584f,-0.9336f,-0.0403f,0f,0f,0f,1f],start_interpolation: 0,interpolation_duration: 1}
$data merge entity $(bone_fabric_overray) {transformation: [-1f,0f,0f,0f,0f,0.8145f,0.5802f,1.3642f,0f,0.5802f,-0.8145f,-0.0403f,0f,0f,0f,1f],start_interpolation: 0,interpolation_duration: 1}
$data merge entity $(bone_fabric) {transformation: [-1f,0f,0f,0f,0f,0.8145f,0.5802f,1.3642f,0f,0.5802f,-0.8145f,-0.0403f,0f,0f,0f,1f],start_interpolation: 0,interpolation_duration: 1}
$data merge entity $(bone_bone_overray) {transformation: [-1f,0f,0f,0f,0f,0.8807f,0.4737f,1.3642f,0f,0.4737f,-0.8807f,-0.0403f,0f,0f,0f,1f],start_interpolation: 0,interpolation_duration: 1}
$data merge entity $(bone_bone) {transformation: [-1f,0f,0f,0f,0f,0.8807f,0.4737f,1.3642f,0f,0.4737f,-0.8807f,-0.0403f,0f,0f,0f,1f],start_interpolation: 0,interpolation_duration: 1}
$data merge entity $(bone_left_arm1) {transformation: [-0.9763f,-0.2161f,-0.0142f,0.25f,-0.1877f,0.8771f,-0.4421f,1.3022f,0.108f,-0.429f,-0.8968f,-0.0321f,0f,0f,0f,1f],start_interpolation: 0,interpolation_duration: 1}
$data merge entity $(bone_right_arm1) {transformation: [-0.9763f,0.2161f,0.0142f,-0.25f,0.1877f,0.8771f,-0.4421f,1.3022f,-0.108f,-0.429f,-0.8968f,-0.0321f,0f,0f,0f,1f],start_interpolation: 0,interpolation_duration: 1}
data modify entity @s data merge value {"cameras":{},"locators":{"mouse":{"posx":-1.9537295937247e-17,"posy":1.5412942122152602,"posz":0.1595341281326961,"roty":0,"rotx":-21.002990397805213},"left_arm":{"posx":0.45956154516664116,"posy":0.7109245498097342,"posz":0.2560625915762917,"roty":359.0914858862659,"rotx":-26.239053803221083},"right_arm":{"posx":-0.45956154516664127,"posy":0.7109245498097342,"posz":0.2560625915762916,"roty":0.9085141137341282,"rotx":-26.239053803221083}}}