# This file was generated by Animated Java via MC-Build. It is not recommended to edit this file directly.
$data merge entity $(bone_eyes) {transformation: [0f,0f,0f,-0.0156f,0f,0f,0f,1.769f,0f,0f,0f,0.0793f,0f,0f,0f,1f],start_interpolation: 0,interpolation_duration: 1}
$data merge entity $(bone_head) {transformation: [-1f,0f,0f,0f,0f,0.9453f,-0.3261f,1.3642f,0f,-0.3261f,-0.9453f,-0.0403f,0f,0f,0f,1f],start_interpolation: 0,interpolation_duration: 1}
$data merge entity $(bone_fabric_overray) {transformation: [-1f,0f,0f,0f,0f,0.7524f,0.6587f,1.3642f,0f,0.6587f,-0.7524f,-0.0403f,0f,0f,0f,1f],start_interpolation: 0,interpolation_duration: 1}
$data merge entity $(bone_fabric) {transformation: [-1f,0f,0f,0f,0f,0.7524f,0.6587f,1.3642f,0f,0.6587f,-0.7524f,-0.0403f,0f,0f,0f,1f],start_interpolation: 0,interpolation_duration: 1}
$data merge entity $(bone_bone_overray) {transformation: [-1f,0f,0f,0f,0f,0.8811f,0.4729f,1.3642f,0f,0.4729f,-0.8811f,-0.0403f,0f,0f,0f,1f],start_interpolation: 0,interpolation_duration: 1}
$data merge entity $(bone_bone) {transformation: [-1f,0f,0f,0f,0f,0.8811f,0.4729f,1.3642f,0f,0.4729f,-0.8811f,-0.0403f,0f,0f,0f,1f],start_interpolation: 0,interpolation_duration: 1}
$data merge entity $(bone_left_arm1) {transformation: [-0.9659f,-0.2588f,0f,0.25f,-0.2241f,0.8365f,-0.5f,1.3022f,0.1294f,-0.483f,-0.866f,-0.0321f,0f,0f,0f,1f],start_interpolation: 0,interpolation_duration: 1}
$data merge entity $(bone_right_arm1) {transformation: [-0.9659f,0.2588f,0f,-0.25f,0.2241f,0.8365f,-0.5f,1.3022f,-0.1294f,-0.483f,-0.866f,-0.0321f,0f,0f,0f,1f],start_interpolation: 0,interpolation_duration: 1}
data modify entity @s data merge value {"cameras":{},"locators":{"mouse":{"posx":-2.026931229851905e-17,"posy":1.534313627232933,"posz":0.16551149533589055,"roty":0,"rotx":-19.030787037037037},"left_arm":{"posx":0.4883084576502138,"posy":0.7411073612618747,"posz":0.291852055735927,"roty":359.9999999999558,"rotx":-29.999999999936076},"right_arm":{"posx":-0.4883084576502139,"posy":0.7411073612618747,"posz":0.29185205573592693,"roty":4.425260158313904e-11,"rotx":-29.999999999936076}}}