# This file was generated by Animated Java via MC-Build. It is not recommended to edit this file directly.
$data merge entity $(bone_eyes) {transformation: [0f,0f,0f,-0.0156f,0f,0f,0f,1.764f,0f,0f,0f,0.0951f,0f,0f,0f,1f],start_interpolation: 0,interpolation_duration: 1}
$data merge entity $(bone_head) {transformation: [-1f,0f,0f,0f,0f,0.9574f,-0.2887f,1.3642f,0f,-0.2887f,-0.9574f,-0.0403f,0f,0f,0f,1f],start_interpolation: 0,interpolation_duration: 1}
$data merge entity $(bone_fabric_overray) {transformation: [-1f,0f,0f,0f,0f,0.7373f,0.6756f,1.3642f,0f,0.6756f,-0.7373f,-0.0403f,0f,0f,0f,1f],start_interpolation: 0,interpolation_duration: 1}
$data merge entity $(bone_fabric) {transformation: [-1f,0f,0f,0f,0f,0.7373f,0.6756f,1.3642f,0f,0.6756f,-0.7373f,-0.0403f,0f,0f,0f,1f],start_interpolation: 0,interpolation_duration: 1}
$data merge entity $(bone_bone_overray) {transformation: [-1f,0f,0f,0f,0f,0.8871f,0.4616f,1.3642f,0f,0.4616f,-0.8871f,-0.0403f,0f,0f,0f,1f],start_interpolation: 0,interpolation_duration: 1}
$data merge entity $(bone_bone) {transformation: [-1f,0f,0f,0f,0f,0.8871f,0.4616f,1.3642f,0f,0.4616f,-0.8871f,-0.0403f,0f,0f,0f,1f],start_interpolation: 0,interpolation_duration: 1}
$data merge entity $(bone_left_arm1) {transformation: [-0.9659f,-0.2586f,-0.0113f,0.25f,-0.2241f,0.8575f,-0.463f,1.3022f,0.1294f,-0.4447f,-0.8863f,-0.0321f,0f,0f,0f,1f],start_interpolation: 0,interpolation_duration: 1}
$data merge entity $(bone_right_arm1) {transformation: [-0.9659f,0.2586f,0.0113f,-0.25f,0.2241f,0.8575f,-0.463f,1.3022f,-0.1294f,-0.4447f,-0.8863f,-0.0321f,0f,0f,0f,1f],start_interpolation: 0,interpolation_duration: 1}
data modify entity @s data merge value {"cameras":{},"locators":{"mouse":{"posx":-2.106804274944123e-17,"posy":1.5261029191340725,"posz":0.17203362442223852,"roty":0,"rotx":-16.78046639231824},"left_arm":{"posx":0.4881391000130283,"posy":0.7266605693430411,"posz":0.26556537551295595,"roty":359.27018964460683,"rotx":-27.583175135219054},"right_arm":{"posx":-0.4881391000130284,"posy":0.7266605693430411,"posz":0.26556537551295584,"roty":0.729810355393198,"rotx":-27.583175135219054}}}