# This file was generated by Animated Java via MC-Build. It is not recommended to edit this file directly.
$data merge entity $(bone_eyes) {transformation: [0f,0f,0f,-0.0156f,0f,0f,0f,1.7578f,0f,0f,0f,0.1123f,0f,0f,0f,1f],start_interpolation: 0,interpolation_duration: 1}
$data merge entity $(bone_head) {transformation: [-1f,0f,0f,0f,0f,0.9691f,-0.2468f,1.3642f,0f,-0.2468f,-0.9691f,-0.0403f,0f,0f,0f,1f],start_interpolation: 0,interpolation_duration: 1}
$data merge entity $(bone_fabric_overray) {transformation: [-1f,0f,0f,0f,0f,0.7489f,0.6627f,1.3642f,0f,0.6627f,-0.7489f,-0.0403f,0f,0f,0f,1f],start_interpolation: 0,interpolation_duration: 1}
$data merge entity $(bone_fabric) {transformation: [-1f,0f,0f,0f,0f,0.7489f,0.6627f,1.3642f,0f,0.6627f,-0.7489f,-0.0403f,0f,0f,0f,1f],start_interpolation: 0,interpolation_duration: 1}
$data merge entity $(bone_bone_overray) {transformation: [-1f,0f,0f,0f,0f,0.8968f,0.4424f,1.3642f,0f,0.4424f,-0.8968f,-0.0403f,0f,0f,0f,1f],start_interpolation: 0,interpolation_duration: 1}
$data merge entity $(bone_bone) {transformation: [-1f,0f,0f,0f,0f,0.8968f,0.4424f,1.3642f,0f,0.4424f,-0.8968f,-0.0403f,0f,0f,0f,1f],start_interpolation: 0,interpolation_duration: 1}
$data merge entity $(bone_left_arm1) {transformation: [-0.9659f,-0.2578f,-0.0226f,0.25f,-0.2241f,0.8769f,-0.4252f,1.3022f,0.1294f,-0.4056f,-0.9048f,-0.0321f,0f,0f,0f,1f],start_interpolation: 0,interpolation_duration: 1}
$data merge entity $(bone_right_arm1) {transformation: [-0.9659f,0.2578f,0.0226f,-0.25f,0.2241f,0.8769f,-0.4252f,1.3022f,-0.1294f,-0.4056f,-0.9048f,-0.0321f,0f,0f,0f,1f],start_interpolation: 0,interpolation_duration: 1}
data modify entity @s data merge value {"cameras":{},"locators":{"mouse":{"posx":-2.1905121904001345e-17,"posy":1.516726476312978,"posz":0.17886889443758433,"roty":0,"rotx":-14.29028978052127},"left_arm":{"posx":0.4876313494833999,"posy":0.7133360226896708,"posz":0.2386966821732734,"roty":358.571891072956,"rotx":-25.16269983345724},"right_arm":{"posx":-0.4876313494833999,"posy":0.7133360226896708,"posz":0.23869668217327328,"roty":1.4281089270440361,"rotx":-25.16269983345724}}}