# This file was generated by Animated Java via MC-Build. It is not recommended to edit this file directly.
$data merge entity $(bone_eyes) {transformation: [0f,0f,0f,-0.0156f,0f,0f,0f,1.7502f,0f,0f,0f,0.1306f,0f,0f,0f,1f],start_interpolation: 0,interpolation_duration: 1}
$data merge entity $(bone_head) {transformation: [-1f,0f,0f,0f,0f,0.9796f,-0.2011f,1.3642f,0f,-0.2011f,-0.9796f,-0.0403f,0f,0f,0f,1f],start_interpolation: 0,interpolation_duration: 1}
$data merge entity $(bone_fabric_overray) {transformation: [-1f,0f,0f,0f,0f,0.7698f,0.6382f,1.3642f,0f,0.6382f,-0.7698f,-0.0403f,0f,0f,0f,1f],start_interpolation: 0,interpolation_duration: 1}
$data merge entity $(bone_fabric) {transformation: [-1f,0f,0f,0f,0f,0.7698f,0.6382f,1.3642f,0f,0.6382f,-0.7698f,-0.0403f,0f,0f,0f,1f],start_interpolation: 0,interpolation_duration: 1}
$data merge entity $(bone_bone_overray) {transformation: [-1f,0f,0f,0f,0f,0.9086f,0.4177f,1.3642f,0f,0.4177f,-0.9086f,-0.0403f,0f,0f,0f,1f],start_interpolation: 0,interpolation_duration: 1}
$data merge entity $(bone_bone) {transformation: [-1f,0f,0f,0f,0f,0.9086f,0.4177f,1.3642f,0f,0.4177f,-0.9086f,-0.0403f,0f,0f,0f,1f],start_interpolation: 0,interpolation_duration: 1}
$data merge entity $(bone_left_arm1) {transformation: [-0.9659f,-0.2566f,-0.0338f,0.25f,-0.2241f,0.8946f,-0.3865f,1.3022f,0.1294f,-0.3658f,-0.9217f,-0.0321f,0f,0f,0f,1f],start_interpolation: 0,interpolation_duration: 1}
$data merge entity $(bone_right_arm1) {transformation: [-0.9659f,0.2566f,0.0338f,-0.25f,0.2241f,0.8946f,-0.3865f,1.3022f,-0.1294f,-0.3658f,-0.9217f,-0.0321f,0f,0f,0f,1f],start_interpolation: 0,interpolation_duration: 1}
data modify entity @s data merge value {"cameras":{},"locators":{"mouse":{"posx":-2.2752920174136414e-17,"posy":1.5062674473280224,"posz":0.1857916926739847,"roty":0,"rotx":-11.59851851851851},"left_arm":{"posx":0.48678617259332047,"posy":0.701159085333636,"posz":0.21129712180176813,"roty":357.9008019589219,"rotx":-22.739076922086856},"right_arm":{"posx":-0.4867861725933205,"posy":0.701159085333636,"posz":0.211297121801768,"roty":2.0991980410781252,"rotx":-22.739076922086856}}}