# This file was generated by Animated Java via MC-Build. It is not recommended to edit this file directly.
$data merge entity $(bone_eyes) {transformation: [-1f,0f,0f,-0.0156f,0f,0.983f,-0.1834f,1.7649f,0f,-0.1834f,-0.983f,0.2052f,0f,0f,0f,1f],start_interpolation: 0,interpolation_duration: 1}
$data merge entity $(bone_head) {transformation: [-1f,0f,0f,0f,0f,0.983f,-0.1834f,1.3809f,0f,-0.1834f,-0.983f,0.0213f,0f,0f,0f,1f],start_interpolation: 0,interpolation_duration: 1}
$data merge entity $(bone_fabric_overray) {transformation: [-1f,0f,0f,0f,0f,0.9605f,0.2782f,1.3809f,0f,0.2782f,-0.9605f,0.0213f,0f,0f,0f,1f],start_interpolation: 0,interpolation_duration: 1}
$data merge entity $(bone_fabric) {transformation: [-1f,0f,0f,0f,0f,0.9605f,0.2782f,1.3809f,0f,0.2782f,-0.9605f,0.0213f,0f,0f,0f,1f],start_interpolation: 0,interpolation_duration: 1}
$data merge entity $(bone_bone_overray) {transformation: [-1f,0f,0f,0f,0f,0.9585f,0.2851f,1.3809f,0f,0.2851f,-0.9585f,0.0213f,0f,0f,0f,1f],start_interpolation: 0,interpolation_duration: 1}
$data merge entity $(bone_bone) {transformation: [-1f,0f,0f,0f,0f,0.9585f,0.2851f,1.3809f,0f,0.2851f,-0.9585f,0.0213f,0f,0f,0f,1f],start_interpolation: 0,interpolation_duration: 1}
$data merge entity $(bone_left_arm1) {transformation: [-0.9949f,-0.1009f,0.0047f,0.25f,-0.096f,0.9592f,0.2659f,1.3191f,-0.0313f,0.2641f,-0.964f,0.0118f,0f,0f,0f,1f],start_interpolation: 0,interpolation_duration: 1}
$data merge entity $(bone_right_arm1) {transformation: [-0.9949f,0.1009f,-0.0047f,-0.25f,0.096f,0.9592f,0.2659f,1.3191f,0.0313f,0.2641f,-0.964f,0.0118f,0f,0f,0f,1f],start_interpolation: 0,interpolation_duration: 1}
data modify entity @s data merge value {"cameras":{},"locators":{"mouse":{"posx":-3.059905370628358e-17,"posy":1.5188865618996443,"posz":0.24986023502929858,"roty":0,"rotx":-10.569375},"left_arm":{"posx":0.3815311408067789,"posy":0.6656448346201957,"posz":-0.16782288176247442,"roty":0.2786691279849265,"rotx":15.421170289905977},"right_arm":{"posx":-0.38153114080677886,"posy":0.6656448346201957,"posz":-0.16782288176247454,"roty":359.7213308720151,"rotx":15.421170289905977},"intaract2":{"posx":4.2593742308172575e-18,"posy":1.2,"posz":-0.03478043002915453,"roty":0,"rotx":0},"intaract":{"posx":9.68098766454252e-18,"posy":0.19999999999999996,"posz":-0.07905126336248787,"roty":0,"rotx":0},"shadow":{"posx":9.68098766454252e-18,"posy":0,"posz":-0.07905126336248787,"roty":0,"rotx":0}}}