# This file was generated by Animated Java via MC-Build. It is not recommended to edit this file directly.
$data merge entity $(bone_eyes) {transformation: [-1f,0f,0f,-0.0156f,0f,0.994f,0.1096f,1.6946f,0f,0.1096f,-0.994f,0.2721f,0f,0f,0f,1f],start_interpolation: 0,interpolation_duration: 1}
$data merge entity $(bone_head) {transformation: [-1f,0f,0f,0f,0f,0.994f,0.1096f,1.3805f,0f,0.1096f,-0.994f,-0.0153f,0f,0f,0f,1f],start_interpolation: 0,interpolation_duration: 1}
$data merge entity $(bone_fabric_overray) {transformation: [-1f,0f,0f,0f,0f,0.9905f,0.1378f,1.3805f,0f,0.1378f,-0.9905f,-0.0153f,0f,0f,0f,1f],start_interpolation: 0,interpolation_duration: 1}
$data merge entity $(bone_fabric) {transformation: [-1f,0f,0f,0f,0f,0.9905f,0.1378f,1.3805f,0f,0.1378f,-0.9905f,-0.0153f,0f,0f,0f,1f],start_interpolation: 0,interpolation_duration: 1}
$data merge entity $(bone_bone_overray) {transformation: [-1f,0f,0f,0f,0f,0.9063f,-0.4226f,1.3805f,0f,-0.4226f,-0.9063f,-0.0153f,0f,0f,0f,1f],start_interpolation: 0,interpolation_duration: 1}
$data merge entity $(bone_bone) {transformation: [-1f,0f,0f,0f,0f,0.9063f,-0.4226f,1.3805f,0f,-0.4226f,-0.9063f,-0.0153f,0f,0f,0f,1f],start_interpolation: 0,interpolation_duration: 1}
$data merge entity $(bone_left_arm1) {transformation: [-0.9357f,-0.2828f,-0.2111f,0.25f,-0.3387f,0.5517f,0.7622f,1.3185f,-0.0991f,0.7846f,-0.612f,-0.0235f,0f,0f,0f,1f],start_interpolation: 0,interpolation_duration: 1}
$data merge entity $(bone_right_arm1) {transformation: [-0.9357f,0.2828f,0.2111f,-0.25f,0.3387f,0.5517f,0.7622f,1.3185f,0.0991f,0.7846f,-0.612f,-0.0235f,0f,0f,0f,1f],start_interpolation: 0,interpolation_duration: 1}
data modify entity @s data merge value {"cameras":{},"locators":{"mouse":{"posx":-2.981457867006056e-17,"posy":1.4462615297721748,"posz":0.24345451023771614,"roty":0,"rotx":6.294052478134113},"left_arm":{"posx":0.5028868333712004,"posy":0.9603964226367908,"posz":-0.5567275062075613,"roty":340.969455228324,"rotx":49.65746149476885},"right_arm":{"posx":-0.5028868333712003,"posy":0.9603964226367908,"posz":-0.5567275062075614,"roty":19.030544771675977,"rotx":49.65746149476885},"intaract2":{"posx":2.6060921259712513e-17,"posy":1.2,"posz":-0.21280357142857143,"roty":0,"rotx":0},"intaract":{"posx":3.772422410873492e-17,"posy":0.19999999999999996,"posz":-0.3080416666666666,"roty":0,"rotx":0},"shadow":{"posx":3.772422410873492e-17,"posy":0,"posz":-0.3080416666666666,"roty":0,"rotx":0}}}