# This file was generated by Animated Java via MC-Build. It is not recommended to edit this file directly.
$data merge entity $(bone_eyes) {transformation: [-1f,0f,0f,-0.0156f,0f,0.9731f,0.2304f,1.6571f,0f,0.2304f,-0.9731f,0.365f,0f,0f,0f,1f],start_interpolation: 0,interpolation_duration: 1}
$data merge entity $(bone_head) {transformation: [-1f,0f,0f,0f,0f,0.9731f,0.2304f,1.3805f,0f,0.2304f,-0.9731f,0.0413f,0f,0f,0f,1f],start_interpolation: 0,interpolation_duration: 1}
$data merge entity $(bone_fabric_overray) {transformation: [-1f,0f,0f,0f,0f,0.9954f,-0.0962f,1.3805f,0f,-0.0962f,-0.9954f,0.0413f,0f,0f,0f,1f],start_interpolation: 0,interpolation_duration: 1}
$data merge entity $(bone_fabric) {transformation: [-1f,0f,0f,0f,0f,0.9954f,-0.0962f,1.3805f,0f,-0.0962f,-0.9954f,0.0413f,0f,0f,0f,1f],start_interpolation: 0,interpolation_duration: 1}
$data merge entity $(bone_bone_overray) {transformation: [-1f,0f,0f,0f,0f,0.9099f,-0.4147f,1.3805f,0f,-0.4147f,-0.9099f,0.0413f,0f,0f,0f,1f],start_interpolation: 0,interpolation_duration: 1}
$data merge entity $(bone_bone) {transformation: [-1f,0f,0f,0f,0f,0.9099f,-0.4147f,1.3805f,0f,-0.4147f,-0.9099f,0.0413f,0f,0f,0f,1f],start_interpolation: 0,interpolation_duration: 1}
$data merge entity $(bone_left_arm1) {transformation: [-0.9379f,-0.2741f,-0.2126f,0.25f,-0.3328f,0.5382f,0.7743f,1.3185f,-0.0978f,0.797f,-0.596f,0.0332f,0f,0f,0f,1f],start_interpolation: 0,interpolation_duration: 1}
$data merge entity $(bone_right_arm1) {transformation: [-0.9379f,0.2741f,0.2126f,-0.25f,0.3328f,0.5382f,0.7743f,1.3185f,0.0978f,0.797f,-0.596f,0.0332f,0f,0f,0f,1f],start_interpolation: 0,interpolation_duration: 1}
data modify entity @s data merge value {"cameras":{},"locators":{"mouse":{"posx":-3.7498355028625377e-17,"posy":1.4141186739562424,"posz":0.3061973056617891,"roty":0,"rotx":13.319212827988343},"left_arm":{"posx":0.49705275460144854,"posy":0.9693039625870037,"posz":-0.5086605017053335,"roty":340.3685475011349,"rotx":50.744226393200414},"right_arm":{"posx":-0.4970527546014484,"posy":0.9693039625870037,"posz":-0.5086605017053337,"roty":19.63145249886506,"rotx":50.744226393200414},"intaract2":{"posx":1.9121985020972234e-17,"posy":1.2,"posz":-0.15614285714285708,"roty":0,"rotx":0},"intaract":{"posx":2.7687223050723064e-17,"posy":0.19999999999999996,"posz":-0.22608333333333322,"roty":0,"rotx":0},"shadow":{"posx":2.7687223050723064e-17,"posy":0,"posz":-0.22608333333333322,"roty":0,"rotx":0}}}