# This file was generated by Animated Java via MC-Build. It is not recommended to edit this file directly.
$data merge entity $(bone_eyes) {transformation: [-1f,0f,0f,-0.0156f,0f,0.9006f,0.4347f,1.5809f,0f,0.4347f,-0.9006f,0.417f,0f,0f,0f,1f],start_interpolation: 0,interpolation_duration: 1}
$data merge entity $(bone_head) {transformation: [-1f,0f,0f,0f,0f,0.9006f,0.4347f,1.3805f,0f,0.4347f,-0.9006f,0.0413f,0f,0f,0f,1f],start_interpolation: 0,interpolation_duration: 1}
$data merge entity $(bone_fabric_overray) {transformation: [-1f,0f,0f,0f,0f,0.9239f,-0.3827f,1.3805f,0f,-0.3827f,-0.9239f,0.0413f,0f,0f,0f,1f],start_interpolation: 0,interpolation_duration: 1}
$data merge entity $(bone_fabric) {transformation: [-1f,0f,0f,0f,0f,0.9239f,-0.3827f,1.3805f,0f,-0.3827f,-0.9239f,0.0413f,0f,0f,0f,1f],start_interpolation: 0,interpolation_duration: 1}
$data merge entity $(bone_bone_overray) {transformation: [-1f,0f,0f,0f,0f,0.9482f,-0.3176f,1.3805f,0f,-0.3176f,-0.9482f,0.0413f,0f,0f,0f,1f],start_interpolation: 0,interpolation_duration: 1}
$data merge entity $(bone_bone) {transformation: [-1f,0f,0f,0f,0f,0.9482f,-0.3176f,1.3805f,0f,-0.3176f,-0.9482f,0.0413f,0f,0f,0f,1f],start_interpolation: 0,interpolation_duration: 1}
$data merge entity $(bone_left_arm1) {transformation: [-0.9423f,-0.2712f,-0.1961f,0.25f,-0.3201f,0.5592f,0.7648f,1.3185f,-0.0978f,0.7834f,-0.6138f,0.0332f,0f,0f,0f,1f],start_interpolation: 0,interpolation_duration: 1}
$data merge entity $(bone_right_arm1) {transformation: [-0.9423f,0.2712f,0.1961f,-0.25f,0.3201f,0.5592f,0.7648f,1.3185f,0.0978f,0.7834f,-0.6138f,0.0332f,0f,0f,0f,1f],start_interpolation: 0,interpolation_duration: 1}
data modify entity @s data merge value {"cameras":{},"locators":{"mouse":{"posx":-3.762384361787862e-17,"posy":1.3562483364045714,"posz":0.3072219977553839,"roty":0,"rotx":25.76405247813412},"left_arm":{"posx":0.4953572477653144,"posy":0.9540627238599474,"posz":-0.499312740475733,"roty":342.28509537620425,"rotx":49.884778632612594},"right_arm":{"posx":-0.49535724776531426,"posy":0.9540627238599474,"posz":-0.49931274047573304,"roty":17.714904623795775,"rotx":49.884778632612615},"intaract2":{"posx":4.233778934195134e-18,"posy":1.2,"posz":-0.03457142857142856,"roty":0,"rotx":0},"intaract":{"posx":1.2981256070961943e-17,"posy":0.19999999999999996,"posz":-0.10599999999999998,"roty":0,"rotx":0},"shadow":{"posx":1.2981256070961943e-17,"posy":0,"posz":-0.10599999999999998,"roty":0,"rotx":0}}}