# This file was generated by Animated Java via MC-Build. It is not recommended to edit this file directly.
$data merge entity $(bone_eyes) {transformation: [-1f,0f,0f,-0.0156f,0f,0.866f,0.5f,1.5526f,0f,0.5f,-0.866f,0.4308f,0f,0f,0f,1f],start_interpolation: 0,interpolation_duration: 1}
$data merge entity $(bone_head) {transformation: [-1f,0f,0f,0f,0f,0.866f,0.5f,1.3805f,0f,0.5f,-0.866f,0.0413f,0f,0f,0f,1f],start_interpolation: 0,interpolation_duration: 1}
$data merge entity $(bone_fabric_overray) {transformation: [-1f,0f,0f,0f,0f,0.9267f,-0.3758f,1.3805f,0f,-0.3758f,-0.9267f,0.0413f,0f,0f,0f,1f],start_interpolation: 0,interpolation_duration: 1}
$data merge entity $(bone_fabric) {transformation: [-1f,0f,0f,0f,0f,0.9267f,-0.3758f,1.3805f,0f,-0.3758f,-0.9267f,0.0413f,0f,0f,0f,1f],start_interpolation: 0,interpolation_duration: 1}
$data merge entity $(bone_bone_overray) {transformation: [-1f,0f,0f,0f,0f,0.9706f,-0.2405f,1.3805f,0f,-0.2405f,-0.9706f,0.0413f,0f,0f,0f,1f],start_interpolation: 0,interpolation_duration: 1}
$data merge entity $(bone_bone) {transformation: [-1f,0f,0f,0f,0f,0.9706f,-0.2405f,1.3805f,0f,-0.2405f,-0.9706f,0.0413f,0f,0f,0f,1f],start_interpolation: 0,interpolation_duration: 1}
$data merge entity $(bone_left_arm1) {transformation: [-0.9449f,-0.2796f,-0.1703f,0.25f,-0.3117f,0.6093f,0.7291f,1.3185f,-0.1001f,0.742f,-0.6629f,0.0332f,0f,0f,0f,1f],start_interpolation: 0,interpolation_duration: 1}
$data merge entity $(bone_right_arm1) {transformation: [-0.9449f,0.2796f,0.1703f,-0.25f,0.3117f,0.6093f,0.7291f,1.3185f,0.1001f,0.742f,-0.6629f,0.0332f,0f,0f,0f,1f],start_interpolation: 0,interpolation_duration: 1}
data modify entity @s data merge value {"cameras":{},"locators":{"mouse":{"posx":-3.731565934331787e-17,"posy":1.3366742877978601,"posz":0.3047054821790126,"roty":0,"rotx":30},"left_arm":{"posx":0.5012552993890329,"posy":0.9190931186658504,"posz":-0.47071088175614245,"roty":345.5922461220513,"rotx":46.81121520780497},"right_arm":{"posx":-0.5012552993890328,"posy":0.9190931186658504,"posz":-0.4707108817561425,"roty":14.407753877948693,"rotx":46.81121520780497},"intaract2":{"posx":-3.1643998542253917e-18,"posy":1.2,"posz":0.025839285714285704,"roty":0,"rotx":0},"intaract":{"posx":8.863381208828968e-18,"posy":0.19999999999999996,"posz":-0.072375,"roty":0,"rotx":0},"shadow":{"posx":8.863381208828968e-18,"posy":0,"posz":-0.072375,"roty":0,"rotx":0}}}