# This file was generated by Animated Java via MC-Build. It is not recommended to edit this file directly.
$data merge entity $(bone_eyes) {transformation: [-1f,0f,0f,-0.0156f,0f,0.8204f,0.5717f,1.5189f,0f,0.5717f,-0.8204f,0.444f,0f,0f,0f,1f],start_interpolation: 0,interpolation_duration: 1}
$data merge entity $(bone_head) {transformation: [-1f,0f,0f,0f,0f,0.8204f,0.5717f,1.3805f,0f,0.5717f,-0.8204f,0.0413f,0f,0f,0f,1f],start_interpolation: 0,interpolation_duration: 1}
$data merge entity $(bone_fabric_overray) {transformation: [-1f,0f,0f,0f,0f,0.9914f,0.1305f,1.3805f,0f,0.1305f,-0.9914f,0.0413f,0f,0f,0f,1f],start_interpolation: 0,interpolation_duration: 1}
$data merge entity $(bone_fabric) {transformation: [-1f,0f,0f,0f,0f,0.9914f,0.1305f,1.3805f,0f,0.1305f,-0.9914f,0.0413f,0f,0f,0f,1f],start_interpolation: 0,interpolation_duration: 1}
$data merge entity $(bone_bone_overray) {transformation: [-1f,0f,0f,0f,0f,0.9914f,0.1305f,1.3805f,0f,0.1305f,-0.9914f,0.0413f,0f,0f,0f,1f],start_interpolation: 0,interpolation_duration: 1}
$data merge entity $(bone_bone) {transformation: [-1f,0f,0f,0f,0f,0.9914f,0.1305f,1.3805f,0f,0.1305f,-0.9914f,0.0413f,0f,0f,0f,1f],start_interpolation: 0,interpolation_duration: 1}
$data merge entity $(bone_left_arm1) {transformation: [-0.963f,-0.2562f,0.0837f,0.25f,-0.2402f,0.9568f,0.164f,1.2958f,-0.1221f,0.1379f,-0.9829f,0.0302f,0f,0f,0f,1f],start_interpolation: 0,interpolation_duration: 1}
$data merge entity $(bone_right_arm1) {transformation: [-0.963f,0.2562f,-0.0837f,-0.25f,0.2402f,0.9568f,0.164f,1.2958f,0.1221f,0.1379f,-0.9829f,0.0302f,0f,0f,0f,1f],start_interpolation: 0,interpolation_duration: 1}
data modify entity @s data merge value {"cameras":{},"locators":{"mouse":{"posx":-3.674353692056359e-17,"posy":1.3144662521906108,"posz":0.3000337480663475,"roty":0,"rotx":34.87141203703703},"left_arm":{"posx":0.486300166999036,"posy":0.6530908385777967,"posz":-0.05696733623197239,"roty":4.8661921603824965,"rotx":9.44097184377169},"right_arm":{"posx":-0.486300166999036,"posy":0.6530908385777967,"posz":-0.0569673362319725,"roty":355.1338078396175,"rotx":9.44097184377169},"intaract2":{"posx":-3.0616169978683855e-18,"posy":1.2,"posz":0.025000000000000022,"roty":0,"rotx":0}}}