# This file was generated by Animated Java via MC-Build. It is not recommended to edit this file directly.
$data merge entity $(bone_eyes) {transformation: [-1f,0f,0f,-0.0156f,0f,0.8192f,0.5736f,1.518f,0f,0.5736f,-0.8192f,0.4443f,0f,0f,0f,1f],start_interpolation: 0,interpolation_duration: 1}
$data merge entity $(bone_head) {transformation: [-1f,0f,0f,0f,0f,0.8192f,0.5736f,1.3805f,0f,0.5736f,-0.8192f,0.0413f,0f,0f,0f,1f],start_interpolation: 0,interpolation_duration: 1}
$data merge entity $(bone_fabric_overray) {transformation: [-1f,0f,0f,0f,0f,0.9765f,0.2154f,1.3805f,0f,0.2154f,-0.9765f,0.0413f,0f,0f,0f,1f],start_interpolation: 0,interpolation_duration: 1}
$data merge entity $(bone_fabric) {transformation: [-1f,0f,0f,0f,0f,0.9765f,0.2154f,1.3805f,0f,0.2154f,-0.9765f,0.0413f,0f,0f,0f,1f],start_interpolation: 0,interpolation_duration: 1}
$data merge entity $(bone_left_arm1) {transformation: [-0.9666f,-0.2264f,0.1201f,0.25f,-0.2242f,0.974f,0.0317f,1.2855f,-0.1241f,0.0037f,-0.9923f,0.0288f,0f,0f,0f,1f],start_interpolation: 0,interpolation_duration: 1}
$data merge entity $(bone_right_arm1) {transformation: [-0.9666f,0.2264f,-0.1201f,-0.25f,0.2242f,0.974f,0.0317f,1.2855f,0.1241f,0.0037f,-0.9923f,0.0288f,0f,0f,0f,1f],start_interpolation: 0,interpolation_duration: 1}
data modify entity @s data merge value {"cameras":{},"locators":{"mouse":{"posx":-3.672531235718935e-17,"posy":1.3138858012574004,"posz":0.2998849332130615,"roty":0,"rotx":35.00000000000001},"left_arm":{"posx":0.46604070280782695,"posy":0.6298251107335118,"posz":0.034041552319895946,"roty":6.8999963927336125,"rotx":1.8140431957803114},"right_arm":{"posx":-0.46604070280782695,"posy":0.6298251107335118,"posz":0.034041552319895835,"roty":353.10000360726644,"rotx":1.8140431957803116},"intaract2":{"posx":0,"posy":1.2,"posz":0,"roty":0,"rotx":0}}}