# This file was generated by Animated Java via MC-Build. It is not recommended to edit this file directly.
$data merge entity $(bone_eyes) {transformation: [-1f,0f,0f,-0.0156f,0f,0.8117f,0.5841f,1.5127f,0f,0.5841f,-0.8117f,0.446f,0f,0f,0f,1f],start_interpolation: 0,interpolation_duration: 1}
$data merge entity $(bone_head) {transformation: [-1f,0f,0f,0f,0f,0.8117f,0.5841f,1.3805f,0f,0.5841f,-0.8117f,0.0413f,0f,0f,0f,1f],start_interpolation: 0,interpolation_duration: 1}
$data merge entity $(bone_fabric_overray) {transformation: [-1f,0f,0f,0f,0f,0.9453f,0.3263f,1.3805f,0f,0.3263f,-0.9453f,0.0413f,0f,0f,0f,1f],start_interpolation: 0,interpolation_duration: 1}
$data merge entity $(bone_fabric) {transformation: [-1f,0f,0f,0f,0f,0.9453f,0.3263f,1.3805f,0f,0.3263f,-0.9453f,0.0413f,0f,0f,0f,1f],start_interpolation: 0,interpolation_duration: 1}
$data merge entity $(bone_left_arm1) {transformation: [-0.9733f,-0.1736f,0.15f,0.25f,-0.1951f,0.9703f,-0.1429f,1.2625f,-0.1208f,-0.1684f,-0.9783f,0.0258f,0f,0f,0f,1f],start_interpolation: 0,interpolation_duration: 1}
$data merge entity $(bone_right_arm1) {transformation: [-0.9733f,0.1736f,-0.15f,-0.25f,0.1951f,0.9703f,-0.1429f,1.2625f,0.1208f,-0.1684f,-0.9783f,0.0258f,0f,0f,0f,1f],start_interpolation: 0,interpolation_duration: 1}
data modify entity @s data merge value {"cameras":{},"locators":{"mouse":{"posx":-3.6617225638087576e-17,"posy":1.3105486916528768,"posz":0.2990023381727851,"roty":0,"rotx":35.74074074074074},"left_arm":{"posx":0.4301679470120345,"posy":0.6076008945588509,"posz":0.14909102784507167,"roty":8.719591820610106,"rotx":-8.216090416491339},"right_arm":{"posx":-0.4301679470120345,"posy":0.6076008945588509,"posz":0.14909102784507158,"roty":351.2804081793899,"rotx":-8.216090416491337}}}