# This file was generated by Animated Java via MC-Build. It is not recommended to edit this file directly.
$data merge entity $(bone_eyes) {transformation: [-1f,0f,0f,-0.0156f,0f,0.8192f,0.5736f,1.518f,0f,0.5736f,-0.8192f,0.4443f,0f,0f,0f,1f],start_interpolation: 0,interpolation_duration: 1}
$data merge entity $(bone_head) {transformation: [-1f,0f,0f,0f,0f,0.8192f,0.5736f,1.3805f,0f,0.5736f,-0.8192f,0.0413f,0f,0f,0f,1f],start_interpolation: 0,interpolation_duration: 1}
$data merge entity $(bone_fabric_overray) {transformation: [-1f,0f,0f,0f,0f,0.9397f,0.342f,1.3805f,0f,0.342f,-0.9397f,0.0413f,0f,0f,0f,1f],start_interpolation: 0,interpolation_duration: 1}
$data merge entity $(bone_fabric) {transformation: [-1f,0f,0f,0f,0f,0.9397f,0.342f,1.3805f,0f,0.342f,-0.9397f,0.0413f,0f,0f,0f,1f],start_interpolation: 0,interpolation_duration: 1}
$data merge entity $(bone_left_arm1) {transformation: [-0.978f,-0.153f,0.142f,0.25f,-0.1768f,0.9689f,-0.1734f,1.2506f,-0.111f,-0.1946f,-0.9746f,0.0242f,0f,0f,0f,1f],start_interpolation: 0,interpolation_duration: 1}
$data merge entity $(bone_right_arm1) {transformation: [-0.978f,0.153f,-0.142f,-0.25f,0.1768f,0.9689f,-0.1734f,1.2506f,0.111f,-0.1946f,-0.9746f,0.0242f,0f,0f,0f,1f],start_interpolation: 0,interpolation_duration: 1}
data modify entity @s data merge value {"cameras":{},"locators":{"mouse":{"posx":-3.672531235718935e-17,"posy":1.3138858012574004,"posz":0.2998849332130615,"roty":0,"rotx":35.00000000000001},"left_arm":{"posx":0.41631986743977417,"posy":0.5955545494902236,"posz":0.16498065887978744,"roty":8.289201061856176,"rotx":-9.983403665915736},"right_arm":{"posx":-0.41631986743977417,"posy":0.5955545494902236,"posz":0.16498065887978733,"roty":351.71079893814385,"rotx":-9.983403665915732}}}