# This file was generated by Animated Java via MC-Build. It is not recommended to edit this file directly.
$data merge entity $(bone_eyes) {transformation: [-1f,0.0018f,-0.0053f,-0.0137f,-0.0015f,0.8285f,0.5599f,1.5246f,0.0054f,0.5599f,-0.8285f,0.4421f,0f,0f,0f,1f],start_interpolation: 0,interpolation_duration: 1}
$data merge entity $(bone_head) {transformation: [-1f,0.0018f,-0.0053f,0f,-0.0015f,0.8285f,0.5599f,1.3805f,0.0054f,0.5599f,-0.8285f,0.0413f,0f,0f,0f,1f],start_interpolation: 0,interpolation_duration: 1}
$data merge entity $(bone_fabric_overray) {transformation: [-1f,0f,0f,0f,0f,0.9492f,0.3147f,1.3805f,0f,0.3147f,-0.9492f,0.0413f,0f,0f,0f,1f],start_interpolation: 0,interpolation_duration: 1}
$data merge entity $(bone_fabric) {transformation: [-1f,0f,0f,0f,0f,0.9492f,0.3147f,1.3805f,0f,0.3147f,-0.9492f,0.0413f,0f,0f,0f,1f],start_interpolation: 0,interpolation_duration: 1}
$data merge entity $(bone_left_arm1) {transformation: [-0.9831f,-0.138f,0.1204f,0.25f,-0.1562f,0.975f,-0.1583f,1.2389f,-0.0956f,-0.1744f,-0.98f,0.0227f,0f,0f,0f,1f],start_interpolation: 0,interpolation_duration: 1}
$data merge entity $(bone_right_arm1) {transformation: [-0.9831f,0.138f,-0.1204f,-0.25f,0.1562f,0.975f,-0.1583f,1.2389f,0.0956f,-0.1744f,-0.98f,0.0227f,0f,0f,0f,1f],start_interpolation: 0,interpolation_duration: 1}
data modify entity @s data merge value {"cameras":{},"locators":{"mouse":{"posx":0.0014910065330625076,"posy":1.3181726535655067,"posz":0.3009470980212821,"roty":359.63411021605464,"rotx":34.05200444275655},"left_arm":{"posx":0.40630692727454065,"posy":0.5783482042134297,"posz":0.14854585542498555,"roty":7.00570895666948,"rotx":-9.105336126685362},"right_arm":{"posx":-0.40630692727454065,"posy":0.5783482042134297,"posz":0.14854585542498544,"roty":352.9942910433305,"rotx":-9.105336126685362}}}