# This file was generated by Animated Java via MC-Build. It is not recommended to edit this file directly.
$data merge entity $(bone_eyes) {transformation: [-0.9999f,0.005f,-0.016f,-0.0099f,-0.0044f,0.841f,0.541f,1.5336f,0.0162f,0.541f,-0.8409f,0.4388f,0f,0f,0f,1f],start_interpolation: 0,interpolation_duration: 1}
$data merge entity $(bone_head) {transformation: [-0.9999f,0.005f,-0.016f,0f,-0.0044f,0.841f,0.541f,1.3805f,0.0162f,0.541f,-0.8409f,0.0413f,0f,0f,0f,1f],start_interpolation: 0,interpolation_duration: 1}
$data merge entity $(bone_fabric_overray) {transformation: [-1f,0f,0f,0f,0f,0.968f,0.2509f,1.3805f,0f,0.2509f,-0.968f,0.0413f,0f,0f,0f,1f],start_interpolation: 0,interpolation_duration: 1}
$data merge entity $(bone_fabric) {transformation: [-1f,0f,0f,0f,0f,0.968f,0.2509f,1.3805f,0f,0.2509f,-0.968f,0.0413f,0f,0f,0f,1f],start_interpolation: 0,interpolation_duration: 1}
$data merge entity $(bone_left_arm1) {transformation: [-0.9878f,-0.1255f,0.0919f,0.25f,-0.1353f,0.9846f,-0.1103f,1.2276f,-0.0766f,-0.1214f,-0.9896f,0.0212f,0f,0f,0f,1f],start_interpolation: 0,interpolation_duration: 1}
$data merge entity $(bone_right_arm1) {transformation: [-0.9878f,0.1255f,-0.0919f,-0.25f,0.1353f,0.9846f,-0.1103f,1.2276f,0.0766f,-0.1214f,-0.9896f,0.0212f,0f,0f,0f,1f],start_interpolation: 0,interpolation_duration: 1}
data modify entity @s data merge value {"cameras":{},"locators":{"mouse":{"posx":0.004468478466397394,"posy":1.3240702991534048,"posz":0.30225811469828573,"roty":358.91058229710325,"rotx":32.753689395280134},"left_arm":{"posx":0.39798800870511186,"posy":0.5591575332543017,"posz":0.10945002557465708,"roty":5.304750631754814,"rotx":-6.3326970964585},"right_arm":{"posx":-0.39798800870511186,"posy":0.5591575332543017,"posz":0.10945002557465697,"roty":354.69524936824524,"rotx":-6.3326970964585}}}