# This file was generated by Animated Java via MC-Build. It is not recommended to edit this file directly.
$data merge entity $(bone_eyes) {transformation: [-0.9997f,0.0069f,-0.0242f,-0.0072f,-0.0066f,0.8555f,0.5177f,1.5444f,0.0242f,0.5177f,-0.8552f,0.4345f,0f,0f,0f,1f],start_interpolation: 0,interpolation_duration: 1}
$data merge entity $(bone_head) {transformation: [-0.9997f,0.0069f,-0.0242f,0f,-0.0066f,0.8555f,0.5177f,1.3805f,0.0242f,0.5177f,-0.8552f,0.0413f,0f,0f,0f,1f],start_interpolation: 0,interpolation_duration: 1}
$data merge entity $(bone_fabric_overray) {transformation: [-1f,0f,0f,0f,0f,0.9838f,0.1794f,1.3805f,0f,0.1794f,-0.9838f,0.0413f,0f,0f,0f,1f],start_interpolation: 0,interpolation_duration: 1}
$data merge entity $(bone_fabric) {transformation: [-1f,0f,0f,0f,0f,0.9838f,0.1794f,1.3805f,0f,0.1794f,-0.9838f,0.0413f,0f,0f,0f,1f],start_interpolation: 0,interpolation_duration: 1}
$data merge entity $(bone_left_arm1) {transformation: [-0.9917f,-0.1131f,0.0618f,0.25f,-0.1159f,0.9923f,-0.0428f,1.2173f,-0.0565f,-0.0496f,-0.9972f,0.0198f,0f,0f,0f,1f],start_interpolation: 0,interpolation_duration: 1}
$data merge entity $(bone_right_arm1) {transformation: [-0.9917f,0.1131f,-0.0618f,-0.25f,0.1159f,0.9923f,-0.0428f,1.2173f,0.0565f,-0.0496f,-0.9972f,0.0198f,0f,0f,0f,1f],start_interpolation: 0,interpolation_duration: 1}
data modify entity @s data merge value {"cameras":{},"locators":{"mouse":{"posx":0.006689798739689646,"posy":1.3312665755111357,"posz":0.3036634424994133,"roty":358.3804194344501,"rotx":31.177961456916766},"left_arm":{"posx":0.38976656962261935,"posy":0.5422741635646929,"posz":0.05745616587540702,"roty":3.5457778970422282,"rotx":-2.4520060104339105},"right_arm":{"posx":-0.3897665696226194,"posy":0.5422741635646929,"posz":0.05745616587540694,"roty":356.4542221029578,"rotx":-2.4520060104339105}}}