# This file was generated by Animated Java via MC-Build. It is not recommended to edit this file directly.
$data merge entity $(bone_eyes) {transformation: [-1f,0f,0f,-0.0156f,0f,0.887f,0.4617f,1.5694f,0f,0.4617f,-0.887f,0.4229f,0f,0f,0f,1f],start_interpolation: 0,interpolation_duration: 1}
$data merge entity $(bone_head) {transformation: [-1f,0f,0f,0f,0f,0.887f,0.4617f,1.3805f,0f,0.4617f,-0.887f,0.0413f,0f,0f,0f,1f],start_interpolation: 0,interpolation_duration: 1}
$data merge entity $(bone_left_arm1) {transformation: [-0.9958f,-0.0911f,0.0132f,0.25f,-0.0895f,0.9917f,0.0927f,1.2004f,-0.0216f,0.0911f,-0.9956f,0.0176f,0f,0f,0f,1f],start_interpolation: 0,interpolation_duration: 1}
$data merge entity $(bone_right_arm1) {transformation: [-0.9958f,0.0911f,-0.0132f,-0.25f,0.0895f,0.9917f,0.0927f,1.2004f,0.0216f,0.0911f,-0.9956f,0.0176f,0f,0f,0f,1f],start_interpolation: 0,interpolation_duration: 1}
data modify entity @s data merge value {"cameras":{},"locators":{"mouse":{"posx":-3.751898620704488e-17,"posy":1.3482045184947689,"posz":0.30636577201824283,"roty":0,"rotx":27.499999999999996},"left_arm":{"posx":0.3748374386977422,"posy":0.5242163105805308,"posz":-0.043667512006295255,"roty":0.761613439614166,"rotx":5.31758493817346},"right_arm":{"posx":-0.3748374386977422,"posy":0.5242163105805308,"posz":-0.04366751200629533,"roty":359.23838656038583,"rotx":5.317584938173459}}}