# This file was generated by Animated Java via MC-Build. It is not recommended to edit this file directly.
$data merge entity $(bone_eyes) {transformation: [-1f,0f,0f,-0.0156f,0f,0.9373f,-0.3484f,1.7902f,0f,-0.3484f,-0.9373f,0.0412f,0f,0f,0f,1f],start_interpolation: 0,interpolation_duration: 1}
$data merge entity $(bone_head) {transformation: [-1f,0f,0f,0f,0f,0.9373f,-0.3484f,1.3805f,0f,-0.3484f,-0.9373f,-0.0746f,0f,0f,0f,1f],start_interpolation: 0,interpolation_duration: 1}
$data merge entity $(bone_fabric_overray) {transformation: [-1f,0f,0f,0f,0f,0.8062f,0.5916f,1.3805f,0f,0.5916f,-0.8062f,-0.0746f,0f,0f,0f,1f],start_interpolation: 0,interpolation_duration: 1}
$data merge entity $(bone_fabric) {transformation: [-1f,0f,0f,0f,0f,0.8062f,0.5916f,1.3805f,0f,0.5916f,-0.8062f,-0.0746f,0f,0f,0f,1f],start_interpolation: 0,interpolation_duration: 1}
$data merge entity $(bone_bone_overray) {transformation: [-1f,0f,0f,0f,0f,0.9156f,0.402f,1.3805f,0f,0.402f,-0.9156f,-0.0746f,0f,0f,0f,1f],start_interpolation: 0,interpolation_duration: 1}
$data merge entity $(bone_bone) {transformation: [-1f,0f,0f,0f,0f,0.9156f,0.402f,1.3805f,0f,0.402f,-0.9156f,-0.0746f,0f,0f,0f,1f],start_interpolation: 0,interpolation_duration: 1}
$data merge entity $(bone_left_arm1) {transformation: [-0.9423f,-0.3219f,-0.0915f,0.25f,-0.3201f,0.787f,0.5274f,1.3185f,-0.0978f,0.5262f,-0.8447f,-0.0827f,0f,0f,0f,1f],start_interpolation: 0,interpolation_duration: 1}
$data merge entity $(bone_right_arm1) {transformation: [-0.9423f,0.3219f,0.0915f,-0.25f,0.3201f,0.787f,0.5274f,1.3185f,0.0978f,0.5262f,-0.8447f,-0.0827f,0f,0f,0f,1f],start_interpolation: 0,interpolation_duration: 1}
data modify entity @s data merge value {"cameras":{},"locators":{"mouse":{"posx":-1.556633785983005e-17,"posy":1.5554607191949341,"posz":0.12710879472079573,"roty":0,"rotx":-20.389520000000005},"left_arm":{"posx":0.5302127304907794,"posy":0.7974259998896535,"posz":-0.43839881011574044,"roty":353.8195992069799,"rotx":31.82776416121384},"right_arm":{"posx":-0.5302127304907793,"posy":0.7974259998896535,"posz":-0.43839881011574067,"roty":6.180400793020169,"rotx":31.82776416121385},"intaract2":{"posx":1.7062601290051843e-17,"posy":1.2,"posz":-0.13932671282798836,"roty":0,"rotx":0},"intaract":{"posx":3.332744159122763e-17,"posy":0.19999999999999996,"posz":-0.27213921282798836,"roty":0,"rotx":0},"shadow":{"posx":3.332744159122763e-17,"posy":0,"posz":-0.27213921282798836,"roty":0,"rotx":0}}}