# This file was generated by Animated Java via MC-Build. It is not recommended to edit this file directly.
$data merge entity $(bone_eyes) {transformation: [-0.9763f,-0.0213f,0.2154f,-0.0767f,0.0567f,0.9352f,0.3495f,1.615f,-0.2089f,0.3534f,-0.9118f,0.3886f,0f,0f,0f,1f],start_interpolation: 0,interpolation_duration: 1}
$data merge entity $(bone_head) {transformation: [-0.9763f,-0.0213f,0.2154f,0f,0.0567f,0.9352f,0.3495f,1.3805f,-0.2089f,0.3534f,-0.9118f,0.0413f,0f,0f,0f,1f],start_interpolation: 0,interpolation_duration: 1}
$data merge entity $(bone_left_arm1) {transformation: [-0.9954f,-0.0954f,-0.0064f,0.25f,-0.0953f,0.9848f,0.1455f,1.183f,-0.0075f,0.1455f,-0.9893f,0.0153f,0f,0f,0f,1f],start_interpolation: 0,interpolation_duration: 1}
$data merge entity $(bone_right_arm1) {transformation: [-0.9954f,0.0954f,0.0064f,-0.25f,0.0953f,0.9848f,0.1455f,1.183f,0.0075f,0.1455f,-0.9893f,0.0153f,0f,0f,0f,1f],start_interpolation: 0,interpolation_duration: 1}
data modify entity @s data merge value {"cameras":{},"locators":{"mouse":{"posx":-0.05585535898449243,"posy":1.380790645532939,"posz":0.30241635170333403,"roty":13.29344164577094,"rotx":20.455745803816693},"left_arm":{"posx":0.37779161799192623,"posy":0.5119101666207965,"posz":-0.0842306384128708,"roty":359.627508472736,"rotx":8.368672271555566},"right_arm":{"posx":-0.37779161799192623,"posy":0.5119101666207965,"posz":-0.08423063841287089,"roty":0.37249152726400325,"rotx":8.368672271555564}}}