# This file was generated by Animated Java via MC-Build. It is not recommended to edit this file directly.
$data merge entity $(bone_eyes) {transformation: [-0.9469f,-0.0128f,0.3212f,-0.0999f,0.0834f,0.9552f,0.284f,1.6388f,-0.3104f,0.2957f,-0.9034f,0.3651f,0f,0f,0f,1f],start_interpolation: 0,interpolation_duration: 1}
$data merge entity $(bone_head) {transformation: [-0.9469f,-0.0128f,0.3212f,0f,0.0834f,0.9552f,0.284f,1.3805f,-0.3104f,0.2957f,-0.9034f,0.0413f,0f,0f,0f,1f],start_interpolation: 0,interpolation_duration: 1}
$data merge entity $(bone_left_arm1) {transformation: [-0.9932f,-0.1158f,-0.0094f,0.25f,-0.1159f,0.9817f,0.1512f,1.1791f,-0.0083f,0.1512f,-0.9885f,0.0148f,0f,0f,0f,1f],start_interpolation: 0,interpolation_duration: 1}
$data merge entity $(bone_right_arm1) {transformation: [-0.9932f,0.1158f,0.0094f,-0.25f,0.1159f,0.9817f,0.1512f,1.1791f,0.0083f,0.1512f,-0.9885f,0.0148f,0f,0f,0f,1f],start_interpolation: 0,interpolation_duration: 1}
data modify entity @s data merge value {"cameras":{},"locators":{"mouse":{"posx":-0.08150176462610766,"posy":1.399025583306371,"posz":0.294903999546781,"roty":19.572173018342824,"rotx":16.500774554415756},"left_arm":{"posx":0.3916864616872595,"posy":0.5114272759621197,"posz":-0.0886508828056971,"roty":359.4572051128004,"rotx":8.695567007798354},"right_arm":{"posx":-0.39168646168725946,"posy":0.5114272759621197,"posz":-0.08865088280569722,"roty":0.5427948871996193,"rotx":8.695567007798356}}}