# This file was generated by Animated Java via MC-Build. It is not recommended to edit this file directly.
$data merge entity $(bone_eyes) {transformation: [-0.9975f,0.0011f,-0.0709f,0.0026f,-0.0191f,0.959f,0.2826f,1.6388f,0.0683f,0.2833f,-0.9566f,0.3801f,0f,0f,0f,1f],start_interpolation: 0,interpolation_duration: 1}
$data merge entity $(bone_head) {transformation: [-0.9975f,0.0011f,-0.0709f,0f,-0.0191f,0.959f,0.2826f,1.3805f,0.0683f,0.2833f,-0.9566f,0.0413f,0f,0f,0f,1f],start_interpolation: 0,interpolation_duration: 1}
$data merge entity $(bone_left_arm1) {transformation: [-0.9769f,-0.2139f,-0.0014f,0.25f,-0.2122f,0.9682f,0.1329f,1.2818f,-0.0271f,0.1301f,-0.9911f,0.0283f,0f,0f,0f,1f],start_interpolation: 0,interpolation_duration: 1}
$data merge entity $(bone_right_arm1) {transformation: [-0.9769f,0.2139f,0.0014f,-0.25f,0.2122f,0.9682f,0.1329f,1.2818f,0.0271f,0.1301f,-0.9911f,0.0283f,0f,0f,0f,1f],start_interpolation: 0,interpolation_duration: 1}
data modify entity @s data merge value {"cameras":{},"locators":{"mouse":{"posx":0.017822473141644226,"posy":1.3997337510232684,"posz":0.30703240109803803,"roty":355.7618984250083,"rotx":16.417906931169828},"left_arm":{"posx":0.4580984039929746,"posy":0.6294513460227255,"posz":-0.059418808324213715,"roty":359.92098873524844,"rotx":7.636408273556914},"right_arm":{"posx":-0.4580984039929745,"posy":0.6294513460227255,"posz":-0.059418808324213826,"roty":0.07901126475158549,"rotx":7.636408273556914}}}