# This file was generated by Animated Java via MC-Build. It is not recommended to edit this file directly.
$data merge entity $(bone_eyes) {transformation: [-1f,0f,0f,-0.0156f,0f,0.999f,-0.0436f,1.7349f,0f,-0.0436f,-0.999f,0.2773f,0f,0f,0f,1f],start_interpolation: 0,interpolation_duration: 1}
$data merge entity $(bone_head) {transformation: [-1f,0f,0f,0f,0f,0.999f,-0.0436f,1.3805f,0f,-0.0436f,-0.999f,0.0413f,0f,0f,0f,1f],start_interpolation: 0,interpolation_duration: 1}
$data merge entity $(bone_left_arm1) {transformation: [-0.9989f,-0.0474f,0f,0.25f,-0.047f,0.9903f,0.1305f,1.3185f,-0.0062f,0.1304f,-0.9914f,0.0332f,0f,0f,0f,1f],start_interpolation: 0,interpolation_duration: 1}
$data merge entity $(bone_right_arm1) {transformation: [-0.9989f,0.0474f,0f,-0.25f,0.047f,0.9903f,0.1305f,1.3185f,0.0062f,0.1304f,-0.9914f,0.0332f,0f,0f,0f,1f],start_interpolation: 0,interpolation_duration: 1}
data modify entity @s data merge value {"cameras":{},"locators":{"mouse":{"posx":-3.5146979706315236e-17,"posy":1.4850500238077022,"posz":0.28699686906286714,"roty":0,"rotx":-2.5},"left_arm":{"posx":0.3449934506023701,"posy":0.6406007841602465,"posz":-0.05608339553172686,"roty":0,"rotx":7.500000000000001},"right_arm":{"posx":-0.3449934506023701,"posy":0.6406007841602465,"posz":-0.05608339553172693,"roty":0,"rotx":7.5}}}