# This file was generated by Animated Java via MC-Build. It is not recommended to edit this file directly.
$data merge entity $(bone_eyes) {transformation: [-1f,0f,0f,-0.0156f,0f,0.982f,-0.1889f,1.7655f,0f,-0.1889f,-0.982f,-0.0269f,0f,0f,0f,1f],start_interpolation: 0,interpolation_duration: 1}
$data merge entity $(bone_head) {transformation: [-1f,0f,0f,0f,0f,0.982f,-0.1889f,1.3805f,0f,-0.1889f,-0.982f,-0.2087f,0f,0f,0f,1f],start_interpolation: 0,interpolation_duration: 1}
$data merge entity $(bone_fabric_overray) {transformation: [-1f,0f,0f,0f,0f,0.7981f,0.6025f,1.3805f,0f,0.6025f,-0.7981f,-0.2087f,0f,0f,0f,1f],start_interpolation: 0,interpolation_duration: 1}
$data merge entity $(bone_fabric) {transformation: [-1f,0f,0f,0f,0f,0.7981f,0.6025f,1.3805f,0f,0.6025f,-0.7981f,-0.2087f,0f,0f,0f,1f],start_interpolation: 0,interpolation_duration: 1}
$data merge entity $(bone_bone_overray) {transformation: [-1f,0f,0f,0f,0f,1f,-0.007f,1.3805f,0f,-0.007f,-1f,-0.2087f,0f,0f,0f,1f],start_interpolation: 0,interpolation_duration: 1}
$data merge entity $(bone_bone) {transformation: [-1f,0f,0f,0f,0f,1f,-0.007f,1.3805f,0f,-0.007f,-1f,-0.2087f,0f,0f,0f,1f],start_interpolation: 0,interpolation_duration: 1}
$data merge entity $(bone_left_arm1) {transformation: [-0.9318f,-0.3186f,-0.1739f,0.25f,-0.3479f,0.6472f,0.6783f,1.3185f,-0.1035f,0.6925f,-0.7139f,-0.2168f,0f,0f,0f,1f],start_interpolation: 0,interpolation_duration: 1}
$data merge entity $(bone_right_arm1) {transformation: [-0.9318f,0.3186f,0.1739f,-0.25f,0.3479f,0.6472f,0.6783f,1.3185f,0.1035f,0.6925f,-0.7139f,-0.2168f,0f,0f,0f,1f],start_interpolation: 0,interpolation_duration: 1}
data modify entity @s data merge value {"cameras":{},"locators":{"mouse":{"posx":-2.3403522355333827e-18,"posy":1.5197771421691928,"posz":0.019110426264640767,"roty":0,"rotx":-10.890000000000002},"left_arm":{"posx":0.5272641494367087,"posy":0.8952847701676676,"posz":-0.6864716923801142,"roty":346.31103783819435,"rotx":42.70976029587945},"right_arm":{"posx":-0.5272641494367085,"posy":0.8952847701676676,"posz":-0.6864716923801142,"roty":13.68896216180562,"rotx":42.70976029587944},"intaract2":{"posx":3.7313457161520915e-17,"posy":1.2,"posz":-0.3046875,"roty":0,"rotx":0},"intaract":{"posx":6.250801370647948e-17,"posy":0.19999999999999996,"posz":-0.5104166666666667,"roty":0,"rotx":0},"shadow":{"posx":6.250801370647948e-17,"posy":0,"posz":-0.5104166666666667,"roty":0,"rotx":0}}}