# This file was generated by Animated Java via MC-Build. It is not recommended to edit this file directly.
$data merge entity $(bone_eyes) {transformation: [-1f,0f,0f,-0.0156f,0f,0.9938f,-0.1115f,1.7501f,0f,-0.1115f,-0.9938f,0.0359f,0f,0f,0f,1f],start_interpolation: 0,interpolation_duration: 1}
$data merge entity $(bone_head) {transformation: [-1f,0f,0f,0f,0f,0.9938f,-0.1115f,1.3805f,0f,-0.1115f,-0.9938f,-0.1755f,0f,0f,0f,1f],start_interpolation: 0,interpolation_duration: 1}
$data merge entity $(bone_fabric_overray) {transformation: [-1f,0f,0f,0f,0f,0.866f,0.5f,1.3805f,0f,0.5f,-0.866f,-0.1755f,0f,0f,0f,1f],start_interpolation: 0,interpolation_duration: 1}
$data merge entity $(bone_fabric) {transformation: [-1f,0f,0f,0f,0f,0.866f,0.5f,1.3805f,0f,0.5f,-0.866f,-0.1755f,0f,0f,0f,1f],start_interpolation: 0,interpolation_duration: 1}
$data merge entity $(bone_bone_overray) {transformation: [-1f,0f,0f,0f,0f,0.9796f,-0.2011f,1.3805f,0f,-0.2011f,-0.9796f,-0.1755f,0f,0f,0f,1f],start_interpolation: 0,interpolation_duration: 1}
$data merge entity $(bone_bone) {transformation: [-1f,0f,0f,0f,0f,0.9796f,-0.2011f,1.3805f,0f,-0.2011f,-0.9796f,-0.1755f,0f,0f,0f,1f],start_interpolation: 0,interpolation_duration: 1}
$data merge entity $(bone_left_arm1) {transformation: [-0.9324f,-0.3069f,-0.191f,0.25f,-0.3468f,0.6097f,0.7127f,1.3185f,-0.1023f,0.7307f,-0.6749f,-0.1836f,0f,0f,0f,1f],start_interpolation: 0,interpolation_duration: 1}
$data merge entity $(bone_right_arm1) {transformation: [-0.9324f,0.3069f,0.191f,-0.25f,0.3468f,0.6097f,0.7127f,1.3185f,0.1023f,0.7307f,-0.6749f,-0.1836f,0f,0f,0f,1f],start_interpolation: 0,interpolation_duration: 1}
data modify entity @s data merge value {"cameras":{},"locators":{"mouse":{"posx":-7.655746189017335e-18,"posy":1.5015274328820476,"posz":0.06251391172007773,"roty":0,"rotx":-6.40241982507288},"left_arm":{"posx":0.519296593142634,"posy":0.9209906651616275,"posz":-0.6796275930120839,"roty":344.1977555997556,"rotx":45.4567560563095},"right_arm":{"posx":-0.5192965931426339,"posy":0.9209906651616275,"posz":-0.6796275930120839,"roty":15.802244400244376,"rotx":45.456756056309516},"intaract2":{"posx":3.7550732478855716e-17,"posy":1.2,"posz":-0.306625,"roty":0,"rotx":0},"intaract":{"posx":5.541016496642128e-17,"posy":0.19999999999999996,"posz":-0.4524583333333333,"roty":0,"rotx":0},"shadow":{"posx":5.541016496642128e-17,"posy":0,"posz":-0.4524583333333333,"roty":0,"rotx":0}}}