# This file was generated by Animated Java via MC-Build. It is not recommended to edit this file directly.
$data merge entity $(bone_eyes) {transformation: [-1f,0f,0f,-0.0156f,0f,1f,-0.0083f,1.7263f,0f,-0.0083f,-1f,0.1491f,0f,0f,0f,1f],start_interpolation: 0,interpolation_duration: 1}
$data merge entity $(bone_head) {transformation: [-1f,0f,0f,0f,0f,1f,-0.0083f,1.3805f,0f,-0.0083f,-1f,-0.0993f,0f,0f,0f,1f],start_interpolation: 0,interpolation_duration: 1}
$data merge entity $(bone_fabric_overray) {transformation: [-1f,0f,0f,0f,0f,0.9352f,0.3541f,1.3805f,0f,0.3541f,-0.9352f,-0.0993f,0f,0f,0f,1f],start_interpolation: 0,interpolation_duration: 1}
$data merge entity $(bone_fabric) {transformation: [-1f,0f,0f,0f,0f,0.9352f,0.3541f,1.3805f,0f,0.3541f,-0.9352f,-0.0993f,0f,0f,0f,1f],start_interpolation: 0,interpolation_duration: 1}
$data merge entity $(bone_bone_overray) {transformation: [-1f,0f,0f,0f,0f,0.9354f,-0.3535f,1.3805f,0f,-0.3535f,-0.9354f,-0.0993f,0f,0f,0f,1f],start_interpolation: 0,interpolation_duration: 1}
$data merge entity $(bone_bone) {transformation: [-1f,0f,0f,0f,0f,0.9354f,-0.3535f,1.3805f,0f,-0.3535f,-0.9354f,-0.0993f,0f,0f,0f,1f],start_interpolation: 0,interpolation_duration: 1}
$data merge entity $(bone_left_arm1) {transformation: [-0.9337f,-0.2943f,-0.2037f,0.25f,-0.3435f,0.5767f,0.7412f,1.3185f,-0.1007f,0.7621f,-0.6396f,-0.1075f,0f,0f,0f,1f],start_interpolation: 0,interpolation_duration: 1}
$data merge entity $(bone_right_arm1) {transformation: [-0.9337f,0.2943f,0.2037f,-0.25f,0.3435f,0.5767f,0.7412f,1.3185f,0.1007f,0.7621f,-0.6396f,-0.1075f,0f,0f,0f,1f],start_interpolation: 0,interpolation_duration: 1}
data modify entity @s data merge value {"cameras":{},"locators":{"mouse":{"posx":-1.8358655310829694e-17,"posy":1.476312932984384,"posz":0.14990979704198543,"roty":0,"rotx":-0.47711370262390707},"left_arm":{"posx":0.5107237425575898,"posy":0.9434790385179914,"posz":-0.6250788680081878,"roty":342.3349053003973,"rotx":47.83331811350075},"right_arm":{"posx":-0.5107237425575897,"posy":0.9434790385179914,"posz":-0.6250788680081879,"roty":17.665094699602747,"rotx":47.83331811350075},"intaract2":{"posx":3.2295685588943056e-17,"posy":1.2,"posz":-0.2637142857142857,"roty":0,"rotx":0},"intaract":{"posx":4.7057053257237044e-17,"posy":0.19999999999999996,"posz":-0.38425,"roty":0,"rotx":0},"shadow":{"posx":4.7057053257237044e-17,"posy":0,"posz":-0.38425,"roty":0,"rotx":0}}}