# This file was generated by Animated Java via MC-Build. It is not recommended to edit this file directly.
$data merge entity $(bone_eyes) {transformation: [-1f,0f,0f,-0.0156f,0f,0.9995f,-0.0322f,1.7408f,0f,-0.0322f,-0.9995f,0.2953f,0f,0f,0f,1f],start_interpolation: 0,interpolation_duration: 1}
$data merge entity $(bone_head) {transformation: [-1f,0f,0f,0f,0f,0.9995f,-0.0322f,1.3891f,0f,-0.0322f,-0.9995f,0.0552f,0f,0f,0f,1f],start_interpolation: 0,interpolation_duration: 1}
$data merge entity $(bone_fabric_overray) {transformation: [-1f,0f,0f,0f,0f,0.9848f,0.1735f,1.3891f,0f,0.1735f,-0.9848f,0.0552f,0f,0f,0f,1f],start_interpolation: 0,interpolation_duration: 1}
$data merge entity $(bone_fabric) {transformation: [-1f,0f,0f,0f,0f,0.9848f,0.1735f,1.3891f,0f,0.1735f,-0.9848f,0.0552f,0f,0f,0f,1f],start_interpolation: 0,interpolation_duration: 1}
$data merge entity $(bone_bone_overray) {transformation: [-1f,0f,0f,0f,0f,0.9859f,0.1671f,1.3891f,0f,0.1671f,-0.9859f,0.0552f,0f,0f,0f,1f],start_interpolation: 0,interpolation_duration: 1}
$data merge entity $(bone_bone) {transformation: [-1f,0f,0f,0f,0f,0.9859f,0.1671f,1.3891f,0f,0.1671f,-0.9859f,0.0552f,0f,0f,0f,1f],start_interpolation: 0,interpolation_duration: 1}
$data merge entity $(bone_left_arm1) {transformation: [-1f,0.0046f,-0.0038f,0.25f,0.0046f,1f,0.0069f,1.3276f,0.0038f,0.0069f,-1f,0.0444f,0f,0f,0f,1f],start_interpolation: 0,interpolation_duration: 1}
$data merge entity $(bone_right_arm1) {transformation: [-1f,-0.0046f,0.0038f,-0.25f,-0.0046f,1f,0.0069f,1.3276f,-0.0038f,0.0069f,-1f,0.0444f,0f,0f,0f,1f],start_interpolation: 0,interpolation_duration: 1}
data modify entity @s data merge value {"cameras":{},"locators":{"mouse":{"posx":-3.699301322569479e-17,"posy":1.4908454300823168,"posz":0.30207087669237176,"roty":0,"rotx":-1.8425995492111171},"left_arm":{"posx":0.30933005787277473,"posy":0.6397920317474325,"posz":0.03940037111841809,"roty":359.7817788936081,"rotx":0.39446992702903577},"right_arm":{"posx":-0.30933005787277473,"posy":0.6397920317474325,"posz":0.03940037111841802,"roty":0.21822110639195103,"rotx":0.39446992702903577},"intaract2":{"posx":0,"posy":1.2078125,"posz":0,"roty":0,"rotx":0},"intaract":{"posx":0,"posy":0.20781249999999996,"posz":0,"roty":0,"rotx":0},"shadow":{"posx":0,"posy":0.0078125,"posz":0,"roty":0,"rotx":0}}}