# This file was generated by Animated Java via MC-Build. It is not recommended to edit this file directly.
$data merge entity $(bone_eyes) {transformation: [-1f,0f,0f,-0.0156f,0f,0.8775f,-0.4795f,1.9282f,0f,-0.4795f,-0.8775f,0.1109f,0f,0f,0f,1f],start_interpolation: 0,interpolation_duration: 1}
$data merge entity $(bone_head) {transformation: [-1f,0f,0f,0f,0f,0.8775f,-0.4795f,1.5061f,0f,-0.4795f,-0.8775f,0.0552f,0f,0f,0f,1f],start_interpolation: 0,interpolation_duration: 1}
$data merge entity $(bone_fabric_overray) {transformation: [-1f,0f,0f,0f,0f,0.9853f,0.1709f,1.5061f,0f,0.1709f,-0.9853f,0.0552f,0f,0f,0f,1f],start_interpolation: 0,interpolation_duration: 1}
$data merge entity $(bone_fabric) {transformation: [-1f,0f,0f,0f,0f,0.9853f,0.1709f,1.5061f,0f,0.1709f,-0.9853f,0.0552f,0f,0f,0f,1f],start_interpolation: 0,interpolation_duration: 1}
$data merge entity $(bone_bone_overray) {transformation: [-1f,0f,0f,0f,0f,1f,0.0015f,1.5061f,0f,0.0015f,-1f,0.0552f,0f,0f,0f,1f],start_interpolation: 0,interpolation_duration: 1}
$data merge entity $(bone_bone) {transformation: [-1f,0f,0f,0f,0f,1f,0.0015f,1.5061f,0f,0.0015f,-1f,0.0552f,0f,0f,0f,1f],start_interpolation: 0,interpolation_duration: 1}
$data merge entity $(bone_left_arm1) {transformation: [-0.9962f,-0.0872f,0f,0.25f,0.0668f,-0.7631f,-0.6428f,1.4446f,0.056f,-0.6403f,0.766f,0.0444f,0f,0f,0f,1f],start_interpolation: 0,interpolation_duration: 1}
$data merge entity $(bone_right_arm1) {transformation: [-0.9962f,0.0872f,0f,-0.25f,-0.0668f,-0.7631f,-0.6428f,1.4446f,-0.056f,-0.6403f,0.766f,0.0444f,0f,0f,0f,1f],start_interpolation: 0,interpolation_duration: 1}
data modify entity @s data merge value {"cameras":{},"locators":{"mouse":{"posx":-2.812341270007617e-17,"posy":1.7082515587612714,"posz":0.22964509211681924,"roty":0,"rotx":-28.65326821938392},"left_arm":{"posx":0.3721817068299133,"posy":1.9650336162871507,"posz":0.48109498860261724,"roty":179.99999618382336,"rotx":-39.99999867122563},"right_arm":{"posx":-0.3721817068299134,"posy":1.9650336162871507,"posz":0.4810949886026172,"roty":180.00000381617667,"rotx":-39.99999867122563},"intaract2":{"posx":0,"posy":1.278125,"posz":0,"roty":0,"rotx":0},"intaract":{"posx":0,"posy":0.27812499999999996,"posz":0,"roty":0,"rotx":0},"shadow":{"posx":0,"posy":0.078125,"posz":0,"roty":0,"rotx":0}}}