# This file was generated by Animated Java via MC-Build. It is not recommended to edit this file directly.
$data merge entity $(bone_eyes) {transformation: [-1f,0f,0f,-0.0166f,0f,0.887f,-0.4617f,1.9355f,0f,-0.4617f,-0.887f,0.1193f,0f,0f,0f,1f],start_interpolation: 0,interpolation_duration: 1}
$data merge entity $(bone_head) {transformation: [-1f,0f,0f,-0.001f,0f,0.887f,-0.4617f,1.5146f,0f,-0.4617f,-0.887f,0.0552f,0f,0f,0f,1f],start_interpolation: 0,interpolation_duration: 1}
$data merge entity $(bone_fabric_overray) {transformation: [-1f,0f,0f,-0.001f,0f,0.9871f,0.1601f,1.5146f,0f,0.1601f,-0.9871f,0.0552f,0f,0f,0f,1f],start_interpolation: 0,interpolation_duration: 1}
$data merge entity $(bone_fabric) {transformation: [-1f,0f,0f,-0.001f,0f,0.9871f,0.1601f,1.5146f,0f,0.1601f,-0.9871f,0.0552f,0f,0f,0f,1f],start_interpolation: 0,interpolation_duration: 1}
$data merge entity $(bone_bone_overray) {transformation: [-1f,0f,0f,-0.001f,0f,0.9999f,-0.0113f,1.5146f,0f,-0.0113f,-0.9999f,0.0552f,0f,0f,0f,1f],start_interpolation: 0,interpolation_duration: 1}
$data merge entity $(bone_bone) {transformation: [-1f,0f,0f,-0.001f,0f,0.9999f,-0.0113f,1.5146f,0f,-0.0113f,-0.9999f,0.0552f,0f,0f,0f,1f],start_interpolation: 0,interpolation_duration: 1}
$data merge entity $(bone_left_arm1) {transformation: [-0.9977f,-0.0666f,0.0131f,0.249f,0.052f,-0.874f,-0.4832f,1.4531f,0.0436f,-0.4814f,0.8754f,0.0444f,0f,0f,0f,1f],start_interpolation: 0,interpolation_duration: 1}
$data merge entity $(bone_right_arm1) {transformation: [-0.9977f,0.0666f,-0.0131f,-0.251f,-0.052f,-0.874f,-0.4832f,1.4531f,-0.0436f,-0.4814f,0.8754f,0.0444f,0f,0f,0f,1f],start_interpolation: 0,interpolation_duration: 1}
data modify entity @s data merge value {"cameras":{},"locators":{"mouse":{"posx":-0.0010000000000000302,"posy":1.7132198528397151,"posz":0.2336783467614237,"roty":0,"rotx":-27.500000000000004},"left_arm":{"posx":0.3571136814392756,"posy":2.0506773721163656,"posz":0.37260731564943433,"roty":179.14448121953086,"rotx":-28.894793916433485},"right_arm":{"posx":-0.35911368143927563,"posy":2.0506773721163656,"posz":0.3726073156494342,"roty":180.85551878046917,"rotx":-28.894793916433485},"intaract2":{"posx":0,"posy":1.2859375,"posz":0,"roty":0,"rotx":0},"intaract":{"posx":0,"posy":0.28593749999999996,"posz":0,"roty":0,"rotx":0},"shadow":{"posx":0,"posy":0.0859375,"posz":0,"roty":0,"rotx":0}}}