# This file was generated by Animated Java via MC-Build. It is not recommended to edit this file directly.
$data merge entity $(bone_eyes) {transformation: [-1f,0f,0f,-0.0186f,0f,0.9175f,-0.3977f,1.932f,0f,-0.3977f,-0.9175f,0.149f,0f,0f,0f,1f],start_interpolation: 0,interpolation_duration: 1}
$data merge entity $(bone_head) {transformation: [-1f,0f,0f,-0.003f,0f,0.9175f,-0.3977f,1.5167f,0f,-0.3977f,-0.9175f,0.0552f,0f,0f,0f,1f],start_interpolation: 0,interpolation_duration: 1}
$data merge entity $(bone_fabric_overray) {transformation: [-1f,0f,0f,-0.003f,0f,0.9909f,0.1349f,1.5167f,0f,0.1349f,-0.9909f,0.0552f,0f,0f,0f,1f],start_interpolation: 0,interpolation_duration: 1}
$data merge entity $(bone_fabric) {transformation: [-1f,0f,0f,-0.003f,0f,0.9909f,0.1349f,1.5167f,0f,0.1349f,-0.9909f,0.0552f,0f,0f,0f,1f],start_interpolation: 0,interpolation_duration: 1}
$data merge entity $(bone_bone_overray) {transformation: [-1f,0f,0f,-0.003f,0f,0.9998f,-0.0194f,1.5167f,0f,-0.0194f,-0.9998f,0.0552f,0f,0f,0f,1f],start_interpolation: 0,interpolation_duration: 1}
$data merge entity $(bone_bone) {transformation: [-1f,0f,0f,-0.003f,0f,0.9998f,-0.0194f,1.5167f,0f,-0.0194f,-0.9998f,0.0552f,0f,0f,0f,1f],start_interpolation: 0,interpolation_duration: 1}
$data merge entity $(bone_left_arm1) {transformation: [-0.9996f,-0.029f,0.0028f,0.247f,0.0223f,-0.8246f,-0.5653f,1.4551f,0.0187f,-0.565f,0.8249f,0.0444f,0f,0f,0f,1f],start_interpolation: 0,interpolation_duration: 1}
$data merge entity $(bone_right_arm1) {transformation: [-0.9996f,0.029f,-0.0028f,-0.253f,-0.0223f,-0.8246f,-0.5653f,1.4551f,-0.0187f,-0.565f,0.8249f,0.0444f,0f,0f,0f,1f],start_interpolation: 0,interpolation_duration: 1}
data modify entity @s data merge value {"cameras":{},"locators":{"mouse":{"posx":-0.003000000000000029,"posy":1.7021133501913446,"posz":0.24730343802391724,"roty":0,"rotx":-23.436213991769563},"left_arm":{"posx":0.32938003543118033,"posy":2.020606055147091,"posz":0.43165452265414256,"roty":179.80486510869665,"rotx":-34.4256141788608},"right_arm":{"posx":-0.3353800354311804,"posy":2.020606055147091,"posz":0.4316545226541425,"roty":180.19513489130335,"rotx":-34.4256141788608},"intaract2":{"posx":0,"posy":1.29375,"posz":0,"roty":0,"rotx":0},"intaract":{"posx":0,"posy":0.29374999999999996,"posz":0,"roty":0,"rotx":0},"shadow":{"posx":0,"posy":0.09375,"posz":0,"roty":0,"rotx":0}}}