# This file was generated by Animated Java via MC-Build. It is not recommended to edit this file directly.
$data merge entity $(bone_eyes) {transformation: [-1f,0f,0f,-0.0201f,0f,0.9577f,-0.2877f,1.9159f,0f,-0.2877f,-0.9577f,0.197f,0f,0f,0f,1f],start_interpolation: 0,interpolation_duration: 1}
$data merge entity $(bone_head) {transformation: [-1f,0f,0f,-0.0045f,0f,0.9577f,-0.2877f,1.5144f,0f,-0.2877f,-0.9577f,0.0552f,0f,0f,0f,1f],start_interpolation: 0,interpolation_duration: 1}
$data merge entity $(bone_fabric_overray) {transformation: [-1f,0f,0f,-0.0045f,0f,0.9944f,0.1061f,1.5144f,0f,0.1061f,-0.9944f,0.0552f,0f,0f,0f,1f],start_interpolation: 0,interpolation_duration: 1}
$data merge entity $(bone_fabric) {transformation: [-1f,0f,0f,-0.0045f,0f,0.9944f,0.1061f,1.5144f,0f,0.1061f,-0.9944f,0.0552f,0f,0f,0f,1f],start_interpolation: 0,interpolation_duration: 1}
$data merge entity $(bone_bone_overray) {transformation: [-1f,0f,0f,-0.0045f,0f,0.9998f,-0.0219f,1.5144f,0f,-0.0219f,-0.9998f,0.0552f,0f,0f,0f,1f],start_interpolation: 0,interpolation_duration: 1}
$data merge entity $(bone_bone) {transformation: [-1f,0f,0f,-0.0045f,0f,0.9998f,-0.0219f,1.5144f,0f,-0.0219f,-0.9998f,0.0552f,0f,0f,0f,1f],start_interpolation: 0,interpolation_duration: 1}
$data merge entity $(bone_left_arm1) {transformation: [-1f,0f,0f,0.2455f,0f,-0.766f,-0.6428f,1.4529f,0f,-0.6428f,0.766f,0.0444f,0f,0f,0f,1f],start_interpolation: 0,interpolation_duration: 1}
$data merge entity $(bone_right_arm1) {transformation: [-1f,0f,0f,-0.2545f,0f,-0.766f,-0.6428f,1.4529f,0f,-0.6428f,0.766f,0.0444f,0f,0f,0f,1f],start_interpolation: 0,interpolation_duration: 1}
data modify entity @s data merge value {"cameras":{},"locators":{"mouse":{"posx":-0.0045000000000000335,"posy":1.676148575297004,"posz":0.2676790540341653,"roty":0,"rotx":-16.71810699588478},"left_arm":{"posx":0.30799999999999994,"posy":1.9795505040015327,"posz":0.48627804151296533,"roty":180,"rotx":-39.99999999999999},"right_arm":{"posx":-0.31700000000000006,"posy":1.9795505040015327,"posz":0.4862780415129653,"roty":180,"rotx":-39.99999999999999}}}