# This file was generated by Animated Java via MC-Build. It is not recommended to edit this file directly.
$data merge entity $(bone_eyes) {transformation: [-1f,0f,0f,-0.0196f,0f,0.9901f,-0.1401f,1.8858f,0f,-0.1401f,-0.9901f,0.2558f,0f,0f,0f,1f],start_interpolation: 0,interpolation_duration: 1}
$data merge entity $(bone_head) {transformation: [-1f,0f,0f,-0.004f,0f,0.9901f,-0.1401f,1.5102f,0f,-0.1401f,-0.9901f,0.0552f,0f,0f,0f,1f],start_interpolation: 0,interpolation_duration: 1}
$data merge entity $(bone_fabric_overray) {transformation: [-1f,0f,0f,-0.004f,0f,0.9964f,0.0846f,1.5102f,0f,0.0846f,-0.9964f,0.0552f,0f,0f,0f,1f],start_interpolation: 0,interpolation_duration: 1}
$data merge entity $(bone_fabric) {transformation: [-1f,0f,0f,-0.004f,0f,0.9964f,0.0846f,1.5102f,0f,0.0846f,-0.9964f,0.0552f,0f,0f,0f,1f],start_interpolation: 0,interpolation_duration: 1}
$data merge entity $(bone_bone_overray) {transformation: [-1f,0f,0f,-0.004f,0f,0.9998f,-0.0178f,1.5102f,0f,-0.0178f,-0.9998f,0.0552f,0f,0f,0f,1f],start_interpolation: 0,interpolation_duration: 1}
$data merge entity $(bone_bone) {transformation: [-1f,0f,0f,-0.004f,0f,0.9998f,-0.0178f,1.5102f,0f,-0.0178f,-0.9998f,0.0552f,0f,0f,0f,1f],start_interpolation: 0,interpolation_duration: 1}
$data merge entity $(bone_left_arm1) {transformation: [-1f,0f,0f,0.246f,0f,-0.766f,-0.6428f,1.4486f,0f,-0.6428f,0.766f,0.0444f,0f,0f,0f,1f],start_interpolation: 0,interpolation_duration: 1}
$data merge entity $(bone_right_arm1) {transformation: [-1f,0f,0f,-0.254f,0f,-0.766f,-0.6428f,1.4486f,0f,-0.6428f,0.766f,0.0444f,0f,0f,0f,1f],start_interpolation: 0,interpolation_duration: 1}
data modify entity @s data merge value {"cameras":{},"locators":{"mouse":{"posx":-0.004000000000000036,"posy":1.6380436771335343,"posz":0.28961024528308915,"roty":0,"rotx":-8.055555555555582},"left_arm":{"posx":0.30849999999999994,"posy":1.9752905040015327,"posz":0.48627804151296533,"roty":180,"rotx":-39.99999999999999},"right_arm":{"posx":-0.31650000000000006,"posy":1.9752905040015327,"posz":0.4862780415129653,"roty":180,"rotx":-39.99999999999999}}}