# This file was generated by Animated Java via MC-Build. It is not recommended to edit this file directly.
$data merge entity $(bone_eyes) {transformation: [-1f,0f,0f,0.0075f,0f,0.9772f,0.2124f,1.7795f,0f,0.2124f,-0.9772f,0.3737f,0f,0f,0f,1f],start_interpolation: 0,interpolation_duration: 1}
$data merge entity $(bone_head) {transformation: [-1f,0f,0f,0.0231f,0f,0.9772f,0.2124f,1.497f,0f,0.2124f,-0.9772f,0.0552f,0f,0f,0f,1f],start_interpolation: 0,interpolation_duration: 1}
$data merge entity $(bone_fabric_overray) {transformation: [-1f,0f,0f,0.0231f,0f,0.9942f,0.1076f,1.497f,0f,0.1076f,-0.9942f,0.0552f,0f,0f,0f,1f],start_interpolation: 0,interpolation_duration: 1}
$data merge entity $(bone_fabric) {transformation: [-1f,0f,0f,0.0231f,0f,0.9942f,0.1076f,1.497f,0f,0.1076f,-0.9942f,0.0552f,0f,0f,0f,1f],start_interpolation: 0,interpolation_duration: 1}
$data merge entity $(bone_bone_overray) {transformation: [-1f,0f,0f,0.0231f,0f,0.9999f,0.014f,1.497f,0f,0.014f,-0.9999f,0.0552f,0f,0f,0f,1f],start_interpolation: 0,interpolation_duration: 1}
$data merge entity $(bone_bone) {transformation: [-1f,0f,0f,0.0231f,0f,0.9999f,0.014f,1.497f,0f,0.014f,-0.9999f,0.0552f,0f,0f,0f,1f],start_interpolation: 0,interpolation_duration: 1}
$data merge entity $(bone_left_arm1) {transformation: [-1f,0f,0f,0.2731f,0f,0.246f,-0.9693f,1.4354f,0f,-0.9693f,-0.246f,0.0444f,0f,0f,0f,1f],start_interpolation: 0,interpolation_duration: 1}
$data merge entity $(bone_right_arm1) {transformation: [-1f,0f,0f,-0.2269f,0f,0.246f,-0.9693f,1.4354f,0f,-0.9693f,-0.246f,0.0444f,0f,0f,0f,1f],start_interpolation: 0,interpolation_duration: 1}
data modify entity @s data merge value {"cameras":{},"locators":{"mouse":{"posx":0.023148148148148123,"posy":1.5354943889324204,"posz":0.31942300072211105,"roty":0,"rotx":12.263374485596714},"left_arm":{"posx":0.33564814814814803,"posy":1.266320491966649,"posz":0.7107373364024966,"roty":0,"rotx":-75.75999999999996},"right_arm":{"posx":-0.28935185185185197,"posy":1.266320491966649,"posz":0.7107373364024966,"roty":0,"rotx":-75.75999999999996}}}