# This file was generated by Animated Java via MC-Build. It is not recommended to edit this file directly.
$data merge entity $(bone_eyes) {transformation: [-1f,0f,0f,0.0376f,0f,0.9239f,0.3827f,1.7057f,0f,0.3827f,-0.9239f,0.4189f,0f,0f,0f,1f],start_interpolation: 0,interpolation_duration: 1}
$data merge entity $(bone_head) {transformation: [-1f,0f,0f,0.0532f,0f,0.9239f,0.3827f,1.4843f,0f,0.3827f,-0.9239f,0.0552f,0f,0f,0f,1f],start_interpolation: 0,interpolation_duration: 1}
$data merge entity $(bone_fabric_overray) {transformation: [-1f,0f,0f,0.0532f,0f,0.9848f,0.1736f,1.4843f,0f,0.1736f,-0.9848f,0.0552f,0f,0f,0f,1f],start_interpolation: 0,interpolation_duration: 1}
$data merge entity $(bone_fabric) {transformation: [-1f,0f,0f,0.0532f,0f,0.9848f,0.1736f,1.4843f,0f,0.1736f,-0.9848f,0.0552f,0f,0f,0f,1f],start_interpolation: 0,interpolation_duration: 1}
$data merge entity $(bone_bone_overray) {transformation: [-1f,0f,0f,0.0532f,0f,0.999f,0.0436f,1.4843f,0f,0.0436f,-0.999f,0.0552f,0f,0f,0f,1f],start_interpolation: 0,interpolation_duration: 1}
$data merge entity $(bone_bone) {transformation: [-1f,0f,0f,0.0532f,0f,0.999f,0.0436f,1.4843f,0f,0.0436f,-0.999f,0.0552f,0f,0f,0f,1f],start_interpolation: 0,interpolation_duration: 1}
$data merge entity $(bone_left_arm1) {transformation: [-1f,0f,0f,0.3032f,0f,0.8373f,-0.5467f,1.4227f,0f,-0.5467f,-0.8373f,0.0444f,0f,0f,0f,1f],start_interpolation: 0,interpolation_duration: 1}
$data merge entity $(bone_right_arm1) {transformation: [-1f,0f,0f,-0.1968f,0f,0.8373f,-0.5467f,1.4227f,0f,-0.5467f,-0.8373f,0.0444f,0f,0f,0f,1f],start_interpolation: 0,interpolation_duration: 1}
data modify entity @s data merge value {"cameras":{},"locators":{"mouse":{"posx":0.05324074074074069,"posy":1.475196430150307,"posz":0.32206102586970153,"roty":0,"rotx":22.499999999999986},"left_arm":{"posx":0.36574074074074064,"posy":0.8470337302835378,"posz":0.42020864264432994,"roty":0,"rotx":-33.139999999999986},"right_arm":{"posx":-0.2592592592592593,"posy":0.8470337302835378,"posz":0.4202086426443299,"roty":0,"rotx":-33.139999999999986}}}