# This file was generated by Animated Java via MC-Build. It is not recommended to edit this file directly.
$data merge entity $(bone_eyes) {transformation: [-1f,0f,0f,0.0469f,0f,0.8495f,0.5276f,1.6331f,0f,0.5276f,-0.8495f,0.45f,0f,0f,0f,1f],start_interpolation: 0,interpolation_duration: 1}
$data merge entity $(bone_head) {transformation: [-1f,0f,0f,0.0625f,0f,0.8495f,0.5276f,1.4736f,0f,0.5276f,-0.8495f,0.0552f,0f,0f,0f,1f],start_interpolation: 0,interpolation_duration: 1}
$data merge entity $(bone_fabric_overray) {transformation: [-1f,0f,0f,0.0625f,0f,0.9334f,0.3589f,1.4736f,0f,0.3589f,-0.9334f,0.0552f,0f,0f,0f,1f],start_interpolation: 0,interpolation_duration: 1}
$data merge entity $(bone_fabric) {transformation: [-1f,0f,0f,0.0625f,0f,0.9334f,0.3589f,1.4736f,0f,0.3589f,-0.9334f,0.0552f,0f,0f,0f,1f],start_interpolation: 0,interpolation_duration: 1}
$data merge entity $(bone_bone_overray) {transformation: [-1f,0f,0f,0.0625f,0f,0.9727f,0.2321f,1.4736f,0f,0.2321f,-0.9727f,0.0552f,0f,0f,0f,1f],start_interpolation: 0,interpolation_duration: 1}
$data merge entity $(bone_bone) {transformation: [-1f,0f,0f,0.0625f,0f,0.9727f,0.2321f,1.4736f,0f,0.2321f,-0.9727f,0.0552f,0f,0f,0f,1f],start_interpolation: 0,interpolation_duration: 1}
$data merge entity $(bone_left_arm1) {transformation: [-1f,0f,0f,0.3125f,0f,0.9939f,0.1101f,1.4121f,0f,0.1101f,-0.9939f,0.0444f,0f,0f,0f,1f],start_interpolation: 0,interpolation_duration: 1}
$data merge entity $(bone_right_arm1) {transformation: [-1f,0f,0f,-0.1875f,0f,0.9939f,0.1101f,1.4121f,0f,0.1101f,-0.9939f,0.0444f,0f,0f,0f,1f],start_interpolation: 0,interpolation_duration: 1}
data modify entity @s data merge value {"cameras":{},"locators":{"mouse":{"posx":0.06249999999999996,"posy":1.421353967876789,"posz":0.3170520144150068,"roty":0,"rotx":31.841563786008216},"left_arm":{"posx":0.375,"posy":0.72873316845739,"posz":-0.031319307926068615,"roty":0,"rotx":6.320000000000049},"right_arm":{"posx":-0.25,"posy":0.72873316845739,"posz":-0.0313193079260687,"roty":0,"rotx":6.320000000000049}}}