# This file was generated by Animated Java via MC-Build. It is not recommended to edit this file directly.
$data merge entity $(bone_eyes) {transformation: [-1f,0f,0f,-0.0781f,0f,0.7708f,0.6371f,1.5647f,0f,0.6371f,-0.7708f,0.4679f,0f,0f,0f,1f],start_interpolation: 0,interpolation_duration: 1}
$data merge entity $(bone_head) {transformation: [-1f,0f,0f,-0.0625f,0f,0.7708f,0.6371f,1.4599f,0f,0.6371f,-0.7708f,0.0552f,0f,0f,0f,1f],start_interpolation: 0,interpolation_duration: 1}
$data merge entity $(bone_fabric_overray) {transformation: [-1f,0f,0f,-0.0625f,0f,0.7958f,0.6056f,1.4599f,0f,0.6056f,-0.7958f,0.0552f,0f,0f,0f,1f],start_interpolation: 0,interpolation_duration: 1}
$data merge entity $(bone_fabric) {transformation: [-1f,0f,0f,-0.0625f,0f,0.7958f,0.6056f,1.4599f,0f,0.6056f,-0.7958f,0.0552f,0f,0f,0f,1f],start_interpolation: 0,interpolation_duration: 1}
$data merge entity $(bone_bone_overray) {transformation: [-1f,0f,0f,-0.0625f,0f,0.8646f,0.5024f,1.4599f,0f,0.5024f,-0.8646f,0.0552f,0f,0f,0f,1f],start_interpolation: 0,interpolation_duration: 1}
$data merge entity $(bone_bone) {transformation: [-1f,0f,0f,-0.0625f,0f,0.8646f,0.5024f,1.4599f,0f,0.5024f,-0.8646f,0.0552f,0f,0f,0f,1f],start_interpolation: 0,interpolation_duration: 1}
$data merge entity $(bone_left_arm1) {transformation: [-1f,0f,0f,0.1875f,0f,0.8192f,0.5736f,1.3983f,0f,0.5736f,-0.8192f,0.0444f,0f,0f,0f,1f],start_interpolation: 0,interpolation_duration: 1}
$data merge entity $(bone_right_arm1) {transformation: [-1f,0f,0f,-0.3125f,0f,0.8192f,0.5736f,1.3983f,0f,0.5736f,-0.8192f,0.0444f,0f,0f,0f,1f],start_interpolation: 0,interpolation_duration: 1}
data modify entity @s data merge value {"cameras":{},"locators":{"mouse":{"posx":-0.06250000000000003,"posy":1.3728311350168025,"posz":0.3076345263897069,"roty":0,"rotx":39.57818930041153},"left_arm":{"posx":0.25000000000000006,"posy":0.8351379189085535,"posz":-0.34997224013787454,"roty":0,"rotx":35.00000000000001},"right_arm":{"posx":-0.37499999999999994,"posy":0.8351379189085535,"posz":-0.3499722401378746,"roty":0,"rotx":35.00000000000001}}}