# This file was generated by Animated Java via MC-Build. It is not recommended to edit this file directly.
$data merge entity $(bone_eyes) {transformation: [-1f,0f,0f,-0.0156f,0f,0.9967f,-0.0816f,1.7632f,0f,-0.0816f,-0.9967f,0.2776f,0f,0f,0f,1f],start_interpolation: 0,interpolation_duration: 1}
$data merge entity $(bone_head) {transformation: [-1f,0f,0f,0f,0f,0.9967f,-0.0816f,1.4001f,0f,-0.0816f,-0.9967f,0.0552f,0f,0f,0f,1f],start_interpolation: 0,interpolation_duration: 1}
$data merge entity $(bone_fabric_overray) {transformation: [-1f,0f,0f,0f,0f,0.9849f,0.1732f,1.4001f,0f,0.1732f,-0.9849f,0.0552f,0f,0f,0f,1f],start_interpolation: 0,interpolation_duration: 1}
$data merge entity $(bone_fabric) {transformation: [-1f,0f,0f,0f,0f,0.9849f,0.1732f,1.4001f,0f,0.1732f,-0.9849f,0.0552f,0f,0f,0f,1f],start_interpolation: 0,interpolation_duration: 1}
$data merge entity $(bone_bone_overray) {transformation: [-1f,0f,0f,0f,0f,0.9878f,0.1557f,1.4001f,0f,0.1557f,-0.9878f,0.0552f,0f,0f,0f,1f],start_interpolation: 0,interpolation_duration: 1}
$data merge entity $(bone_bone) {transformation: [-1f,0f,0f,0f,0f,0.9878f,0.1557f,1.4001f,0f,0.1557f,-0.9878f,0.0552f,0f,0f,0f,1f],start_interpolation: 0,interpolation_duration: 1}
$data merge entity $(bone_left_arm1) {transformation: [-0.9999f,0.0089f,-0.0117f,0.25f,0.0112f,0.975f,-0.2217f,1.3386f,0.0094f,-0.2218f,-0.975f,0.0444f,0f,0f,0f,1f],start_interpolation: 0,interpolation_duration: 1}
$data merge entity $(bone_right_arm1) {transformation: [-0.9999f,-0.0089f,0.0117f,-0.25f,-0.0112f,0.975f,-0.2217f,1.3386f,-0.0094f,-0.2218f,-0.975f,0.0444f,0f,0f,0f,1f],start_interpolation: 0,interpolation_duration: 1}
data modify entity @s data merge value {"cameras":{},"locators":{"mouse":{"posx":-3.6339470035818796e-17,"posy":1.513935513685842,"posz":0.2967342915616139,"roty":0,"rotx":-4.678812922614578},"left_arm":{"posx":0.3063946677650858,"posy":0.6675067242679206,"posz":0.1962708125412047,"roty":359.313915848489,"rotx":-12.809354830987495},"right_arm":{"posx":-0.30639466776508584,"posy":0.6675067242679206,"posz":0.19627081254120465,"roty":0.6860841515110394,"rotx":-12.809354830987495},"intaract2":{"posx":0,"posy":1.215625,"posz":0,"roty":0,"rotx":0},"intaract":{"posx":0,"posy":0.21562499999999996,"posz":0,"roty":0,"rotx":0},"shadow":{"posx":0,"posy":0.015625,"posz":0,"roty":0,"rotx":0}}}