# This file was generated by Animated Java via MC-Build. It is not recommended to edit this file directly.
$data merge entity $(bone_eyes) {transformation: [-1f,0f,0f,0.0675f,0f,0.7071f,0.7071f,1.5109f,0f,0.7071f,-0.7071f,0.4759f,0f,0f,0f,1f],start_interpolation: 0,interpolation_duration: 1}
$data merge entity $(bone_head) {transformation: [-1f,0f,0f,0.0831f,0f,0.7071f,0.7071f,1.4455f,0f,0.7071f,-0.7071f,0.0552f,0f,0f,0f,1f],start_interpolation: 0,interpolation_duration: 1}
$data merge entity $(bone_fabric_overray) {transformation: [-1f,0f,0f,0.0831f,0f,0.57f,0.8216f,1.4455f,0f,0.8216f,-0.57f,0.0552f,0f,0f,0f,1f],start_interpolation: 0,interpolation_duration: 1}
$data merge entity $(bone_fabric) {transformation: [-1f,0f,0f,0.0831f,0f,0.57f,0.8216f,1.4455f,0f,0.8216f,-0.57f,0.0552f,0f,0f,0f,1f],start_interpolation: 0,interpolation_duration: 1}
$data merge entity $(bone_bone_overray) {transformation: [-1f,0f,0f,0.0831f,0f,0.6568f,0.754f,1.4455f,0f,0.754f,-0.6568f,0.0552f,0f,0f,0f,1f],start_interpolation: 0,interpolation_duration: 1}
$data merge entity $(bone_bone) {transformation: [-1f,0f,0f,0.0831f,0f,0.6568f,0.754f,1.4455f,0f,0.754f,-0.6568f,0.0552f,0f,0f,0f,1f],start_interpolation: 0,interpolation_duration: 1}
$data merge entity $(bone_left_arm1) {transformation: [-1f,0f,0f,0.3331f,0f,0.6555f,0.7552f,1.3839f,0f,0.7552f,-0.6555f,0.0444f,0f,0f,0f,1f],start_interpolation: 0,interpolation_duration: 1}
$data merge entity $(bone_right_arm1) {transformation: [-1f,0f,0f,-0.1669f,0f,0.6555f,0.7552f,1.3839f,0f,0.7552f,-0.6555f,0.0444f,0f,0f,0f,1f],start_interpolation: 0,interpolation_duration: 1}
data modify entity @s data merge value {"cameras":{},"locators":{"mouse":{"posx":0.08312499999999998,"posy":1.3349949993601,"posz":0.2982825269905285,"roty":0,"rotx":44.99999999999999},"left_arm":{"posx":0.39562500000000006,"posy":0.9332458383332853,"posz":-0.4748109375600123,"roty":0,"rotx":49.03935185185187},"right_arm":{"posx":-0.22937499999999994,"posy":0.9332458383332853,"posz":-0.47481093756001236,"roty":0,"rotx":49.03935185185187}}}