# This file was generated by Animated Java via MC-Build. It is not recommended to edit this file directly.
$data merge entity $(bone_eyes) {transformation: [-1f,0f,0f,-0.0156f,0f,0.9897f,-0.143f,1.7895f,0f,-0.143f,-0.9897f,0.2547f,0f,0f,0f,1f],start_interpolation: 0,interpolation_duration: 1}
$data merge entity $(bone_head) {transformation: [-1f,0f,0f,0f,0f,0.9897f,-0.143f,1.4134f,0f,-0.143f,-0.9897f,0.0552f,0f,0f,0f,1f],start_interpolation: 0,interpolation_duration: 1}
$data merge entity $(bone_fabric_overray) {transformation: [-1f,0f,0f,0f,0f,0.9849f,0.1729f,1.4134f,0f,0.1729f,-0.9849f,0.0552f,0f,0f,0f,1f],start_interpolation: 0,interpolation_duration: 1}
$data merge entity $(bone_fabric) {transformation: [-1f,0f,0f,0f,0f,0.9849f,0.1729f,1.4134f,0f,0.1729f,-0.9849f,0.0552f,0f,0f,0f,1f],start_interpolation: 0,interpolation_duration: 1}
$data merge entity $(bone_bone_overray) {transformation: [-1f,0f,0f,0f,0f,0.9901f,0.1403f,1.4134f,0f,0.1403f,-0.9901f,0.0552f,0f,0f,0f,1f],start_interpolation: 0,interpolation_duration: 1}
$data merge entity $(bone_bone) {transformation: [-1f,0f,0f,0f,0f,0.9901f,0.1403f,1.4134f,0f,0.1403f,-0.9901f,0.0552f,0f,0f,0f,1f],start_interpolation: 0,interpolation_duration: 1}
$data merge entity $(bone_left_arm1) {transformation: [-0.9997f,0.0092f,-0.0235f,0.25f,0.0194f,0.8769f,-0.4803f,1.3518f,0.0162f,-0.4806f,-0.8768f,0.0444f,0f,0f,0f,1f],start_interpolation: 0,interpolation_duration: 1}
$data merge entity $(bone_right_arm1) {transformation: [-0.9997f,-0.0092f,0.0235f,-0.25f,-0.0194f,0.8769f,-0.4803f,1.3518f,-0.0162f,-0.4806f,-0.8768f,0.0444f,0f,0f,0f,1f],start_interpolation: 0,interpolation_duration: 1}
data modify entity @s data merge value {"cameras":{},"locators":{"mouse":{"posx":-3.542162073760618e-17,"posy":1.541891043446701,"posz":0.2892394832719777,"roty":0,"rotx":-8.221262208865513},"left_arm":{"posx":0.30616544104001453,"posy":0.7477298419273259,"posz":0.37375677508332733,"roty":358.4622391926854,"rotx":-28.70455106141024},"right_arm":{"posx":-0.30616544104001464,"posy":0.7477298419273259,"posz":0.3737567750833272,"roty":1.537760807314612,"rotx":-28.70455106141024},"intaract2":{"posx":0,"posy":1.2234375,"posz":0,"roty":0,"rotx":0},"intaract":{"posx":0,"posy":0.22343749999999996,"posz":0,"roty":0,"rotx":0},"shadow":{"posx":0,"posy":0.0234375,"posz":0,"roty":0,"rotx":0}}}