# This file was generated by Animated Java via MC-Build. It is not recommended to edit this file directly.
$data merge entity $(bone_eyes) {transformation: [-1f,0f,0f,-0.0156f,0f,0.9775f,-0.211f,1.8171f,0f,-0.211f,-0.9775f,0.2283f,0f,0f,0f,1f],start_interpolation: 0,interpolation_duration: 1}
$data merge entity $(bone_head) {transformation: [-1f,0f,0f,0f,0f,0.9775f,-0.211f,1.4281f,0f,-0.211f,-0.9775f,0.0552f,0f,0f,0f,1f],start_interpolation: 0,interpolation_duration: 1}
$data merge entity $(bone_fabric_overray) {transformation: [-1f,0f,0f,0f,0f,0.985f,0.1725f,1.4281f,0f,0.1725f,-0.985f,0.0552f,0f,0f,0f,1f],start_interpolation: 0,interpolation_duration: 1}
$data merge entity $(bone_fabric) {transformation: [-1f,0f,0f,0f,0f,0.985f,0.1725f,1.4281f,0f,0.1725f,-0.985f,0.0552f,0f,0f,0f,1f],start_interpolation: 0,interpolation_duration: 1}
$data merge entity $(bone_bone_overray) {transformation: [-1f,0f,0f,0f,0f,0.9925f,0.122f,1.4281f,0f,0.122f,-0.9925f,0.0552f,0f,0f,0f,1f],start_interpolation: 0,interpolation_duration: 1}
$data merge entity $(bone_bone) {transformation: [-1f,0f,0f,0f,0f,0.9925f,0.122f,1.4281f,0f,0.122f,-0.9925f,0.0552f,0f,0f,0f,1f],start_interpolation: 0,interpolation_duration: 1}
$data merge entity $(bone_left_arm1) {transformation: [-0.9993f,0.0023f,-0.0369f,0.25f,0.0284f,0.6893f,-0.7239f,1.3666f,0.0238f,-0.7245f,-0.6889f,0.0444f,0f,0f,0f,1f],start_interpolation: 0,interpolation_duration: 1}
$data merge entity $(bone_right_arm1) {transformation: [-0.9993f,-0.0023f,0.0369f,-0.25f,-0.0284f,0.6893f,-0.7239f,1.3666f,-0.0238f,-0.7245f,-0.6889f,0.0444f,0f,0f,0f,1f],start_interpolation: 0,interpolation_duration: 1}
data modify entity @s data merge value {"cameras":{},"locators":{"mouse":{"posx":-3.42657133597077e-17,"posy":1.5725010562622515,"posz":0.27980078324268537,"roty":0,"rotx":-12.182569496619086},"left_arm":{"posx":0.310855921145374,"posy":0.8908925856260759,"posz":0.5409543231829753,"roty":356.9317233122718,"rotx":-46.37957353776523},"right_arm":{"posx":-0.3108559211453742,"posy":0.8908925856260759,"posz":0.5409543231829753,"roty":3.068276687728229,"rotx":-46.37957353776523},"intaract2":{"posx":0,"posy":1.23125,"posz":0,"roty":0,"rotx":0},"intaract":{"posx":0,"posy":0.23124999999999996,"posz":0,"roty":0,"rotx":0},"shadow":{"posx":0,"posy":0.03125,"posz":0,"roty":0,"rotx":0}}}