# This file was generated by Animated Java via MC-Build. It is not recommended to edit this file directly.
$data merge entity $(bone_eyes) {transformation: [-1f,0f,0f,-0.0156f,0f,0.9599f,-0.2803f,1.844f,0f,-0.2803f,-0.9599f,0.2001f,0f,0f,0f,1f],start_interpolation: 0,interpolation_duration: 1}
$data merge entity $(bone_head) {transformation: [-1f,0f,0f,0f,0f,0.9599f,-0.2803f,1.4436f,0f,-0.2803f,-0.9599f,0.0552f,0f,0f,0f,1f],start_interpolation: 0,interpolation_duration: 1}
$data merge entity $(bone_fabric_overray) {transformation: [-1f,0f,0f,0f,0f,0.9851f,0.1721f,1.4436f,0f,0.1721f,-0.9851f,0.0552f,0f,0f,0f,1f],start_interpolation: 0,interpolation_duration: 1}
$data merge entity $(bone_fabric) {transformation: [-1f,0f,0f,0f,0f,0.9851f,0.1721f,1.4436f,0f,0.1721f,-0.9851f,0.0552f,0f,0f,0f,1f],start_interpolation: 0,interpolation_duration: 1}
$data merge entity $(bone_bone_overray) {transformation: [-1f,0f,0f,0f,0f,0.9948f,0.1015f,1.4436f,0f,0.1015f,-0.9948f,0.0552f,0f,0f,0f,1f],start_interpolation: 0,interpolation_duration: 1}
$data merge entity $(bone_bone) {transformation: [-1f,0f,0f,0f,0f,0.9948f,0.1015f,1.4436f,0f,0.1015f,-0.9948f,0.0552f,0f,0f,0f,1f],start_interpolation: 0,interpolation_duration: 1}
$data merge entity $(bone_left_arm1) {transformation: [-0.9988f,-0.0127f,-0.0474f,0.25f,0.0376f,0.4225f,-0.9056f,1.3821f,0.0315f,-0.9063f,-0.4215f,0.0444f,0f,0f,0f,1f],start_interpolation: 0,interpolation_duration: 1}
$data merge entity $(bone_right_arm1) {transformation: [-0.9988f,0.0127f,0.0474f,-0.25f,-0.0376f,0.4225f,-0.9056f,1.3821f,-0.0315f,-0.9063f,-0.4215f,0.0444f,0f,0f,0f,1f],start_interpolation: 0,interpolation_duration: 1}
data modify entity @s data merge value {"cameras":{},"locators":{"mouse":{"posx":-3.2933477348217137e-17,"posy":1.603661955621633,"posz":0.26892225065338604,"roty":0,"rotx":-16.275356874530424},"left_arm":{"posx":0.3211550611164971,"posy":1.08924314481046,"posz":0.665457932726125,"roty":353.58320176946853,"rotx":-64.90251264775527},"right_arm":{"posx":-0.3211550611164973,"posy":1.08924314481046,"posz":0.665457932726125,"roty":6.4167982305314695,"rotx":-64.90251264775527},"intaract2":{"posx":0,"posy":1.2390625,"posz":0,"roty":0,"rotx":0},"intaract":{"posx":0,"posy":0.23906249999999996,"posz":0,"roty":0,"rotx":0},"shadow":{"posx":0,"posy":0.0390625,"posz":0,"roty":0,"rotx":0}}}