# This file was generated by Animated Java via MC-Build. It is not recommended to edit this file directly.
$data merge entity $(bone_eyes) {transformation: [-1f,0f,0f,-0.0156f,0f,0.9384f,-0.3455f,1.8685f,0f,-0.3455f,-0.9384f,0.1722f,0f,0f,0f,1f],start_interpolation: 0,interpolation_duration: 1}
$data merge entity $(bone_head) {transformation: [-1f,0f,0f,0f,0f,0.9384f,-0.3455f,1.4591f,0f,-0.3455f,-0.9384f,0.0552f,0f,0f,0f,1f],start_interpolation: 0,interpolation_duration: 1}
$data merge entity $(bone_fabric_overray) {transformation: [-1f,0f,0f,0f,0f,0.9851f,0.1717f,1.4591f,0f,0.1717f,-0.9851f,0.0552f,0f,0f,0f,1f],start_interpolation: 0,interpolation_duration: 1}
$data merge entity $(bone_fabric) {transformation: [-1f,0f,0f,0f,0f,0.9851f,0.1717f,1.4591f,0f,0.1717f,-0.9851f,0.0552f,0f,0f,0f,1f],start_interpolation: 0,interpolation_duration: 1}
$data merge entity $(bone_bone_overray) {transformation: [-1f,0f,0f,0f,0f,0.9968f,0.0799f,1.4591f,0f,0.0799f,-0.9968f,0.0552f,0f,0f,0f,1f],start_interpolation: 0,interpolation_duration: 1}
$data merge entity $(bone_bone) {transformation: [-1f,0f,0f,0f,0f,0.9968f,0.0799f,1.4591f,0f,0.0799f,-0.9968f,0.0552f,0f,0f,0f,1f],start_interpolation: 0,interpolation_duration: 1}
$data merge entity $(bone_left_arm1) {transformation: [-0.9982f,-0.0336f,-0.0506f,0.25f,0.0465f,0.1119f,-0.9926f,1.3976f,0.039f,-0.9932f,-0.1101f,0.0444f,0f,0f,0f,1f],start_interpolation: 0,interpolation_duration: 1}
$data merge entity $(bone_right_arm1) {transformation: [-0.9982f,0.0336f,0.0506f,-0.25f,-0.0465f,0.1119f,-0.9926f,1.3976f,-0.039f,-0.9932f,-0.1101f,0.0444f,0f,0f,0f,1f],start_interpolation: 0,interpolation_duration: 1}
data modify entity @s data merge value {"cameras":{},"locators":{"mouse":{"posx":-3.152594283376257e-17,"posy":1.6334569299287043,"posz":0.25742885912666547,"roty":0,"rotx":-20.212246431254687},"left_arm":{"posx":0.33548115298814973,"posy":1.3177135691273172,"posz":0.7247150168791526,"roty":335.33934791572915,"rotx":-83.03934545892048},"right_arm":{"posx":-0.3354811529881499,"posy":1.3177135691273172,"posz":0.7247150168791526,"roty":24.66065208427085,"rotx":-83.03934545892048},"intaract2":{"posx":0,"posy":1.246875,"posz":0,"roty":0,"rotx":0},"intaract":{"posx":0,"posy":0.24687499999999996,"posz":0,"roty":0,"rotx":0},"shadow":{"posx":0,"posy":0.046875,"posz":0,"roty":0,"rotx":0}}}