# This file was generated by Animated Java via MC-Build. It is not recommended to edit this file directly.
$data merge entity $(bone_eyes) {transformation: [-1f,0f,0f,-0.0156f,0f,0.9156f,-0.402f,1.8896f,0f,-0.402f,-0.9156f,0.1471f,0f,0f,0f,1f],start_interpolation: 0,interpolation_duration: 1}
$data merge entity $(bone_head) {transformation: [-1f,0f,0f,0f,0f,0.9156f,-0.402f,1.4739f,0f,-0.402f,-0.9156f,0.0552f,0f,0f,0f,1f],start_interpolation: 0,interpolation_duration: 1}
$data merge entity $(bone_fabric_overray) {transformation: [-1f,0f,0f,0f,0f,0.9852f,0.1714f,1.4739f,0f,0.1714f,-0.9852f,0.0552f,0f,0f,0f,1f],start_interpolation: 0,interpolation_duration: 1}
$data merge entity $(bone_fabric) {transformation: [-1f,0f,0f,0f,0f,0.9852f,0.1714f,1.4739f,0f,0.1714f,-0.9852f,0.0552f,0f,0f,0f,1f],start_interpolation: 0,interpolation_duration: 1}
$data merge entity $(bone_bone_overray) {transformation: [-1f,0f,0f,0f,0f,0.9983f,0.0581f,1.4739f,0f,0.0581f,-0.9983f,0.0552f,0f,0f,0f,1f],start_interpolation: 0,interpolation_duration: 1}
$data merge entity $(bone_bone) {transformation: [-1f,0f,0f,0f,0f,0.9983f,0.0581f,1.4739f,0f,0.0581f,-0.9983f,0.0552f,0f,0f,0f,1f],start_interpolation: 0,interpolation_duration: 1}
$data merge entity $(bone_left_arm1) {transformation: [-0.9975f,-0.0555f,-0.0445f,0.25f,0.0545f,-0.1947f,-0.9794f,1.4123f,0.0457f,-0.9793f,0.1972f,0.0444f,0f,0f,0f,1f],start_interpolation: 0,interpolation_duration: 1}
$data merge entity $(bone_right_arm1) {transformation: [-0.9975f,0.0555f,0.0445f,-0.25f,-0.0545f,-0.1947f,-0.9794f,1.4123f,-0.0457f,-0.9793f,0.1972f,0.0444f,0f,0f,0f,1f],start_interpolation: 0,interpolation_duration: 1}
data modify entity @s data merge value {"cameras":{},"locators":{"mouse":{"posx":-3.0178794260096394e-17,"posy":1.6602053046950869,"posz":0.24642855622623638,"roty":0,"rotx":-23.705860255447032},"left_arm":{"posx":0.3504968580343335,"posy":1.5427393233331028,"posz":0.7147716997012722,"roty":192.70506669107309,"rotx":-78.33689649613021},"right_arm":{"posx":-0.35049685803433367,"posy":1.5427393233331028,"posz":0.7147716997012722,"roty":167.29493330892694,"rotx":-78.33689649613021},"intaract2":{"posx":0,"posy":1.2546875,"posz":0,"roty":0,"rotx":0},"intaract":{"posx":0,"posy":0.25468749999999996,"posz":0,"roty":0,"rotx":0},"shadow":{"posx":0,"posy":0.0546875,"posz":0,"roty":0,"rotx":0}}}