# This file was generated by Animated Java via MC-Build. It is not recommended to edit this file directly.
$data merge entity $(bone_eyes) {transformation: [-1f,0f,0f,-0.0156f,0f,0.8952f,-0.4457f,1.9068f,0f,-0.4457f,-0.8952f,0.1269f,0f,0f,0f,1f],start_interpolation: 0,interpolation_duration: 1}
$data merge entity $(bone_head) {transformation: [-1f,0f,0f,0f,0f,0.8952f,-0.4457f,1.4871f,0f,-0.4457f,-0.8952f,0.0552f,0f,0f,0f,1f],start_interpolation: 0,interpolation_duration: 1}
$data merge entity $(bone_fabric_overray) {transformation: [-1f,0f,0f,0f,0f,0.9852f,0.1711f,1.4871f,0f,0.1711f,-0.9852f,0.0552f,0f,0f,0f,1f],start_interpolation: 0,interpolation_duration: 1}
$data merge entity $(bone_fabric) {transformation: [-1f,0f,0f,0f,0f,0.9852f,0.1711f,1.4871f,0f,0.1711f,-0.9852f,0.0552f,0f,0f,0f,1f],start_interpolation: 0,interpolation_duration: 1}
$data merge entity $(bone_bone_overray) {transformation: [-1f,0f,0f,0f,0f,0.9993f,0.0372f,1.4871f,0f,0.0372f,-0.9993f,0.0552f,0f,0f,0f,1f],start_interpolation: 0,interpolation_duration: 1}
$data merge entity $(bone_bone) {transformation: [-1f,0f,0f,0f,0f,0.9993f,0.0372f,1.4871f,0f,0.0372f,-0.9993f,0.0552f,0f,0f,0f,1f],start_interpolation: 0,interpolation_duration: 1}
$data merge entity $(bone_left_arm1) {transformation: [-0.9968f,-0.0733f,-0.0308f,0.25f,0.0609f,-0.455f,-0.8884f,1.4256f,0.0511f,-0.8875f,0.458f,0.0444f,0f,0f,0f,1f],start_interpolation: 0,interpolation_duration: 1}
$data merge entity $(bone_right_arm1) {transformation: [-0.9968f,0.0733f,0.0308f,-0.25f,-0.0609f,-0.455f,-0.8884f,1.4256f,-0.0511f,-0.8875f,0.458f,0.0444f,0f,0f,0f,1f],start_interpolation: 0,interpolation_duration: 1}
data modify entity @s data merge value {"cameras":{},"locators":{"mouse":{"posx":-2.905149391650127e-17,"posy":1.6824559658343239,"posz":0.23722345035914075,"roty":0,"rotx":-26.468820435762584},"left_arm":{"posx":0.36269200047814687,"posy":1.7345467844701685,"posz":0.6513105353545202,"roty":183.8483211416818,"rotx":-62.67487245378194},"right_arm":{"posx":-0.362692000478147,"posy":1.7345467844701685,"posz":0.6513105353545202,"roty":176.15167885831823,"rotx":-62.67487245378194},"intaract2":{"posx":0,"posy":1.2625,"posz":0,"roty":0,"rotx":0},"intaract":{"posx":0,"posy":0.26249999999999996,"posz":0,"roty":0,"rotx":0},"shadow":{"posx":0,"posy":0.0625,"posz":0,"roty":0,"rotx":0}}}