# This file was generated by Animated Java via MC-Build. It is not recommended to edit this file directly.
$data merge entity $(bone_eyes) {transformation: [-1f,0f,0f,-0.0156f,0f,0.8812f,-0.4728f,1.9198f,0f,-0.4728f,-0.8812f,0.1141f,0f,0f,0f,1f],start_interpolation: 0,interpolation_duration: 1}
$data merge entity $(bone_head) {transformation: [-1f,0f,0f,0f,0f,0.8812f,-0.4728f,1.4981f,0f,-0.4728f,-0.8812f,0.0552f,0f,0f,0f,1f],start_interpolation: 0,interpolation_duration: 1}
$data merge entity $(bone_fabric_overray) {transformation: [-1f,0f,0f,0f,0f,0.9853f,0.171f,1.4981f,0f,0.171f,-0.9853f,0.0552f,0f,0f,0f,1f],start_interpolation: 0,interpolation_duration: 1}
$data merge entity $(bone_fabric) {transformation: [-1f,0f,0f,0f,0f,0.9853f,0.171f,1.4981f,0f,0.171f,-0.9853f,0.0552f,0f,0f,0f,1f],start_interpolation: 0,interpolation_duration: 1}
$data merge entity $(bone_bone_overray) {transformation: [-1f,0f,0f,0f,0f,0.9998f,0.0179f,1.4981f,0f,0.0179f,-0.9998f,0.0552f,0f,0f,0f,1f],start_interpolation: 0,interpolation_duration: 1}
$data merge entity $(bone_bone) {transformation: [-1f,0f,0f,0f,0f,0.9998f,0.0179f,1.4981f,0f,0.0179f,-0.9998f,0.0552f,0f,0f,0f,1f],start_interpolation: 0,interpolation_duration: 1}
$data merge entity $(bone_left_arm1) {transformation: [-0.9964f,-0.0839f,-0.0142f,0.25f,0.0652f,-0.6454f,-0.7611f,1.4366f,0.0547f,-0.7592f,0.6485f,0.0444f,0f,0f,0f,1f],start_interpolation: 0,interpolation_duration: 1}
$data merge entity $(bone_right_arm1) {transformation: [-0.9964f,0.0839f,0.0142f,-0.25f,-0.0652f,-0.6454f,-0.7611f,1.4366f,-0.0547f,-0.7592f,0.6485f,0.0444f,0f,0f,0f,1f],start_interpolation: 0,interpolation_duration: 1}
data modify entity @s data merge value {"cameras":{},"locators":{"mouse":{"posx":-2.831268516438215e-17,"posy":1.6989075578853403,"posz":0.2311906190755942,"roty":0,"rotx":-28.213749060856507},"left_arm":{"posx":0.369969344117353,"posy":1.876197698465839,"posz":0.562901924365511,"roty":181.25375968943447,"rotx":-49.55686509080992},"right_arm":{"posx":-0.36996934411735316,"posy":1.876197698465839,"posz":0.562901924365511,"roty":178.74624031056555,"rotx":-49.55686509080992},"intaract2":{"posx":0,"posy":1.2703125,"posz":0,"roty":0,"rotx":0},"intaract":{"posx":0,"posy":0.27031249999999996,"posz":0,"roty":0,"rotx":0},"shadow":{"posx":0,"posy":0.0703125,"posz":0,"roty":0,"rotx":0}}}