# This file was generated by Animated Java via MC-Build. It is not recommended to edit this file directly.
$data merge entity $(bone_eyes) {transformation: [-1f,0f,0f,-0.0156f,0f,0.9997f,0.0248f,1.7198f,0f,0.0248f,-0.9997f,0.3071f,0f,0f,0f,1f],start_interpolation: 0,interpolation_duration: 1}
$data merge entity $(bone_head) {transformation: [-1f,0f,0f,0f,0f,0.9997f,0.0248f,1.3824f,0f,0.0248f,-0.9997f,0.0474f,0f,0f,0f,1f],start_interpolation: 0,interpolation_duration: 1}
$data merge entity $(bone_fabric_overray) {transformation: [-1f,0f,0f,0f,0f,0.9873f,0.1588f,1.3824f,0f,0.1588f,-0.9873f,0.0474f,0f,0f,0f,1f],start_interpolation: 0,interpolation_duration: 1}
$data merge entity $(bone_fabric) {transformation: [-1f,0f,0f,0f,0f,0.9873f,0.1588f,1.3824f,0f,0.1588f,-0.9873f,0.0474f,0f,0f,0f,1f],start_interpolation: 0,interpolation_duration: 1}
$data merge entity $(bone_bone_overray) {transformation: [-1f,0f,0f,0f,0f,0.9889f,0.1485f,1.3824f,0f,0.1485f,-0.9889f,0.0474f,0f,0f,0f,1f],start_interpolation: 0,interpolation_duration: 1}
$data merge entity $(bone_bone) {transformation: [-1f,0f,0f,0f,0f,0.9889f,0.1485f,1.3824f,0f,0.1485f,-0.9889f,0.0474f,0f,0f,0f,1f],start_interpolation: 0,interpolation_duration: 1}
$data merge entity $(bone_left_arm1) {transformation: [-0.9989f,0.0434f,0.0193f,0.25f,0.0453f,0.9921f,0.1169f,1.3206f,-0.014f,0.1177f,-0.993f,0.0381f,0f,0f,0f,1f],start_interpolation: 0,interpolation_duration: 1}
$data merge entity $(bone_right_arm1) {transformation: [-0.9985f,-0.0491f,-0.0236f,-0.25f,-0.0515f,0.992f,0.1156f,1.3206f,0.0177f,0.1166f,-0.993f,0.0381f,0f,0f,0f,1f],start_interpolation: 0,interpolation_duration: 1}
data modify entity @s data merge value {"cameras":{},"locators":{"mouse":{"posx":-3.6692096740933326e-17,"posy":1.4699053832960554,"posz":0.29961370712339097,"roty":0,"rotx":1.4216666666666646},"left_arm":{"posx":0.2826212561086197,"posy":0.6356746424732693,"posz":-0.04193677740525836,"roty":1.111426883220389,"rotx":6.71470778735838},"right_arm":{"posx":-0.27865053713952304,"posy":0.6353862349359111,"posz":-0.04098221590214336,"roty":358.63990598681636,"rotx":6.636471091649791}}}