# This file was generated by Animated Java via MC-Build. It is not recommended to edit this file directly.
$data merge entity $(bone_eyes) {transformation: [-1f,0f,0f,-0.0156f,0f,0.8624f,0.5063f,1.5541f,0f,0.5063f,-0.8624f,0.3667f,0f,0f,0f,1f],start_interpolation: 0,interpolation_duration: 1}
$data merge entity $(bone_head) {transformation: [-1f,0f,0f,0f,0f,0.8624f,0.5063f,1.3849f,0f,0.5063f,-0.8624f,-0.024f,0f,0f,0f,1f],start_interpolation: 0,interpolation_duration: 1}
$data merge entity $(bone_fabric_overray) {transformation: [-1f,0f,0f,0f,0f,0.9913f,0.1318f,1.3849f,0f,0.1318f,-0.9913f,-0.024f,0f,0f,0f,1f],start_interpolation: 0,interpolation_duration: 1}
$data merge entity $(bone_fabric) {transformation: [-1f,0f,0f,0f,0f,0.9913f,0.1318f,1.3849f,0f,0.1318f,-0.9913f,-0.024f,0f,0f,0f,1f],start_interpolation: 0,interpolation_duration: 1}
$data merge entity $(bone_bone_overray) {transformation: [-1f,0f,0f,0f,0f,0.9968f,-0.0799f,1.3849f,0f,-0.0799f,-0.9968f,-0.024f,0f,0f,0f,1f],start_interpolation: 0,interpolation_duration: 1}
$data merge entity $(bone_bone) {transformation: [-1f,0f,0f,0f,0f,0.9968f,-0.0799f,1.3849f,0f,-0.0799f,-0.9968f,-0.024f,0f,0f,0f,1f],start_interpolation: 0,interpolation_duration: 1}
$data merge entity $(bone_left_arm1) {transformation: [-0.8907f,0.4517f,0.0509f,0.25f,0.3882f,0.8141f,-0.4318f,1.3226f,-0.2365f,-0.3649f,-0.9005f,-0.019f,0f,0f,0f,1f],start_interpolation: 0,interpolation_duration: 1}
$data merge entity $(bone_right_arm1) {transformation: [-0.8575f,-0.5106f,-0.0629f,-0.25f,-0.4288f,0.777f,-0.4609f,1.3226f,0.2842f,-0.3682f,-0.8852f,-0.019f,0f,0f,0f,1f],start_interpolation: 0,interpolation_duration: 1}
data modify entity @s data merge value {"cameras":{},"locators":{"mouse":{"posx":-2.9273192363004995e-17,"posy":1.3391293814269665,"posz":0.23903375555618261,"roty":0,"rotx":30.416666666666668},"left_arm":{"posx":-0.004869772880289225,"posy":0.7385650561124654,"posz":0.24660610946129644,"roty":3.235994422490819,"rotx":-25.58379593909981},"right_arm":{"posx":0.047425212068194667,"posy":0.7615648662889322,"posz":0.25188265906756135,"roty":355.932622030958,"rotx":-27.443082008540678}}}
