# This file was generated by Animated Java via MC-Build. It is not recommended to edit this file directly.
$data merge entity $(bone_eyes) {transformation: [-1f,0f,0f,-0.0156f,0f,0.8624f,0.5063f,1.5534f,0f,0.5063f,-0.8624f,0.3588f,0f,0f,0f,1f],start_interpolation: 0,interpolation_duration: 1}
$data merge entity $(bone_head) {transformation: [-1f,0f,0f,0f,0f,0.8624f,0.5063f,1.3841f,0f,0.5063f,-0.8624f,-0.0319f,0f,0f,0f,1f],start_interpolation: 0,interpolation_duration: 1}
$data merge entity $(bone_fabric_overray) {transformation: [-1f,0f,0f,0f,0f,0.9919f,0.1273f,1.3841f,0f,0.1273f,-0.9919f,-0.0319f,0f,0f,0f,1f],start_interpolation: 0,interpolation_duration: 1}
$data merge entity $(bone_fabric) {transformation: [-1f,0f,0f,0f,0f,0.9919f,0.1273f,1.3841f,0f,0.1273f,-0.9919f,-0.0319f,0f,0f,0f,1f],start_interpolation: 0,interpolation_duration: 1}
$data merge entity $(bone_bone_overray) {transformation: [-1f,0f,0f,0f,0f,0.9944f,-0.1053f,1.3841f,0f,-0.1053f,-0.9944f,-0.0319f,0f,0f,0f,1f],start_interpolation: 0,interpolation_duration: 1}
$data merge entity $(bone_bone) {transformation: [-1f,0f,0f,0f,0f,0.9944f,-0.1053f,1.3841f,0f,-0.1053f,-0.9944f,-0.0319f,0f,0f,0f,1f],start_interpolation: 0,interpolation_duration: 1}
$data merge entity $(bone_left_arm1) {transformation: [-0.8686f,0.4941f,0.0373f,0.25f,0.4154f,0.7672f,-0.4887f,1.322f,-0.2701f,-0.4089f,-0.8717f,-0.0254f,0f,0f,0f,1f],start_interpolation: 0,interpolation_duration: 1}
$data merge entity $(bone_right_arm1) {transformation: [-0.8291f,-0.5572f,-0.0461f,-0.25f,-0.4562f,0.722f,-0.5202f,1.322f,0.3232f,-0.4102f,-0.8528f,-0.0254f,0f,0f,0f,1f],start_interpolation: 0,interpolation_duration: 1}
data modify entity @s data merge value {"cameras":{},"locators":{"mouse":{"posx":-2.830344843165853e-17,"posy":1.3383989117150827,"posz":0.23111519542911874,"roty":0,"rotx":30.415370370370372},"left_arm":{"posx":-0.03539516669420811,"posy":0.7685305247749942,"posz":0.2726685210607132,"roty":2.4530255342593534,"rotx":-29.252832972654016},"right_arm":{"posx":0.08124410767542706,"posy":0.7970863030415158,"posz":0.2768663250613296,"roty":356.9025242687974,"rotx":-31.344291725344977}}}