# This file was generated by Animated Java via MC-Build. It is not recommended to edit this file directly.
$data merge entity $(bone_eyes) {transformation: [-1f,0f,0f,-0.0156f,0f,0.8633f,0.5047f,1.5531f,0f,0.5047f,-0.8633f,0.3506f,0f,0f,0f,1f],start_interpolation: 0,interpolation_duration: 1}
$data merge entity $(bone_head) {transformation: [-1f,0f,0f,0f,0f,0.8633f,0.5047f,1.3832f,0f,0.5047f,-0.8633f,-0.0398f,0f,0f,0f,1f],start_interpolation: 0,interpolation_duration: 1}
$data merge entity $(bone_fabric_overray) {transformation: [-1f,0f,0f,0f,0f,0.9928f,0.1202f,1.3832f,0f,0.1202f,-0.9928f,-0.0398f,0f,0f,0f,1f],start_interpolation: 0,interpolation_duration: 1}
$data merge entity $(bone_fabric) {transformation: [-1f,0f,0f,0f,0f,0.9928f,0.1202f,1.3832f,0f,0.1202f,-0.9928f,-0.0398f,0f,0f,0f,1f],start_interpolation: 0,interpolation_duration: 1}
$data merge entity $(bone_bone_overray) {transformation: [-1f,0f,0f,0f,0f,0.9914f,-0.1305f,1.3832f,0f,-0.1305f,-0.9914f,-0.0398f,0f,0f,0f,1f],start_interpolation: 0,interpolation_duration: 1}
$data merge entity $(bone_bone) {transformation: [-1f,0f,0f,0f,0f,0.9914f,-0.1305f,1.3832f,0f,-0.1305f,-0.9914f,-0.0398f,0f,0f,0f,1f],start_interpolation: 0,interpolation_duration: 1}
$data merge entity $(bone_left_arm1) {transformation: [-0.8447f,0.5348f,0.0203f,0.25f,0.4398f,0.7154f,-0.5429f,1.3212f,-0.3049f,-0.4497f,-0.8395f,-0.0317f,0f,0f,0f,1f],start_interpolation: 0,interpolation_duration: 1}
$data merge entity $(bone_right_arm1) {transformation: [-0.7986f,-0.6014f,-0.0251f,-0.25f,-0.48f,0.6614f,-0.5763f,1.3212f,0.3632f,-0.4482f,-0.8168f,-0.0317f,0f,0f,0f,1f],start_interpolation: 0,interpolation_duration: 1}
data modify entity @s data merge value {"cameras":{},"locators":{"mouse":{"posx":-2.7346250319831538e-17,"posy":1.33793652491983,"posz":0.22329907969278218,"roty":0,"rotx":30.31185185185184},"left_arm":{"posx":-0.06488678455860097,"posy":0.8019085233841947,"posz":0.2965410617491536,"roty":1.3882861101776314,"rotx":-32.88458415513118},"right_arm":{"posx":0.11354344735215455,"posy":0.836492682389308,"posz":0.29914070936452986,"roty":358.23813993515125,"rotx":-35.19291192264609}}}