# This file was generated by Animated Java via MC-Build. It is not recommended to edit this file directly.
$data merge entity $(bone_eyes) {transformation: [-1f,0f,0f,-0.0156f,0f,0.8502f,0.5264f,1.5433f,0f,0.5264f,-0.8502f,0.356f,0f,0f,0f,1f],start_interpolation: 0,interpolation_duration: 1}
$data merge entity $(bone_head) {transformation: [-1f,0f,0f,0f,0f,0.8502f,0.5264f,1.3833f,0f,0.5264f,-0.8502f,-0.0386f,0f,0f,0f,1f],start_interpolation: 0,interpolation_duration: 1}
$data merge entity $(bone_fabric_overray) {transformation: [-1f,0f,0f,0f,0f,0.9909f,0.1344f,1.3833f,0f,0.1344f,-0.9909f,-0.0386f,0f,0f,0f,1f],start_interpolation: 0,interpolation_duration: 1}
$data merge entity $(bone_fabric) {transformation: [-1f,0f,0f,0f,0f,0.9909f,0.1344f,1.3833f,0f,0.1344f,-0.9909f,-0.0386f,0f,0f,0f,1f],start_interpolation: 0,interpolation_duration: 1}
$data merge entity $(bone_bone_overray) {transformation: [-1f,0f,0f,0f,0f,0.9919f,-0.1266f,1.3833f,0f,-0.1266f,-0.9919f,-0.0386f,0f,0f,0f,1f],start_interpolation: 0,interpolation_duration: 1}
$data merge entity $(bone_bone) {transformation: [-1f,0f,0f,0f,0f,0.9919f,-0.1266f,1.3833f,0f,-0.1266f,-0.9919f,-0.0386f,0f,0f,0f,1f],start_interpolation: 0,interpolation_duration: 1}
$data merge entity $(bone_left_arm1) {transformation: [-0.8192f,0.5736f,0f,0.25f,0.4711f,0.6728f,-0.5704f,1.3213f,-0.3271f,-0.4672f,-0.8214f,-0.0307f,0f,0f,0f,1f],start_interpolation: 0,interpolation_duration: 1}
$data merge entity $(bone_right_arm1) {transformation: [-0.766f,-0.6428f,0f,-0.25f,-0.5115f,0.6096f,-0.6057f,1.3213f,0.3893f,-0.464f,-0.7957f,-0.0307f,0f,0f,0f,1f],start_interpolation: 0,interpolation_duration: 1}
data modify entity @s data merge value {"cameras":{},"locators":{"mouse":{"posx":-2.734406350328119e-17,"posy":1.3314382794214008,"posz":0.22328122298052952,"roty":0,"rotx":31.764358974358977},"left_arm":{"posx":-0.09313678983986406,"posy":0.8293136350826953,"posz":0.3109459241356141,"roty":0.000003723359242258084,"rotx":-34.77564001952374},"right_arm":{"posx":0.14403867367910594,"posy":0.8702959931636076,"posz":0.31258929063206137,"roty":359.9999906756699,"rotx":-37.275638965809726}}}