# This file was generated by Animated Java via MC-Build. It is not recommended to edit this file directly.
$data merge entity $(bone_eyes) {transformation: [-1f,0f,0f,-0.0156f,0f,0.838f,0.5456f,1.5345f,0f,0.5456f,-0.838f,0.3607f,0f,0f,0f,1f],start_interpolation: 0,interpolation_duration: 1}
$data merge entity $(bone_head) {transformation: [-1f,0f,0f,0f,0f,0.838f,0.5456f,1.3835f,0f,0.5456f,-0.838f,-0.0374f,0f,0f,0f,1f],start_interpolation: 0,interpolation_duration: 1}
$data merge entity $(bone_fabric_overray) {transformation: [-1f,0f,0f,0f,0f,0.9909f,0.1346f,1.3835f,0f,0.1346f,-0.9909f,-0.0374f,0f,0f,0f,1f],start_interpolation: 0,interpolation_duration: 1}
$data merge entity $(bone_fabric) {transformation: [-1f,0f,0f,0f,0f,0.9909f,0.1346f,1.3835f,0f,0.1346f,-0.9909f,-0.0374f,0f,0f,0f,1f],start_interpolation: 0,interpolation_duration: 1}
$data merge entity $(bone_bone_overray) {transformation: [-1f,0f,0f,0f,0f,0.9924f,-0.1228f,1.3835f,0f,-0.1228f,-0.9924f,-0.0374f,0f,0f,0f,1f],start_interpolation: 0,interpolation_duration: 1}
$data merge entity $(bone_bone) {transformation: [-1f,0f,0f,0f,0f,0.9924f,-0.1228f,1.3835f,0f,-0.1228f,-0.9924f,-0.0374f,0f,0f,0f,1f],start_interpolation: 0,interpolation_duration: 1}
$data merge entity $(bone_left_arm1) {transformation: [-0.8192f,0.5736f,0f,0.25f,0.4724f,0.6747f,-0.5671f,1.3215f,-0.3253f,-0.4646f,-0.8236f,-0.0297f,0f,0f,0f,1f],start_interpolation: 0,interpolation_duration: 1}
$data merge entity $(bone_right_arm1) {transformation: [-0.766f,-0.6428f,0f,-0.25f,-0.513f,0.6114f,-0.6025f,1.3215f,0.3873f,-0.4616f,-0.7981f,-0.0297f,0f,0f,0f,1f],start_interpolation: 0,interpolation_duration: 1}
data modify entity @s data merge value {"cameras":{},"locators":{"mouse":{"posx":-2.7340129151736746e-17,"posy":1.3256558956956201,"posz":0.22324909656214356,"roty":0,"rotx":33.065754985754985},"left_arm":{"posx":-0.09313435194054187,"posy":0.8280974657823066,"posz":0.3099843629600693,"roty":0.0006151491462276226,"rotx":-34.55106214179636},"right_arm":{"posx":0.1440430139333263,"posy":0.8690814198263561,"posz":0.3117923101413192,"roty":0.00012948942077173342,"rotx":-37.05150137891596}}}