# This file was generated by Animated Java via MC-Build. It is not recommended to edit this file directly.
$data merge entity $(bone_eyes) {transformation: [-1f,0f,0f,-0.0156f,0f,0.8272f,0.562f,1.5268f,0f,0.562f,-0.8272f,0.3648f,0f,0f,0f,1f],start_interpolation: 0,interpolation_duration: 1}
$data merge entity $(bone_head) {transformation: [-1f,0f,0f,0f,0f,0.8272f,0.562f,1.3836f,0f,0.562f,-0.8272f,-0.0362f,0f,0f,0f,1f],start_interpolation: 0,interpolation_duration: 1}
$data merge entity $(bone_fabric_overray) {transformation: [-1f,0f,0f,0f,0f,0.9913f,0.1319f,1.3836f,0f,0.1319f,-0.9913f,-0.0362f,0f,0f,0f,1f],start_interpolation: 0,interpolation_duration: 1}
$data merge entity $(bone_fabric) {transformation: [-1f,0f,0f,0f,0f,0.9913f,0.1319f,1.3836f,0f,0.1319f,-0.9913f,-0.0362f,0f,0f,0f,1f],start_interpolation: 0,interpolation_duration: 1}
$data merge entity $(bone_bone_overray) {transformation: [-1f,0f,0f,0f,0f,0.9929f,-0.1189f,1.3836f,0f,-0.1189f,-0.9929f,-0.0362f,0f,0f,0f,1f],start_interpolation: 0,interpolation_duration: 1}
$data merge entity $(bone_bone) {transformation: [-1f,0f,0f,0f,0f,0.9929f,-0.1189f,1.3836f,0f,-0.1189f,-0.9929f,-0.0362f,0f,0f,0f,1f],start_interpolation: 0,interpolation_duration: 1}
$data merge entity $(bone_left_arm1) {transformation: [-0.8192f,0.5736f,0f,0.25f,0.4737f,0.6765f,-0.5639f,1.3216f,-0.3235f,-0.4619f,-0.8258f,-0.0288f,0f,0f,0f,1f],start_interpolation: 0,interpolation_duration: 1}
$data merge entity $(bone_right_arm1) {transformation: [-0.766f,-0.6428f,0f,-0.25f,-0.5145f,0.6132f,-0.5994f,1.3216f,0.3853f,-0.4592f,-0.8004f,-0.0288f,0f,0f,0f,1f],start_interpolation: 0,interpolation_duration: 1}
data modify entity @s data merge value {"cameras":{},"locators":{"mouse":{"posx":-2.73435666542216e-17,"posy":1.3206933317019858,"posz":0.22327716590007218,"roty":0,"rotx":34.19159544159545},"left_arm":{"posx":-0.09313191397170406,"posy":0.8268850851367009,"posz":0.30901803062343847,"roty":0.001223290686823475,"rotx":-34.32648425727229},"right_arm":{"posx":0.14404735415519326,"posy":0.8678699745149642,"posz":0.31099059611938606,"roty":0.00026749158121219807,"rotx":-36.827363791757335}}}