# This file was generated by Animated Java via MC-Build. It is not recommended to edit this file directly.
$data merge entity $(bone_eyes) {transformation: [-1f,0f,0f,-0.0156f,0f,0.818f,0.5753f,1.5204f,0f,0.5753f,-0.818f,0.3683f,0f,0f,0f,1f],start_interpolation: 0,interpolation_duration: 1}
$data merge entity $(bone_head) {transformation: [-1f,0f,0f,0f,0f,0.818f,0.5753f,1.3838f,0f,0.5753f,-0.818f,-0.035f,0f,0f,0f,1f],start_interpolation: 0,interpolation_duration: 1}
$data merge entity $(bone_fabric_overray) {transformation: [-1f,0f,0f,0f,0f,0.9918f,0.1281f,1.3838f,0f,0.1281f,-0.9918f,-0.035f,0f,0f,0f,1f],start_interpolation: 0,interpolation_duration: 1}
$data merge entity $(bone_fabric) {transformation: [-1f,0f,0f,0f,0f,0.9918f,0.1281f,1.3838f,0f,0.1281f,-0.9918f,-0.035f,0f,0f,0f,1f],start_interpolation: 0,interpolation_duration: 1}
$data merge entity $(bone_bone_overray) {transformation: [-1f,0f,0f,0f,0f,0.9934f,-0.115f,1.3838f,0f,-0.115f,-0.9934f,-0.035f,0f,0f,0f,1f],start_interpolation: 0,interpolation_duration: 1}
$data merge entity $(bone_bone) {transformation: [-1f,0f,0f,0f,0f,0.9934f,-0.115f,1.3838f,0f,-0.115f,-0.9934f,-0.035f,0f,0f,0f,1f],start_interpolation: 0,interpolation_duration: 1}
$data merge entity $(bone_left_arm1) {transformation: [-0.8192f,0.5736f,0f,0.25f,0.4749f,0.6783f,-0.5607f,1.3217f,-0.3216f,-0.4593f,-0.828f,-0.0278f,0f,0f,0f,1f],start_interpolation: 0,interpolation_duration: 1}
$data merge entity $(bone_right_arm1) {transformation: [-0.766f,-0.6428f,0f,-0.25f,-0.516f,0.615f,-0.5963f,1.3217f,0.3833f,-0.4568f,-0.8028f,-0.0278f,0f,0f,0f,1f],start_interpolation: 0,interpolation_duration: 1}
data modify entity @s data merge value {"cameras":{},"locators":{"mouse":{"posx":-2.7363694129801964e-17,"posy":1.3166519706171589,"posz":0.2234415192107115,"roty":0,"rotx":35.11743589743589},"left_arm":{"posx":-0.09312947593335008,"posy":0.8256765118633345,"posz":0.3080469420531263,"roty":0.0018282023113442847,"rotx":-34.10190636602745},"right_arm":{"posx":0.1440516943447066,"posy":0.8666616756769223,"posz":0.31018416084308525,"roty":0.0004046955982630607,"rotx":-36.60322620433776}}}