# This file was generated by Animated Java via MC-Build. It is not recommended to edit this file directly.
$data merge entity $(bone_eyes) {transformation: [-1f,0f,0f,-0.0156f,0f,0.8109f,0.5852f,1.5156f,0f,0.5852f,-0.8109f,0.3711f,0f,0f,0f,1f],start_interpolation: 0,interpolation_duration: 1}
$data merge entity $(bone_head) {transformation: [-1f,0f,0f,0f,0f,0.8109f,0.5852f,1.3839f,0f,0.5852f,-0.8109f,-0.0338f,0f,0f,0f,1f],start_interpolation: 0,interpolation_duration: 1}
$data merge entity $(bone_fabric_overray) {transformation: [-1f,0f,0f,0f,0f,0.9923f,0.1238f,1.3839f,0f,0.1238f,-0.9923f,-0.0338f,0f,0f,0f,1f],start_interpolation: 0,interpolation_duration: 1}
$data merge entity $(bone_fabric) {transformation: [-1f,0f,0f,0f,0f,0.9923f,0.1238f,1.3839f,0f,0.1238f,-0.9923f,-0.0338f,0f,0f,0f,1f],start_interpolation: 0,interpolation_duration: 1}
$data merge entity $(bone_bone_overray) {transformation: [-1f,0f,0f,0f,0f,0.9938f,-0.1111f,1.3839f,0f,-0.1111f,-0.9938f,-0.0338f,0f,0f,0f,1f],start_interpolation: 0,interpolation_duration: 1}
$data merge entity $(bone_bone) {transformation: [-1f,0f,0f,0f,0f,0.9938f,-0.1111f,1.3839f,0f,-0.1111f,-0.9938f,-0.0338f,0f,0f,0f,1f],start_interpolation: 0,interpolation_duration: 1}
$data merge entity $(bone_left_arm1) {transformation: [-0.8192f,0.5736f,0f,0.25f,0.4762f,0.6801f,-0.5574f,1.3218f,-0.3197f,-0.4566f,-0.8302f,-0.0268f,0f,0f,0f,1f],start_interpolation: 0,interpolation_duration: 1}
$data merge entity $(bone_right_arm1) {transformation: [-0.766f,-0.6428f,0f,-0.25f,-0.5175f,0.6167f,-0.5931f,1.3218f,0.3813f,-0.4544f,-0.8051f,-0.0268f,0f,0f,0f,1f],start_interpolation: 0,interpolation_duration: 1}
data modify entity @s data merge value {"cameras":{},"locators":{"mouse":{"posx":-2.7409586309160148e-17,"posy":1.313631862502499,"posz":0.2238162572934806,"roty":0,"rotx":35.81883190883191},"left_arm":{"posx":-0.09312703782548054,"posy":0.8244717646208505,"posz":0.3070711122499653,"roty":0.002429937574277119,"rotx":-33.877328468136895},"right_arm":{"posx":0.14405603450186527,"posy":0.865456541711537,"posz":0.30937301666113126,"roty":0.0005411147137692751,"rotx":-36.379088616661}}}