# This file was generated by Animated Java via MC-Build. It is not recommended to edit this file directly.
$data merge entity $(bone_eyes) {transformation: [-1f,0f,0f,-0.0156f,0f,0.8062f,0.5916f,1.5125f,0f,0.5916f,-0.8062f,0.3734f,0f,0f,0f,1f],start_interpolation: 0,interpolation_duration: 1}
$data merge entity $(bone_head) {transformation: [-1f,0f,0f,0f,0f,0.8062f,0.5916f,1.3841f,0f,0.5916f,-0.8062f,-0.0326f,0f,0f,0f,1f],start_interpolation: 0,interpolation_duration: 1}
$data merge entity $(bone_fabric_overray) {transformation: [-1f,0f,0f,0f,0f,0.9929f,0.1192f,1.3841f,0f,0.1192f,-0.9929f,-0.0326f,0f,0f,0f,1f],start_interpolation: 0,interpolation_duration: 1}
$data merge entity $(bone_fabric) {transformation: [-1f,0f,0f,0f,0f,0.9929f,0.1192f,1.3841f,0f,0.1192f,-0.9929f,-0.0326f,0f,0f,0f,1f],start_interpolation: 0,interpolation_duration: 1}
$data merge entity $(bone_bone_overray) {transformation: [-1f,0f,0f,0f,0f,0.9942f,-0.1072f,1.3841f,0f,-0.1072f,-0.9942f,-0.0326f,0f,0f,0f,1f],start_interpolation: 0,interpolation_duration: 1}
$data merge entity $(bone_bone) {transformation: [-1f,0f,0f,0f,0f,0.9942f,-0.1072f,1.3841f,0f,-0.1072f,-0.9942f,-0.0326f,0f,0f,0f,1f],start_interpolation: 0,interpolation_duration: 1}
$data merge entity $(bone_left_arm1) {transformation: [-0.8192f,0.5736f,0f,0.25f,0.4774f,0.6819f,-0.5542f,1.3219f,-0.3179f,-0.4539f,-0.8324f,-0.0259f,0f,0f,0f,1f],start_interpolation: 0,interpolation_duration: 1}
$data merge entity $(bone_right_arm1) {transformation: [-0.766f,-0.6428f,0f,-0.25f,-0.519f,0.6185f,-0.59f,1.3219f,0.3792f,-0.4519f,-0.8074f,-0.0259f,0f,0f,0f,1f],start_interpolation: 0,interpolation_duration: 1}
data modify entity @s data merge value {"cameras":{},"locators":{"mouse":{"posx":-2.7489585433911932e-17,"posy":1.3117333143784493,"posz":0.2244694997206644,"roty":0,"rotx":36.271339031339025},"left_arm":{"posx":-0.09312459964809539,"posy":0.823270862008791,"posz":0.3060905562879844,"roty":0.003028549270879921,"rotx":-33.65275056367495},"right_arm":{"posx":0.14406037462666926,"posy":0.8642545909696522,"posz":0.3085571759939416,"roty":0.0006767619691743221,"rotx":-36.15495102873082}}}