# This file was generated by Animated Java via MC-Build. It is not recommended to edit this file directly.
$data merge entity $(bone_eyes) {transformation: [-1f,0f,0f,-0.0156f,0f,0.8044f,0.5941f,1.5114f,0f,0.5941f,-0.8044f,0.375f,0f,0f,0f,1f],start_interpolation: 0,interpolation_duration: 1}
$data merge entity $(bone_head) {transformation: [-1f,0f,0f,0f,0f,0.8044f,0.5941f,1.3842f,0f,0.5941f,-0.8044f,-0.0313f,0f,0f,0f,1f],start_interpolation: 0,interpolation_duration: 1}
$data merge entity $(bone_fabric_overray) {transformation: [-1f,0f,0f,0f,0f,0.9934f,0.1144f,1.3842f,0f,0.1144f,-0.9934f,-0.0313f,0f,0f,0f,1f],start_interpolation: 0,interpolation_duration: 1}
$data merge entity $(bone_fabric) {transformation: [-1f,0f,0f,0f,0f,0.9934f,0.1144f,1.3842f,0f,0.1144f,-0.9934f,-0.0313f,0f,0f,0f,1f],start_interpolation: 0,interpolation_duration: 1}
$data merge entity $(bone_bone_overray) {transformation: [-1f,0f,0f,0f,0f,0.9946f,-0.1033f,1.3842f,0f,-0.1033f,-0.9946f,-0.0313f,0f,0f,0f,1f],start_interpolation: 0,interpolation_duration: 1}
$data merge entity $(bone_bone) {transformation: [-1f,0f,0f,0f,0f,0.9946f,-0.1033f,1.3842f,0f,-0.1033f,-0.9946f,-0.0313f,0f,0f,0f,1f],start_interpolation: 0,interpolation_duration: 1}
$data merge entity $(bone_left_arm1) {transformation: [-0.8192f,0.5736f,0.0001f,0.25f,0.4787f,0.6837f,-0.5509f,1.322f,-0.316f,-0.4512f,-0.8346f,-0.0249f,0f,0f,0f,1f],start_interpolation: 0,interpolation_duration: 1}
$data merge entity $(bone_right_arm1) {transformation: [-0.766f,-0.6428f,0f,-0.25f,-0.5205f,0.6203f,-0.5868f,1.322f,0.3772f,-0.4495f,-0.8097f,-0.0249f,0f,0f,0f,1f],start_interpolation: 0,interpolation_duration: 1}
data modify entity @s data merge value {"cameras":{},"locators":{"mouse":{"posx":-2.7610761852655523e-17,"posy":1.3110587200942854,"posz":0.22545898026989666,"roty":0,"rotx":36.45051282051282},"left_arm":{"posx":-0.09312216140119511,"posy":0.8220738225673094,"posz":0.3051052893141766,"roty":0.003624089452955559,"rotx":-33.42817265271514},"right_arm":{"posx":0.14406471471911786,"posy":0.8630558417533691,"posz":0.3077366513334463,"roty":0.0008116502096697786,"rotx":-35.930813440550956}}}