# This file was generated by Animated Java via MC-Build. It is not recommended to edit this file directly.
$data merge entity $(bone_eyes) {transformation: [-1f,0f,0f,-0.0156f,0f,0.9977f,0.0684f,1.7092f,0f,0.0684f,-0.9977f,0.3137f,0f,0f,0f,1f],start_interpolation: 0,interpolation_duration: 1}
$data merge entity $(bone_head) {transformation: [-1f,0f,0f,0f,0f,0.9977f,0.0684f,1.3835f,0f,0.0684f,-0.9977f,0.0395f,0f,0f,0f,1f],start_interpolation: 0,interpolation_duration: 1}
$data merge entity $(bone_fabric_overray) {transformation: [-1f,0f,0f,0f,0f,0.9884f,0.1517f,1.3835f,0f,0.1517f,-0.9884f,0.0395f,0f,0f,0f,1f],start_interpolation: 0,interpolation_duration: 1}
$data merge entity $(bone_fabric) {transformation: [-1f,0f,0f,0f,0f,0.9884f,0.1517f,1.3835f,0f,0.1517f,-0.9884f,0.0395f,0f,0f,0f,1f],start_interpolation: 0,interpolation_duration: 1}
$data merge entity $(bone_bone_overray) {transformation: [-1f,0f,0f,0f,0f,0.9924f,0.1233f,1.3835f,0f,0.1233f,-0.9924f,0.0395f,0f,0f,0f,1f],start_interpolation: 0,interpolation_duration: 1}
$data merge entity $(bone_bone) {transformation: [-1f,0f,0f,0f,0f,0.9924f,0.1233f,1.3835f,0f,0.1233f,-0.9924f,0.0395f,0f,0f,0f,1f],start_interpolation: 0,interpolation_duration: 1}
$data merge entity $(bone_left_arm1) {transformation: [-0.9955f,0.0878f,0.0357f,0.25f,0.0898f,0.9943f,0.0582f,1.3214f,-0.0304f,0.0612f,-0.9977f,0.0318f,0f,0f,0f,1f],start_interpolation: 0,interpolation_duration: 1}
$data merge entity $(bone_right_arm1) {transformation: [-0.9941f,-0.0995f,-0.0438f,-0.25f,-0.1019f,0.9933f,0.0549f,1.3214f,0.038f,0.059f,-0.9975f,0.0318f,0f,0f,0f,1f],start_interpolation: 0,interpolation_duration: 1}
data modify entity @s data merge value {"cameras":{},"locators":{"mouse":{"posx":-3.616546317707264e-17,"posy":1.4598928645275293,"posz":0.2953134177319734,"roty":0,"rotx":3.923333333333334},"left_arm":{"posx":0.25186829524777027,"posy":0.6322805927837576,"posz":-0.008365345782204221,"roty":2.0496114089114315,"rotx":3.337057532254718},"right_arm":{"posx":-0.2436982833521055,"posy":0.6321954468788006,"posz":-0.006404452815820812,"roty":357.4858536638564,"rotx":3.1448028014874434}}}