# This file was generated by Animated Java via MC-Build. It is not recommended to edit this file directly.
$data merge entity $(bone_eyes) {transformation: [-1f,0f,0f,-0.0156f,0f,0.8056f,0.5925f,1.5124f,0f,0.5925f,-0.8056f,0.3759f,0f,0f,0f,1f],start_interpolation: 0,interpolation_duration: 1}
$data merge entity $(bone_head) {transformation: [-1f,0f,0f,0f,0f,0.8056f,0.5925f,1.3843f,0f,0.5925f,-0.8056f,-0.0301f,0f,0f,0f,1f],start_interpolation: 0,interpolation_duration: 1}
$data merge entity $(bone_fabric_overray) {transformation: [-1f,0f,0f,0f,0f,0.994f,0.1097f,1.3843f,0f,0.1097f,-0.994f,-0.0301f,0f,0f,0f,1f],start_interpolation: 0,interpolation_duration: 1}
$data merge entity $(bone_fabric) {transformation: [-1f,0f,0f,0f,0f,0.994f,0.1097f,1.3843f,0f,0.1097f,-0.994f,-0.0301f,0f,0f,0f,1f],start_interpolation: 0,interpolation_duration: 1}
$data merge entity $(bone_bone_overray) {transformation: [-1f,0f,0f,0f,0f,0.995f,-0.0994f,1.3843f,0f,-0.0994f,-0.995f,-0.0301f,0f,0f,0f,1f],start_interpolation: 0,interpolation_duration: 1}
$data merge entity $(bone_bone) {transformation: [-1f,0f,0f,0f,0f,0.995f,-0.0994f,1.3843f,0f,-0.0994f,-0.995f,-0.0301f,0f,0f,0f,1f],start_interpolation: 0,interpolation_duration: 1}
$data merge entity $(bone_left_arm1) {transformation: [-0.8192f,0.5736f,0.0001f,0.25f,0.4799f,0.6854f,-0.5476f,1.3221f,-0.3141f,-0.4486f,-0.8367f,-0.0239f,0f,0f,0f,1f],start_interpolation: 0,interpolation_duration: 1}
$data merge entity $(bone_right_arm1) {transformation: [-0.766f,-0.6428f,0f,-0.25f,-0.522f,0.622f,-0.5836f,1.3221f,0.3752f,-0.4471f,-0.812f,-0.0239f,0f,0f,0f,1f],start_interpolation: 0,interpolation_duration: 1}
data modify entity @s data merge value {"cameras":{},"locators":{"mouse":{"posx":-2.77783181436347e-17,"posy":1.3117144728529884,"posz":0.226827181216454,"roty":0,"rotx":36.33190883190884},"left_arm":{"posx":-0.09311972308477917,"posy":0.8208806647768844,"posz":0.30411532654826345,"roty":0.004216609444881669,"rotx":-33.20359473533024},"right_arm":{"posx":0.14406905477921067,"posy":0.861860312315767,"posz":0.30691145524289687,"roty":0.0009457920884585747,"rotx":-35.706675852125095}}}