# This file was generated by Animated Java via MC-Build. It is not recommended to edit this file directly.
$data merge entity $(bone_eyes) {transformation: [-1f,0f,0f,-0.0156f,0f,0.8101f,0.5862f,1.5156f,0f,0.5862f,-0.8101f,0.3762f,0f,0f,0f,1f],start_interpolation: 0,interpolation_duration: 1}
$data merge entity $(bone_head) {transformation: [-1f,0f,0f,0f,0f,0.8101f,0.5862f,1.3844f,0f,0.5862f,-0.8101f,-0.0289f,0f,0f,0f,1f],start_interpolation: 0,interpolation_duration: 1}
$data merge entity $(bone_fabric_overray) {transformation: [-1f,0f,0f,0f,0f,0.9945f,0.105f,1.3844f,0f,0.105f,-0.9945f,-0.0289f,0f,0f,0f,1f],start_interpolation: 0,interpolation_duration: 1}
$data merge entity $(bone_fabric) {transformation: [-1f,0f,0f,0f,0f,0.9945f,0.105f,1.3844f,0f,0.105f,-0.9945f,-0.0289f,0f,0f,0f,1f],start_interpolation: 0,interpolation_duration: 1}
$data merge entity $(bone_bone_overray) {transformation: [-1f,0f,0f,0f,0f,0.9954f,-0.0955f,1.3844f,0f,-0.0955f,-0.9954f,-0.0289f,0f,0f,0f,1f],start_interpolation: 0,interpolation_duration: 1}
$data merge entity $(bone_bone) {transformation: [-1f,0f,0f,0f,0f,0.9954f,-0.0955f,1.3844f,0f,-0.0955f,-0.9954f,-0.0289f,0f,0f,0f,1f],start_interpolation: 0,interpolation_duration: 1}
$data merge entity $(bone_left_arm1) {transformation: [-0.8192f,0.5735f,0.0001f,0.25f,0.4811f,0.6872f,-0.5443f,1.3222f,-0.3122f,-0.4459f,-0.8389f,-0.0229f,0f,0f,0f,1f],start_interpolation: 0,interpolation_duration: 1}
$data merge entity $(bone_right_arm1) {transformation: [-0.766f,-0.6428f,0f,-0.25f,-0.5235f,0.6237f,-0.5805f,1.3222f,0.3731f,-0.4446f,-0.8143f,-0.0229f,0f,0f,0f,1f],start_interpolation: 0,interpolation_duration: 1}
data modify entity @s data merge value {"cameras":{},"locators":{"mouse":{"posx":-2.79949280892097e-17,"posy":1.3138127480782735,"posz":0.22859593565018801,"roty":0,"rotx":35.891082621082624},"left_arm":{"posx":-0.09311728469884806,"posy":0.8196914070580354,"posz":0.30312068328246217,"roty":0.004806159858560477,"rotx":-32.97901681159236},"right_arm":{"posx":0.14407339480694703,"posy":0.8606680208606267,"posz":0.30608160035667337,"roty":0.0010792000709614058,"rotx":-35.482538263456874}}}