# This file was generated by Animated Java via MC-Build. It is not recommended to edit this file directly.
$data merge entity $(bone_eyes) {transformation: [-1f,0f,0f,-0.0156f,0f,0.8181f,0.5751f,1.5213f,0f,0.5751f,-0.8181f,0.3755f,0f,0f,0f,1f],start_interpolation: 0,interpolation_duration: 1}
$data merge entity $(bone_head) {transformation: [-1f,0f,0f,0f,0f,0.8181f,0.5751f,1.3845f,0f,0.5751f,-0.8181f,-0.0277f,0f,0f,0f,1f],start_interpolation: 0,interpolation_duration: 1}
$data merge entity $(bone_fabric_overray) {transformation: [-1f,0f,0f,0f,0f,0.9949f,0.1007f,1.3845f,0f,0.1007f,-0.9949f,-0.0277f,0f,0f,0f,1f],start_interpolation: 0,interpolation_duration: 1}
$data merge entity $(bone_fabric) {transformation: [-1f,0f,0f,0f,0f,0.9949f,0.1007f,1.3845f,0f,0.1007f,-0.9949f,-0.0277f,0f,0f,0f,1f],start_interpolation: 0,interpolation_duration: 1}
$data merge entity $(bone_bone_overray) {transformation: [-1f,0f,0f,0f,0f,0.9958f,-0.0916f,1.3845f,0f,-0.0916f,-0.9958f,-0.0277f,0f,0f,0f,1f],start_interpolation: 0,interpolation_duration: 1}
$data merge entity $(bone_bone) {transformation: [-1f,0f,0f,0f,0f,0.9958f,-0.0916f,1.3845f,0f,-0.0916f,-0.9958f,-0.0277f,0f,0f,0f,1f],start_interpolation: 0,interpolation_duration: 1}
$data merge entity $(bone_left_arm1) {transformation: [-0.8192f,0.5735f,0.0001f,0.25f,0.4823f,0.6889f,-0.541f,1.3223f,-0.3104f,-0.4432f,-0.841f,-0.022f,0f,0f,0f,1f],start_interpolation: 0,interpolation_duration: 1}
$data merge entity $(bone_right_arm1) {transformation: [-0.766f,-0.6428f,0f,-0.25f,-0.5249f,0.6255f,-0.5773f,1.3223f,0.3711f,-0.4422f,-0.8166f,-0.022f,0f,0f,0f,1f],start_interpolation: 0,interpolation_duration: 1}
data modify entity @s data merge value {"cameras":{},"locators":{"mouse":{"posx":-2.826000027393369e-17,"posy":1.3174728807628004,"posz":0.2307604142974889,"roty":0,"rotx":35.10358974358975},"left_arm":{"posx":-0.09311484624340194,"posy":0.8185060677710371,"posz":0.302121374881247,"roty":0.005392790608738096,"rotx":-32.75443888157277},"right_arm":{"posx":0.14407773480232688,"posy":0.8594789855421522,"posz":0.3052470993800915,"roty":0.0012118864388526163,"rotx":-35.25840067454992}}}