# This file was generated by Animated Java via MC-Build. It is not recommended to edit this file directly.
$data merge entity $(bone_eyes) {transformation: [-1f,0f,0f,-0.0156f,0f,0.8296f,0.5584f,1.5295f,0f,0.5584f,-0.8296f,0.3739f,0f,0f,0f,1f],start_interpolation: 0,interpolation_duration: 1}
$data merge entity $(bone_head) {transformation: [-1f,0f,0f,0f,0f,0.8296f,0.5584f,1.3846f,0f,0.5584f,-0.8296f,-0.0265f,0f,0f,0f,1f],start_interpolation: 0,interpolation_duration: 1}
$data merge entity $(bone_fabric_overray) {transformation: [-1f,0f,0f,0f,0f,0.9953f,0.0969f,1.3846f,0f,0.0969f,-0.9953f,-0.0265f,0f,0f,0f,1f],start_interpolation: 0,interpolation_duration: 1}
$data merge entity $(bone_fabric) {transformation: [-1f,0f,0f,0f,0f,0.9953f,0.0969f,1.3846f,0f,0.0969f,-0.9953f,-0.0265f,0f,0f,0f,1f],start_interpolation: 0,interpolation_duration: 1}
$data merge entity $(bone_bone_overray) {transformation: [-1f,0f,0f,0f,0f,0.9961f,-0.0877f,1.3846f,0f,-0.0877f,-0.9961f,-0.0265f,0f,0f,0f,1f],start_interpolation: 0,interpolation_duration: 1}
$data merge entity $(bone_bone) {transformation: [-1f,0f,0f,0f,0f,0.9961f,-0.0877f,1.3846f,0f,-0.0877f,-0.9961f,-0.0265f,0f,0f,0f,1f],start_interpolation: 0,interpolation_duration: 1}
$data merge entity $(bone_left_arm1) {transformation: [-0.8192f,0.5735f,0.0001f,0.25f,0.4835f,0.6907f,-0.5377f,1.3224f,-0.3085f,-0.4405f,-0.8431f,-0.021f,0f,0f,0f,1f],start_interpolation: 0,interpolation_duration: 1}
$data merge entity $(bone_right_arm1) {transformation: [-0.766f,-0.6428f,0f,-0.25f,-0.5264f,0.6272f,-0.5741f,1.3224f,0.369f,-0.4397f,-0.8188f,-0.021f,0f,0f,0f,1f],start_interpolation: 0,interpolation_duration: 1}
data modify entity @s data merge value {"cameras":{},"locators":{"mouse":{"posx":-2.856885626826614e-17,"posy":1.3228219878084655,"posz":0.23328241488204515,"roty":0,"rotx":33.94498575498576},"left_arm":{"posx":-0.09311240771844115,"posy":0.8173246652156365,"posz":0.30111741678111437,"roty":0.005976550927329072,"rotx":-32.529860945342136},"right_arm":{"posx":0.14408207476534934,"posy":0.8582932244646941,"posz":0.30440796508920825,"roty":0.0013438632940676598,"rotx":-35.034263085407744}}}
execute on vehicle unless entity @s[tag=aj.transforms_only] at @s run function animated_java:ginunga/animations/animation.model.cry/zzz/frames/23_root_commands