# This file was generated by Animated Java via MC-Build. It is not recommended to edit this file directly.
$data merge entity $(bone_eyes) {transformation: [-1f,0f,0f,-0.0156f,0f,0.8444f,0.5357f,1.5404f,0f,0.5357f,-0.8444f,0.3711f,0f,0f,0f,1f],start_interpolation: 0,interpolation_duration: 1}
$data merge entity $(bone_head) {transformation: [-1f,0f,0f,0f,0f,0.8444f,0.5357f,1.3848f,0f,0.5357f,-0.8444f,-0.0252f,0f,0f,0f,1f],start_interpolation: 0,interpolation_duration: 1}
$data merge entity $(bone_fabric_overray) {transformation: [-1f,0f,0f,0f,0f,0.9956f,0.0942f,1.3848f,0f,0.0942f,-0.9956f,-0.0252f,0f,0f,0f,1f],start_interpolation: 0,interpolation_duration: 1}
$data merge entity $(bone_fabric) {transformation: [-1f,0f,0f,0f,0f,0.9956f,0.0942f,1.3848f,0f,0.0942f,-0.9956f,-0.0252f,0f,0f,0f,1f],start_interpolation: 0,interpolation_duration: 1}
$data merge entity $(bone_bone_overray) {transformation: [-1f,0f,0f,0f,0f,0.9965f,-0.0838f,1.3848f,0f,-0.0838f,-0.9965f,-0.0252f,0f,0f,0f,1f],start_interpolation: 0,interpolation_duration: 1}
$data merge entity $(bone_bone) {transformation: [-1f,0f,0f,0f,0f,0.9965f,-0.0838f,1.3848f,0f,-0.0838f,-0.9965f,-0.0252f,0f,0f,0f,1f],start_interpolation: 0,interpolation_duration: 1}
$data merge entity $(bone_left_arm1) {transformation: [-0.8192f,0.5735f,0.0001f,0.25f,0.4847f,0.6924f,-0.5344f,1.3225f,-0.3066f,-0.4377f,-0.8452f,-0.02f,0f,0f,0f,1f],start_interpolation: 0,interpolation_duration: 1}
$data merge entity $(bone_right_arm1) {transformation: [-0.766f,-0.6429f,0f,-0.25f,-0.5278f,0.6289f,-0.5709f,1.3225f,0.367f,-0.4373f,-0.821f,-0.02f,0f,0f,0f,1f],start_interpolation: 0,interpolation_duration: 1}
data modify entity @s data merge value {"cameras":{},"locators":{"mouse":{"posx":-2.891181630843746e-17,"posy":1.3299944010822204,"posz":0.2360828961343548,"roty":0,"rotx":32.390826210826226},"left_arm":{"posx":-0.09310996912396524,"posy":0.8161472176307702,"posz":0.3001088244903421,"roty":0.00655748937788303,"rotx":-32.30528300297043},"right_arm":{"posx":0.1440864146960138,"posy":0.8571107556824757,"posz":0.30356421033062525,"roty":0.0014751425624410786,"rotx":-34.81012549603391}}}