# This file was generated by Animated Java via MC-Build. It is not recommended to edit this file directly.
$data merge entity $(bone_eyes) {transformation: [-1f,0f,0f,-0.0156f,0f,0.8624f,0.5063f,1.5541f,0f,0.5063f,-0.8624f,0.3667f,0f,0f,0f,1f],start_interpolation: 0,interpolation_duration: 1}
$data merge entity $(bone_head) {transformation: [-1f,0f,0f,0f,0f,0.8624f,0.5063f,1.3849f,0f,0.5063f,-0.8624f,-0.024f,0f,0f,0f,1f],start_interpolation: 0,interpolation_duration: 1}
$data merge entity $(bone_fabric_overray) {transformation: [-1f,0f,0f,0f,0f,0.9955f,0.0944f,1.3849f,0f,0.0944f,-0.9955f,-0.024f,0f,0f,0f,1f],start_interpolation: 0,interpolation_duration: 1}
$data merge entity $(bone_fabric) {transformation: [-1f,0f,0f,0f,0f,0.9955f,0.0944f,1.3849f,0f,0.0944f,-0.9955f,-0.024f,0f,0f,0f,1f],start_interpolation: 0,interpolation_duration: 1}
$data merge entity $(bone_bone_overray) {transformation: [-1f,0f,0f,0f,0f,0.9968f,-0.0799f,1.3849f,0f,-0.0799f,-0.9968f,-0.024f,0f,0f,0f,1f],start_interpolation: 0,interpolation_duration: 1}
$data merge entity $(bone_bone) {transformation: [-1f,0f,0f,0f,0f,0.9968f,-0.0799f,1.3849f,0f,-0.0799f,-0.9968f,-0.024f,0f,0f,0f,1f],start_interpolation: 0,interpolation_duration: 1}
$data merge entity $(bone_left_arm1) {transformation: [-0.8192f,0.5735f,0.0001f,0.25f,0.4859f,0.6941f,-0.5311f,1.3226f,-0.3047f,-0.435f,-0.8473f,-0.019f,0f,0f,0f,1f],start_interpolation: 0,interpolation_duration: 1}
$data merge entity $(bone_right_arm1) {transformation: [-0.766f,-0.6429f,0f,-0.25f,-0.5293f,0.6306f,-0.5676f,1.3226f,0.3649f,-0.4348f,-0.8233f,-0.019f,0f,0f,0f,1f],start_interpolation: 0,interpolation_duration: 1}
data modify entity @s data merge value {"cameras":{},"locators":{"mouse":{"posx":-2.9273192363004995e-17,"posy":1.3391293814269665,"posz":0.23903375555618261,"roty":0,"rotx":30.416666666666668},"left_arm":{"posx":-0.09310753045997489,"posy":0.8149737431942837,"posz":0.29909561358875164,"roty":0.007135653869539738,"rotx":-32.08070505452691},"right_arm":{"posx":0.14409075459432036,"posy":0.8559315971993158,"posz":0.3027158480212933,"roty":0.0016057359978276509,"rotx":-34.58598790643191}}}