# This file was generated by Animated Java via MC-Build. It is not recommended to edit this file directly.
$data merge entity $(bone_eyes) {transformation: [-1f,0f,0f,-0.0156f,0f,0.8924f,0.4512f,1.5863f,0f,0.4512f,-0.8924f,0.3962f,0f,0f,0f,1f],start_interpolation: 0,interpolation_duration: 1}
$data merge entity $(bone_head) {transformation: [-1f,0f,0f,0f,0f,0.8924f,0.4512f,1.3929f,0f,0.4512f,-0.8924f,0.0169f,0f,0f,0f,1f],start_interpolation: 0,interpolation_duration: 1}
$data merge entity $(bone_fabric_overray) {transformation: [-1f,0f,0f,0f,0f,0.9807f,0.1956f,1.3929f,0f,0.1956f,-0.9807f,0.0169f,0f,0f,0f,1f],start_interpolation: 0,interpolation_duration: 1}
$data merge entity $(bone_fabric) {transformation: [-1f,0f,0f,0f,0f,0.9807f,0.1956f,1.3929f,0f,0.1956f,-0.9807f,0.0169f,0f,0f,0f,1f],start_interpolation: 0,interpolation_duration: 1}
$data merge entity $(bone_bone_overray) {transformation: [-1f,0f,0f,0f,0f,0.999f,0.0454f,1.3929f,0f,0.0454f,-0.999f,0.0169f,0f,0f,0f,1f],start_interpolation: 0,interpolation_duration: 1}
$data merge entity $(bone_bone) {transformation: [-1f,0f,0f,0f,0f,0.999f,0.0454f,1.3929f,0f,0.0454f,-0.999f,0.0169f,0f,0f,0f,1f],start_interpolation: 0,interpolation_duration: 1}
$data merge entity $(bone_left_arm1) {transformation: [-0.9918f,0.096f,0.0842f,0.25f,0.0845f,0.9877f,-0.1318f,1.3305f,-0.0958f,-0.1237f,-0.9877f,0.0141f,0f,0f,0f,1f],start_interpolation: 0,interpolation_duration: 1}
$data merge entity $(bone_right_arm1) {transformation: [-0.9765f,-0.176f,-0.124f,-0.25f,-0.1531f,0.9726f,-0.175f,1.3305f,0.1514f,-0.1519f,-0.9767f,0.0141f,0f,0f,0f,1f],start_interpolation: 0,interpolation_duration: 1}
data modify entity @s data merge value {"cameras":{},"locators":{"mouse":{"posx":-3.4572425985675336e-17,"posy":1.363772688036616,"posz":0.2823052818963476,"roty":0,"rotx":26.82102564102565},"left_arm":{"posx":0.24595673958420539,"posy":0.6461754208934014,"posz":0.10506721361922244,"roty":4.871854259914471,"rotx":-7.576427338424316},"right_arm":{"posx":-0.1900142566816067,"posy":0.6522482870516043,"posz":0.12796766178602587,"roty":352.76752689632633,"rotx":-10.07866879227167},"intaract":{"posx":3.2803039262875557e-18,"posy":0.19999999999999996,"posz":-0.0267857142857143,"roty":0,"rotx":0},"shadow":{"posx":3.2803039262875557e-18,"posy":0,"posz":-0.0267857142857143,"roty":0,"rotx":0}}}