# This file was generated by Animated Java via MC-Build. It is not recommended to edit this file directly.
$data merge entity $(bone_eyes) {transformation: [-1f,0f,0f,-0.0156f,0f,0.9297f,0.3682f,1.6225f,0f,0.3682f,-0.9297f,0.4382f,0f,0f,0f,1f],start_interpolation: 0,interpolation_duration: 1}
$data merge entity $(bone_head) {transformation: [-1f,0f,0f,0f,0f,0.9297f,0.3682f,1.3955f,0f,0.3682f,-0.9297f,0.078f,0f,0f,0f,1f],start_interpolation: 0,interpolation_duration: 1}
$data merge entity $(bone_fabric_overray) {transformation: [-1f,0f,0f,0f,0f,0.9568f,0.2906f,1.3955f,0f,0.2906f,-0.9568f,0.078f,0f,0f,0f,1f],start_interpolation: 0,interpolation_duration: 1}
$data merge entity $(bone_fabric) {transformation: [-1f,0f,0f,0f,0f,0.9568f,0.2906f,1.3955f,0f,0.2906f,-0.9568f,0.078f,0f,0f,0f,1f],start_interpolation: 0,interpolation_duration: 1}
$data merge entity $(bone_bone_overray) {transformation: [-1f,0f,0f,0f,0f,0.9738f,0.2274f,1.3955f,0f,0.2274f,-0.9738f,0.078f,0f,0f,0f,1f],start_interpolation: 0,interpolation_duration: 1}
$data merge entity $(bone_bone) {transformation: [-1f,0f,0f,0f,0f,0.9738f,0.2274f,1.3955f,0f,0.2274f,-0.9738f,0.078f,0f,0f,0f,1f],start_interpolation: 0,interpolation_duration: 1}
$data merge entity $(bone_left_arm1) {transformation: [-0.9209f,-0.3798f,-0.0874f,0.25f,-0.3892f,0.8845f,0.2574f,1.3346f,-0.0204f,0.271f,-0.9624f,0.0638f,0f,0f,0f,1f],start_interpolation: 0,interpolation_duration: 1}
$data merge entity $(bone_right_arm1) {transformation: [-0.9455f,0.3253f,0.0146f,-0.25f,0.3191f,0.9168f,0.24f,1.3346f,0.0647f,0.2316f,-0.9707f,0.0638f,0f,0f,0f,1f],start_interpolation: 0,interpolation_duration: 1}
data modify entity @s data merge value {"cameras":{},"locators":{"mouse":{"posx":-4.2247420026495636e-17,"posy":1.3905678181167818,"posz":0.3449763642538398,"roty":0,"rotx":21.60538461538461},"left_arm":{"posx":0.5686622447594738,"posy":0.7508407151680063,"posz":-0.12125377125974204,"roty":354.81023795579006,"rotx":14.913994595044949},"right_arm":{"posx":-0.5327275336978051,"posy":0.7242240734716855,"posz":-0.09135307042028912,"roty":0.8626977936373237,"rotx":13.885329022954815},"intaract":{"posx":6.560607852575111e-18,"posy":0.19999999999999996,"posz":-0.05357142857142861,"roty":0,"rotx":0},"shadow":{"posx":6.560607852575111e-18,"posy":0,"posz":-0.05357142857142861,"roty":0,"rotx":0}}}