# This file was generated by Animated Java via MC-Build. It is not recommended to edit this file directly.
$data merge entity $(bone_eyes) {transformation: [-1f,0f,0f,-0.0156f,0f,0.9634f,0.2681f,1.6492f,0f,0.2681f,-0.9634f,0.4785f,0f,0f,0f,1f],start_interpolation: 0,interpolation_duration: 1}
$data merge entity $(bone_head) {transformation: [-1f,0f,0f,0f,0f,0.9634f,0.2681f,1.3854f,0f,0.2681f,-0.9634f,0.1443f,0f,0f,0f,1f],start_interpolation: 0,interpolation_duration: 1}
$data merge entity $(bone_fabric_overray) {transformation: [-1f,0f,0f,0f,0f,0.9168f,0.3993f,1.3854f,0f,0.3993f,-0.9168f,0.1443f,0f,0f,0f,1f],start_interpolation: 0,interpolation_duration: 1}
$data merge entity $(bone_fabric) {transformation: [-1f,0f,0f,0f,0f,0.9168f,0.3993f,1.3854f,0f,0.3993f,-0.9168f,0.1443f,0f,0f,0f,1f],start_interpolation: 0,interpolation_duration: 1}
$data merge entity $(bone_bone_overray) {transformation: [-1f,0f,0f,0f,0f,0.9084f,0.418f,1.3854f,0f,0.418f,-0.9084f,0.1443f,0f,0f,0f,1f],start_interpolation: 0,interpolation_duration: 1}
$data merge entity $(bone_bone) {transformation: [-1f,0f,0f,0f,0f,0.9084f,0.418f,1.3854f,0f,0.418f,-0.9084f,0.1443f,0f,0f,0f,1f],start_interpolation: 0,interpolation_duration: 1}
$data merge entity $(bone_left_arm1) {transformation: [-0.6269f,-0.6869f,-0.3678f,0.25f,-0.773f,0.4894f,0.4036f,1.3286f,-0.0972f,0.5373f,-0.8378f,0.1182f,0f,0f,0f,1f],start_interpolation: 0,interpolation_duration: 1}
$data merge entity $(bone_right_arm1) {transformation: [-0.6775f,0.6774f,0.2866f,-0.25f,0.7225f,0.5401f,0.4315f,1.3286f,0.1375f,0.4994f,-0.8554f,0.1182f,0f,0f,0f,1f],start_interpolation: 0,interpolation_duration: 1}
data modify entity @s data merge value {"cameras":{},"locators":{"mouse":{"posx":-5.024503714101273e-17,"posy":1.408695964615558,"posz":0.41028186393003496,"roty":0,"rotx":15.54974358974361},"left_arm":{"posx":0.7614067490238059,"posy":1.0404618742493268,"posz":-0.24513198894677066,"roty":336.30009679957493,"rotx":23.80259124283401},"right_arm":{"posx":-0.7580517633430808,"posy":1.0024578066126635,"posz":-0.2165870032994682,"roty":18.522667142545572,"rotx":25.564523308012767},"intaract":{"posx":9.840911778862652e-18,"posy":0.19999999999999996,"posz":-0.0803571428571428,"roty":0,"rotx":0},"shadow":{"posx":9.840911778862652e-18,"posy":0,"posz":-0.0803571428571428,"roty":0,"rotx":0}}}