# This file was generated by Animated Java via MC-Build. It is not recommended to edit this file directly.
$data merge entity $(bone_eyes) {transformation: [-1f,0f,0f,-0.0156f,0f,0.9865f,0.1639f,1.6635f,0f,0.1639f,-0.9865f,0.5044f,0f,0f,0f,1f],start_interpolation: 0,interpolation_duration: 1}
$data merge entity $(bone_head) {transformation: [-1f,0f,0f,0f,0f,0.9865f,0.1639f,1.3655f,0f,0.1639f,-0.9865f,0.2002f,0f,0f,0f,1f],start_interpolation: 0,interpolation_duration: 1}
$data merge entity $(bone_fabric_overray) {transformation: [-1f,0f,0f,0f,0f,0.8438f,0.5366f,1.3655f,0f,0.5366f,-0.8438f,0.2002f,0f,0f,0f,1f],start_interpolation: 0,interpolation_duration: 1}
$data merge entity $(bone_fabric) {transformation: [-1f,0f,0f,0f,0f,0.8438f,0.5366f,1.3655f,0f,0.5366f,-0.8438f,0.2002f,0f,0f,0f,1f],start_interpolation: 0,interpolation_duration: 1}
$data merge entity $(bone_bone_overray) {transformation: [-1f,0f,0f,0f,0f,0.8196f,0.5729f,1.3655f,0f,0.5729f,-0.8196f,0.2002f,0f,0f,0f,1f],start_interpolation: 0,interpolation_duration: 1}
$data merge entity $(bone_bone) {transformation: [-1f,0f,0f,0f,0f,0.8196f,0.5729f,1.3655f,0f,0.5729f,-0.8196f,0.2002f,0f,0f,0f,1f],start_interpolation: 0,interpolation_duration: 1}
$data merge entity $(bone_left_arm1) {transformation: [-0.2056f,-0.7969f,-0.568f,0.25f,-0.96f,0.0516f,0.2751f,1.3143f,-0.1899f,0.6019f,-0.7757f,0.1644f,0f,0f,0f,1f],start_interpolation: 0,interpolation_duration: 1}
$data merge entity $(bone_right_arm1) {transformation: [-0.2593f,0.8246f,0.5027f,-0.25f,0.9356f,0.0853f,0.3426f,1.3143f,0.2397f,0.5592f,-0.7936f,0.1644f,0f,0f,0f,1f],start_interpolation: 0,interpolation_duration: 1}
data modify entity @s data merge value {"cameras":{},"locators":{"mouse":{"posx":-5.660609195815963e-17,"posy":1.4170430260347506,"posz":0.4622238183088462,"roty":0,"rotx":9.434102564102579},"left_arm":{"posx":0.8107304524448957,"posy":1.3388099903480677,"posz":-0.23749433700136244,"roty":323.7853885301034,"rotx":15.96688331114736},"right_arm":{"posx":-0.8331444091629606,"posy":1.3141732665480075,"posz":-0.20503517309439076,"roty":32.35309251347218,"rotx":20.03671964850817},"intaract":{"posx":1.3121215705150207e-17,"posy":0.19999999999999996,"posz":-0.1071428571428571,"roty":0,"rotx":0},"shadow":{"posx":1.3121215705150207e-17,"posy":0,"posz":-0.1071428571428571,"roty":0,"rotx":0}}}