# This file was generated by Animated Java via MC-Build. It is not recommended to edit this file directly.
$data merge entity $(bone_eyes) {transformation: [-1f,0f,0f,-0.0156f,0f,0.992f,0.1259f,1.6937f,0f,0.1259f,-0.992f,0.3241f,0f,0f,0f,1f],start_interpolation: 0,interpolation_duration: 1}
$data merge entity $(bone_head) {transformation: [-1f,0f,0f,0f,0f,0.992f,0.1259f,1.3843f,0f,0.1259f,-0.992f,0.0316f,0f,0f,0f,1f],start_interpolation: 0,interpolation_duration: 1}
$data merge entity $(bone_fabric_overray) {transformation: [-1f,0f,0f,0f,0f,0.9891f,0.1473f,1.3843f,0f,0.1473f,-0.9891f,0.0316f,0f,0f,0f,1f],start_interpolation: 0,interpolation_duration: 1}
$data merge entity $(bone_fabric) {transformation: [-1f,0f,0f,0f,0f,0.9891f,0.1473f,1.3843f,0f,0.1473f,-0.9891f,0.0316f,0f,0f,0f,1f],start_interpolation: 0,interpolation_duration: 1}
$data merge entity $(bone_bone_overray) {transformation: [-1f,0f,0f,0f,0f,0.9952f,0.098f,1.3843f,0f,0.098f,-0.9952f,0.0316f,0f,0f,0f,1f],start_interpolation: 0,interpolation_duration: 1}
$data merge entity $(bone_bone) {transformation: [-1f,0f,0f,0f,0f,0.9952f,0.098f,1.3843f,0f,0.098f,-0.9952f,0.0316f,0f,0f,0f,1f],start_interpolation: 0,interpolation_duration: 1}
$data merge entity $(bone_left_arm1) {transformation: [-0.9899f,0.133f,0.0492f,0.25f,0.1331f,0.9911f,-0.0021f,1.3221f,-0.049f,0.0045f,-0.9988f,0.0255f,0f,0f,0f,1f],start_interpolation: 0,interpolation_duration: 1}
$data merge entity $(bone_right_arm1) {transformation: [-0.9867f,-0.151f,-0.0604f,-0.25f,-0.1508f,0.9885f,-0.008f,1.3221f,0.0609f,0.0012f,-0.9981f,0.0255f,0f,0f,0f,1f],start_interpolation: 0,interpolation_duration: 1}
data modify entity @s data merge value {"cameras":{},"locators":{"mouse":{"posx":-3.568573818540691e-17,"posy":1.445866981791936,"posz":0.2913961659006721,"roty":0,"rotx":7.235000000000002},"left_arm":{"posx":0.22039746863928655,"posy":0.6324491201872273,"posz":0.025450156817788734,"roty":2.818046224092626,"rotx":-0.12060174582067557},"right_arm":{"posx":-0.2078517866087473,"posy":0.6331083921679215,"posz":0.028420820993521452,"roty":356.5351255137436,"rotx":-0.45807091582799736}}}