# This file was generated by Animated Java via MC-Build. It is not recommended to edit this file directly.
$data merge entity $(bone_eyes) {transformation: [-1f,0f,0f,-0.0156f,0f,0.9975f,0.0704f,1.6728f,0f,0.0704f,-0.9975f,0.5087f,0f,0f,0f,1f],start_interpolation: 0,interpolation_duration: 1}
$data merge entity $(bone_head) {transformation: [-1f,0f,0f,0f,0f,0.9975f,0.0704f,1.3476f,0f,0.0704f,-0.9975f,0.2339f,0f,0f,0f,1f],start_interpolation: 0,interpolation_duration: 1}
$data merge entity $(bone_fabric_overray) {transformation: [-1f,0f,0f,0f,0f,0.7755f,0.6314f,1.3476f,0f,0.6314f,-0.7755f,0.2339f,0f,0f,0f,1f],start_interpolation: 0,interpolation_duration: 1}
$data merge entity $(bone_fabric) {transformation: [-1f,0f,0f,0f,0f,0.7755f,0.6314f,1.3476f,0f,0.6314f,-0.7755f,0.2339f,0f,0f,0f,1f],start_interpolation: 0,interpolation_duration: 1}
$data merge entity $(bone_bone_overray) {transformation: [-1f,0f,0f,0f,0f,0.7485f,0.6631f,1.3476f,0f,0.6631f,-0.7485f,0.2339f,0f,0f,0f,1f],start_interpolation: 0,interpolation_duration: 1}
$data merge entity $(bone_bone) {transformation: [-1f,0f,0f,0f,0f,0.7485f,0.6631f,1.3476f,0f,0.6631f,-0.7485f,0.2339f,0f,0f,0f,1f],start_interpolation: 0,interpolation_duration: 1}
$data merge entity $(bone_left_arm1) {transformation: [0.2074f,-0.7936f,-0.572f,0.25f,-0.9691f,-0.2464f,-0.0095f,1.3008f,-0.1334f,0.5563f,-0.8202f,0.1924f,0f,0f,0f,1f],start_interpolation: 0,interpolation_duration: 1}
$data merge entity $(bone_right_arm1) {transformation: [0.1736f,0.8306f,0.5292f,-0.25f,0.9649f,-0.2509f,0.0773f,1.3008f,0.1969f,0.4972f,-0.845f,0.1924f,0f,0f,0f,1f],start_interpolation: 0,interpolation_duration: 1}
data modify entity @s data merge value {"cameras":{},"locators":{"mouse":{"posx":-5.999042569276681e-17,"posy":1.4235173044467684,"posz":0.4898590004443279,"roty":0,"rotx":4.038461538461525},"left_arm":{"posx":0.7826590158332871,"posy":1.5307985558593622,"posz":-0.1816653016046176,"roty":325.11154089132503,"rotx":-0.5453934110376432},"right_arm":{"posx":-0.8101760348574605,"posy":1.5336082766542423,"posz":-0.13707827478955778,"roty":32.056315023270116,"rotx":4.432838817700687},"intaract":{"posx":1.6401519631437763e-17,"posy":0.19999999999999996,"posz":-0.1339285714285714,"roty":0,"rotx":0},"shadow":{"posx":1.6401519631437763e-17,"posy":0,"posz":-0.1339285714285714,"roty":0,"rotx":0}}}