# This file was generated by Animated Java via MC-Build. It is not recommended to edit this file directly.
$data merge entity $(bone_eyes) {transformation: [-1f,0f,0f,-0.0156f,0f,0.9998f,-0.0188f,1.6897f,0f,-0.0188f,-0.9998f,0.4883f,0f,0f,0f,1f],start_interpolation: 0,interpolation_duration: 1}
$data merge entity $(bone_head) {transformation: [-1f,0f,0f,0f,0f,0.9998f,-0.0188f,1.3413f,0f,-0.0188f,-0.9998f,0.2435f,0f,0f,0f,1f],start_interpolation: 0,interpolation_duration: 1}
$data merge entity $(bone_fabric_overray) {transformation: [-1f,0f,0f,0f,0f,0.7505f,0.6609f,1.3413f,0f,0.6609f,-0.7505f,0.2435f,0f,0f,0f,1f],start_interpolation: 0,interpolation_duration: 1}
$data merge entity $(bone_fabric) {transformation: [-1f,0f,0f,0f,0f,0.7505f,0.6609f,1.3413f,0f,0.6609f,-0.7505f,0.2435f,0f,0f,0f,1f],start_interpolation: 0,interpolation_duration: 1}
$data merge entity $(bone_bone_overray) {transformation: [-1f,0f,0f,0f,0f,0.7249f,0.6889f,1.3413f,0f,0.6889f,-0.7249f,0.2435f,0f,0f,0f,1f],start_interpolation: 0,interpolation_duration: 1}
$data merge entity $(bone_bone) {transformation: [-1f,0f,0f,0f,0f,0.7249f,0.6889f,1.3413f,0f,0.6889f,-0.7249f,0.2435f,0f,0f,0f,1f],start_interpolation: 0,interpolation_duration: 1}
$data merge entity $(bone_left_arm1) {transformation: [0.1789f,-0.7939f,-0.5811f,0.25f,-0.9667f,-0.2518f,0.0464f,1.296f,-0.1832f,0.5534f,-0.8125f,0.2005f,0f,0f,0f,1f],start_interpolation: 0,interpolation_duration: 1}
$data merge entity $(bone_right_arm1) {transformation: [0.1463f,0.8313f,0.5362f,-0.25f,0.9588f,-0.2525f,0.1299f,1.296f,0.2434f,0.4952f,-0.834f,0.2005f,0f,0f,0f,1f],start_interpolation: 0,interpolation_duration: 1}
data modify entity @s data merge value {"cameras":{},"locators":{"mouse":{"posx":-6.021970146906305e-17,"posy":1.439739330310801,"posz":0.49173117923461973,"roty":0,"rotx":-1.0773943309295038},"left_arm":{"posx":0.7846403472460635,"posy":1.5295618997709426,"posz":-0.16853210971681667,"roty":324.42914080693356,"rotx":2.659792977411943},"right_arm":{"posx":-0.8123803418814163,"posy":1.5295183233025724,"posz":-0.12472630942371513,"roty":32.738604371742525,"rotx":7.463365966924118},"intaract":{"posx":1.968182355772532e-17,"posy":0.19999999999999996,"posz":-0.1607142857142857,"roty":0,"rotx":0},"shadow":{"posx":1.968182355772532e-17,"posy":0,"posz":-0.1607142857142857,"roty":0,"rotx":0}}}