# This file was generated by Animated Java via MC-Build. It is not recommended to edit this file directly.
$data merge entity $(bone_eyes) {transformation: [-1f,0f,0f,-0.0156f,0f,0.997f,-0.0776f,1.7003f,0f,-0.0776f,-0.997f,0.4718f,0f,0f,0f,1f],start_interpolation: 0,interpolation_duration: 1}
$data merge entity $(bone_head) {transformation: [-1f,0f,0f,0f,0f,0.997f,-0.0776f,1.3381f,0f,-0.0776f,-0.997f,0.248f,0f,0f,0f,1f],start_interpolation: 0,interpolation_duration: 1}
$data merge entity $(bone_fabric_overray) {transformation: [-1f,0f,0f,0f,0f,0.7364f,0.6766f,1.3381f,0f,0.6766f,-0.7364f,0.248f,0f,0f,0f,1f],start_interpolation: 0,interpolation_duration: 1}
$data merge entity $(bone_fabric) {transformation: [-1f,0f,0f,0f,0f,0.7364f,0.6766f,1.3381f,0f,0.6766f,-0.7364f,0.248f,0f,0f,0f,1f],start_interpolation: 0,interpolation_duration: 1}
$data merge entity $(bone_bone_overray) {transformation: [-1f,0f,0f,0f,0f,0.7132f,0.701f,1.3381f,0f,0.701f,-0.7132f,0.248f,0f,0f,0f,1f],start_interpolation: 0,interpolation_duration: 1}
$data merge entity $(bone_bone) {transformation: [-1f,0f,0f,0f,0f,0.7132f,0.701f,1.3381f,0f,0.701f,-0.7132f,0.248f,0f,0f,0f,1f],start_interpolation: 0,interpolation_duration: 1}
$data merge entity $(bone_left_arm1) {transformation: [0.1498f,-0.7941f,-0.5891f,0.25f,-0.9651f,-0.2468f,0.0873f,1.2935f,-0.2147f,0.5554f,-0.8033f,0.2042f,0f,0f,0f,1f],start_interpolation: 0,interpolation_duration: 1}
$data merge entity $(bone_right_arm1) {transformation: [0.1185f,0.8317f,0.5424f,-0.25f,0.9551f,-0.2449f,0.1669f,1.2935f,0.2717f,0.4982f,-0.8234f,0.2042f,0f,0f,0f,1f],start_interpolation: 0,interpolation_duration: 1}
data modify entity @s data merge value {"cameras":{},"locators":{"mouse":{"posx":-6.000314888815722e-17,"posy":1.4509670665138967,"posz":0.48996289321895714,"roty":0,"rotx":-4.453289262820524},"left_arm":{"posx":0.7865634896104086,"posy":1.523536649200075,"posz":-0.16426096888577388,"roty":323.7484946052799,"rotx":5.00909658134829},"right_arm":{"posx":-0.8144210068171166,"posy":1.5215859896687753,"posz":-0.12135349776502771,"roty":33.37183436904638,"rotx":9.608022776285555},"intaract":{"posx":2.296212748401287e-17,"posy":0.19999999999999996,"posz":-0.1875,"roty":0,"rotx":0},"shadow":{"posx":2.296212748401287e-17,"posy":0,"posz":-0.1875,"roty":0,"rotx":0}}}