# This file was generated by Animated Java via MC-Build. It is not recommended to edit this file directly.
$data merge entity $(bone_eyes) {transformation: [-1f,0f,0f,-0.0156f,0f,0.9932f,-0.1163f,1.7084f,0f,-0.1163f,-0.9932f,0.4576f,0f,0f,0f,1f],start_interpolation: 0,interpolation_duration: 1}
$data merge entity $(bone_head) {transformation: [-1f,0f,0f,0f,0f,0.9932f,-0.1163f,1.3378f,0f,-0.1163f,-0.9932f,0.2481f,0f,0f,0f,1f],start_interpolation: 0,interpolation_duration: 1}
$data merge entity $(bone_fabric_overray) {transformation: [-1f,0f,0f,0f,0f,0.7326f,0.6807f,1.3378f,0f,0.6807f,-0.7326f,0.2481f,0f,0f,0f,1f],start_interpolation: 0,interpolation_duration: 1}
$data merge entity $(bone_fabric) {transformation: [-1f,0f,0f,0f,0f,0.7326f,0.6807f,1.3378f,0f,0.6807f,-0.7326f,0.2481f,0f,0f,0f,1f],start_interpolation: 0,interpolation_duration: 1}
$data merge entity $(bone_bone_overray) {transformation: [-1f,0f,0f,0f,0f,0.7125f,0.7017f,1.3378f,0f,0.7017f,-0.7125f,0.2481f,0f,0f,0f,1f],start_interpolation: 0,interpolation_duration: 1}
$data merge entity $(bone_bone) {transformation: [-1f,0f,0f,0f,0f,0.7125f,0.7017f,1.3378f,0f,0.7017f,-0.7125f,0.2481f,0f,0f,0f,1f],start_interpolation: 0,interpolation_duration: 1}
$data merge entity $(bone_left_arm1) {transformation: [0.12f,-0.794f,-0.5959f,0.25f,-0.9657f,-0.2326f,0.1154f,1.2932f,-0.2302f,0.5616f,-0.7947f,0.2042f,0f,0f,0f,1f],start_interpolation: 0,interpolation_duration: 1}
$data merge entity $(bone_right_arm1) {transformation: [0.0903f,0.8319f,0.5475f,-0.25f,0.9545f,-0.2292f,0.1907f,1.2932f,0.2841f,0.5054f,-0.8148f,0.2042f,0f,0f,0f,1f],start_interpolation: 0,interpolation_duration: 1}
data modify entity @s data merge value {"cameras":{},"locators":{"mouse":{"posx":-5.94520080157969e-17,"posy":1.4599595212806793,"posz":0.4854624864670345,"roty":0,"rotx":-6.677387319711537},"left_arm":{"posx":0.7884019121633761,"posy":1.5134931818464255,"posz":-0.16751751815375462,"roty":323.1362713008508,"rotx":6.628251880880302},"right_arm":{"posx":-0.8162789037806536,"posy":1.5104452534327968,"posz":-0.12551559779433316,"roty":33.9023778000184,"rotx":10.993848984397149}}}