# This file was generated by Animated Java via MC-Build. It is not recommended to edit this file directly.
$data merge entity $(bone_eyes) {transformation: [-1f,0f,0f,-0.0156f,0f,0.9894f,-0.145f,1.7165f,0f,-0.145f,-0.9894f,0.4431f,0f,0f,0f,1f],start_interpolation: 0,interpolation_duration: 1}
$data merge entity $(bone_head) {transformation: [-1f,0f,0f,0f,0f,0.9894f,-0.145f,1.34f,0f,-0.145f,-0.9894f,0.2444f,0f,0f,0f,1f],start_interpolation: 0,interpolation_duration: 1}
$data merge entity $(bone_fabric_overray) {transformation: [-1f,0f,0f,0f,0f,0.7378f,0.675f,1.34f,0f,0.675f,-0.7378f,0.2444f,0f,0f,0f,1f],start_interpolation: 0,interpolation_duration: 1}
$data merge entity $(bone_fabric) {transformation: [-1f,0f,0f,0f,0f,0.7378f,0.675f,1.34f,0f,0.675f,-0.7378f,0.2444f,0f,0f,0f,1f],start_interpolation: 0,interpolation_duration: 1}
$data merge entity $(bone_bone_overray) {transformation: [-1f,0f,0f,0f,0f,0.7213f,0.6927f,1.34f,0f,0.6927f,-0.7213f,0.2444f,0f,0f,0f,1f],start_interpolation: 0,interpolation_duration: 1}
$data merge entity $(bone_bone) {transformation: [-1f,0f,0f,0f,0f,0.7213f,0.6927f,1.34f,0f,0.6927f,-0.7213f,0.2444f,0f,0f,0f,1f],start_interpolation: 0,interpolation_duration: 1}
$data merge entity $(bone_left_arm1) {transformation: [0.0896f,-0.7938f,-0.6016f,0.25f,-0.9686f,-0.2101f,0.1329f,1.2949f,-0.2319f,0.5708f,-0.7877f,0.2011f,0f,0f,0f,1f],start_interpolation: 0,interpolation_duration: 1}
$data merge entity $(bone_right_arm1) {transformation: [0.0617f,0.8317f,0.5518f,-0.25f,0.9571f,-0.2061f,0.2035f,1.2949f,0.283f,0.5156f,-0.8088f,0.2011f,0f,0f,0f,1f],start_interpolation: 0,interpolation_duration: 1}
data modify entity @s data merge value {"cameras":{},"locators":{"mouse":{"posx":-5.855552905518709e-17,"posy":1.4689638084506993,"posz":0.478142180226623,"roty":0,"rotx":-8.337852564102572},"left_arm":{"posx":0.7901279893166815,"posy":1.499827944158403,"posz":-0.1768257193721248,"roty":322.6310779944447,"rotx":7.637685787600665},"right_arm":{"posx":-0.8179345294476603,"posy":1.496360836598619,"posz":-0.13568566426650366,"roty":34.30374071906479,"rotx":11.742405082015802}}}