# This file was generated by Animated Java via MC-Build. It is not recommended to edit this file directly.
$data merge entity $(bone_eyes) {transformation: [-1f,0f,0f,-0.0156f,0f,0.9847f,-0.174f,1.7263f,0f,-0.174f,-0.9847f,0.4251f,0f,0f,0f,1f],start_interpolation: 0,interpolation_duration: 1}
$data merge entity $(bone_head) {transformation: [-1f,0f,0f,0f,0f,0.9847f,-0.174f,1.3441f,0f,-0.174f,-0.9847f,0.2375f,0f,0f,0f,1f],start_interpolation: 0,interpolation_duration: 1}
$data merge entity $(bone_fabric_overray) {transformation: [-1f,0f,0f,0f,0f,0.7505f,0.6609f,1.3441f,0f,0.6609f,-0.7505f,0.2375f,0f,0f,0f,1f],start_interpolation: 0,interpolation_duration: 1}
$data merge entity $(bone_fabric) {transformation: [-1f,0f,0f,0f,0f,0.7505f,0.6609f,1.3441f,0f,0.6609f,-0.7505f,0.2375f,0f,0f,0f,1f],start_interpolation: 0,interpolation_duration: 1}
$data merge entity $(bone_bone_overray) {transformation: [-1f,0f,0f,0f,0f,0.7375f,0.6753f,1.3441f,0f,0.6753f,-0.7375f,0.2375f,0f,0f,0f,1f],start_interpolation: 0,interpolation_duration: 1}
$data merge entity $(bone_bone) {transformation: [-1f,0f,0f,0f,0f,0.7375f,0.6753f,1.3441f,0f,0.6753f,-0.7375f,0.2375f,0f,0f,0f,1f],start_interpolation: 0,interpolation_duration: 1}
$data merge entity $(bone_left_arm1) {transformation: [0.0587f,-0.7933f,-0.606f,0.25f,-0.9733f,-0.1803f,0.1418f,1.298f,-0.2217f,0.5816f,-0.7827f,0.1953f,0f,0f,0f,1f],start_interpolation: 0,interpolation_duration: 1}
$data merge entity $(bone_right_arm1) {transformation: [0.0328f,0.8312f,0.5551f,-0.25f,0.9622f,-0.1765f,0.2074f,1.298f,0.2703f,0.5273f,-0.8055f,0.1953f,0f,0f,0f,1f],start_interpolation: 0,interpolation_duration: 1}
data modify entity @s data merge value {"cameras":{},"locators":{"mouse":{"posx":-5.723832038769555e-17,"posy":1.4798949715907546,"posz":0.46738635521316907,"roty":0,"rotx":-10.02284905849359},"left_arm":{"posx":0.7917131048879219,"posy":1.4827493895069939,"posz":-0.19064849953099142,"roty":322.2503756227161,"rotx":8.151234093571116},"right_arm":{"posx":-0.8193680635193308,"posy":1.4794186873808448,"posz":-0.1503155650889487,"roty":34.570103354351886,"rotx":11.96921009782129}}}