# This file was generated by Animated Java via MC-Build. It is not recommended to edit this file directly.
$data merge entity $(bone_eyes) {transformation: [-1f,0f,0f,-0.0156f,0f,0.9881f,-0.1538f,1.7278f,0f,-0.1538f,-0.9881f,0.4234f,0f,0f,0f,1f],start_interpolation: 0,interpolation_duration: 1}
$data merge entity $(bone_head) {transformation: [-1f,0f,0f,0f,0f,0.9881f,-0.1538f,1.3495f,0f,-0.1538f,-0.9881f,0.228f,0f,0f,0f,1f],start_interpolation: 0,interpolation_duration: 1}
$data merge entity $(bone_fabric_overray) {transformation: [-1f,0f,0f,0f,0f,0.7687f,0.6396f,1.3495f,0f,0.6396f,-0.7687f,0.228f,0f,0f,0f,1f],start_interpolation: 0,interpolation_duration: 1}
$data merge entity $(bone_fabric) {transformation: [-1f,0f,0f,0f,0f,0.7687f,0.6396f,1.3495f,0f,0.6396f,-0.7687f,0.228f,0f,0f,0f,1f],start_interpolation: 0,interpolation_duration: 1}
$data merge entity $(bone_bone_overray) {transformation: [-1f,0f,0f,0f,0f,0.7593f,0.6508f,1.3495f,0f,0.6508f,-0.7593f,0.228f,0f,0f,0f,1f],start_interpolation: 0,interpolation_duration: 1}
$data merge entity $(bone_bone) {transformation: [-1f,0f,0f,0f,0f,0.7593f,0.6508f,1.3495f,0f,0.6508f,-0.7593f,0.228f,0f,0f,0f,1f],start_interpolation: 0,interpolation_duration: 1}
$data merge entity $(bone_left_arm1) {transformation: [0.0272f,-0.7925f,-0.6093f,0.25f,-0.979f,-0.1443f,0.1439f,1.302f,-0.202f,0.5926f,-0.7798f,0.1873f,0f,0f,0f,1f],start_interpolation: 0,interpolation_duration: 1}
$data merge entity $(bone_right_arm1) {transformation: [0.0035f,0.8302f,0.5574f,-0.25f,0.9687f,-0.1412f,0.2042f,1.302f,0.2483f,0.5392f,-0.8047f,0.1873f,0f,0f,0f,1f],start_interpolation: 0,interpolation_duration: 1}
data modify entity @s data merge value {"cameras":{},"locators":{"mouse":{"posx":-5.640908588889112e-17,"posy":1.4805766498316244,"posz":0.46061514167321815,"roty":0,"rotx":-8.844985309829061},"left_arm":{"posx":0.7931277627459236,"posy":1.462431781466997,"posz":-0.20744959457839143,"roty":321.9967601603637,"rotx":8.27628651717269},"right_arm":{"posx":-0.8205594313333474,"posy":1.4596800686714446,"posz":-0.16788227077475046,"roty":34.70979089034802,"rotx":11.784376191158582}}}