# This file was generated by Animated Java via MC-Build. It is not recommended to edit this file directly.
$data merge entity $(bone_eyes) {transformation: [-1f,0f,0f,-0.0156f,0f,0.9962f,-0.087f,1.72f,0f,-0.087f,-0.9962f,0.4368f,0f,0f,0f,1f],start_interpolation: 0,interpolation_duration: 1}
$data merge entity $(bone_head) {transformation: [-1f,0f,0f,0f,0f,0.9962f,-0.087f,1.3556f,0f,-0.087f,-0.9962f,0.2164f,0f,0f,0f,1f],start_interpolation: 0,interpolation_duration: 1}
$data merge entity $(bone_fabric_overray) {transformation: [-1f,0f,0f,0f,0f,0.7905f,0.6125f,1.3556f,0f,0.6125f,-0.7905f,0.2164f,0f,0f,0f,1f],start_interpolation: 0,interpolation_duration: 1}
$data merge entity $(bone_fabric) {transformation: [-1f,0f,0f,0f,0f,0.7905f,0.6125f,1.3556f,0f,0.6125f,-0.7905f,0.2164f,0f,0f,0f,1f],start_interpolation: 0,interpolation_duration: 1}
$data merge entity $(bone_bone_overray) {transformation: [-1f,0f,0f,0f,0f,0.7843f,0.6203f,1.3556f,0f,0.6203f,-0.7843f,0.2164f,0f,0f,0f,1f],start_interpolation: 0,interpolation_duration: 1}
$data merge entity $(bone_bone) {transformation: [-1f,0f,0f,0f,0f,0.7843f,0.6203f,1.3556f,0f,0.6203f,-0.7843f,0.2164f,0f,0f,0f,1f],start_interpolation: 0,interpolation_duration: 1}
$data merge entity $(bone_left_arm1) {transformation: [-0.0047f,-0.7913f,-0.6114f,0.25f,-0.9846f,-0.1032f,0.1412f,1.3066f,-0.1748f,0.6026f,-0.7787f,0.1776f,0f,0f,0f,1f],start_interpolation: 0,interpolation_duration: 1}
$data merge entity $(bone_right_arm1) {transformation: [-0.026f,0.8289f,0.5588f,-0.25f,0.9754f,-0.1014f,0.1958f,1.3066f,0.219f,0.5501f,-0.8058f,0.1776f,0f,0f,0f,1f],start_interpolation: 0,interpolation_duration: 1}
data modify entity @s data merge value {"cameras":{},"locators":{"mouse":{"posx":-5.599929649730543e-17,"posy":1.470794622795481,"posz":0.4572689573540251,"roty":0,"rotx":-4.992425380608974},"left_arm":{"posx":0.7943417035015643,"posy":1.4391308992464587,"posz":-0.22575168314613622,"roty":321.86358006476854,"rotx":8.114819503822668},"right_arm":{"posx":-0.8214883684504471,"posy":1.437295799685065,"posz":-0.18693373235734814,"roty":34.73915674878924,"rotx":11.293894576989182}}}