# This file was generated by Animated Java via MC-Build. It is not recommended to edit this file directly.
$data merge entity $(bone_eyes) {transformation: [-1f,0f,0f,-0.0156f,0f,0.9974f,-0.0727f,1.723f,0f,-0.0727f,-0.9974f,0.4288f,0f,0f,0f,1f],start_interpolation: 0,interpolation_duration: 1}
$data merge entity $(bone_head) {transformation: [-1f,0f,0f,0f,0f,0.9974f,-0.0727f,1.3619f,0f,-0.0727f,-0.9974f,0.2032f,0f,0f,0f,1f],start_interpolation: 0,interpolation_duration: 1}
$data merge entity $(bone_fabric_overray) {transformation: [-1f,0f,0f,0f,0f,0.814f,0.5808f,1.3619f,0f,0.5808f,-0.814f,0.2032f,0f,0f,0f,1f],start_interpolation: 0,interpolation_duration: 1}
$data merge entity $(bone_fabric) {transformation: [-1f,0f,0f,0f,0f,0.814f,0.5808f,1.3619f,0f,0.5808f,-0.814f,0.2032f,0f,0f,0f,1f],start_interpolation: 0,interpolation_duration: 1}
$data merge entity $(bone_bone_overray) {transformation: [-1f,0f,0f,0f,0f,0.8107f,0.5854f,1.3619f,0f,0.5854f,-0.8107f,0.2032f,0f,0f,0f,1f],start_interpolation: 0,interpolation_duration: 1}
$data merge entity $(bone_bone) {transformation: [-1f,0f,0f,0f,0f,0.8107f,0.5854f,1.3619f,0f,0.5854f,-0.8107f,0.2032f,0f,0f,0f,1f],start_interpolation: 0,interpolation_duration: 1}
$data merge entity $(bone_left_arm1) {transformation: [-0.037f,-0.7898f,-0.6122f,0.25f,-0.9891f,-0.0584f,0.1351f,1.3113f,-0.1425f,0.6105f,-0.7791f,0.1666f,0f,0f,0f,1f],start_interpolation: 0,interpolation_duration: 1}
$data merge entity $(bone_right_arm1) {transformation: [-0.0558f,0.8271f,0.5592f,-0.25f,0.9812f,-0.0582f,0.184f,1.3113f,0.1847f,0.559f,-0.8083f,0.1666f,0f,0f,0f,1f],start_interpolation: 0,interpolation_duration: 1}
data modify entity @s data merge value {"cameras":{},"locators":{"mouse":{"posx":-5.458861325301812e-17,"posy":1.4735975894126552,"posz":0.4457498544970259,"roty":0,"rotx":-4.166666666666672},"left_arm":{"posx":0.7953240268452535,"posy":1.4132589699613118,"posz":-0.24419613468583193,"roty":321.8395968362219,"rotx":7.764870518804285},"right_arm":{"posx":-0.8221344870392363,"posy":1.412579524084121,"posz":-0.20613923830201417,"roty":34.677451237656385,"rotx":10.60112362748145}}}