# This file was generated by Animated Java via MC-Build. It is not recommended to edit this file directly.
$data merge entity $(bone_eyes) {transformation: [-1f,0f,0f,-0.0156f,0f,0.9911f,-0.1328f,1.7364f,0f,-0.1328f,-0.9911f,0.4052f,0f,0f,0f,1f],start_interpolation: 0,interpolation_duration: 1}
$data merge entity $(bone_head) {transformation: [-1f,0f,0f,0f,0f,0.9911f,-0.1328f,1.3623f,0f,-0.1328f,-0.9911f,0.2019f,0f,0f,0f,1f],start_interpolation: 0,interpolation_duration: 1}
$data merge entity $(bone_fabric_overray) {transformation: [-1f,0f,0f,0f,0f,0.8142f,0.5806f,1.3623f,0f,0.5806f,-0.8142f,0.2019f,0f,0f,0f,1f],start_interpolation: 0,interpolation_duration: 1}
$data merge entity $(bone_fabric) {transformation: [-1f,0f,0f,0f,0f,0.8142f,0.5806f,1.3623f,0f,0.5806f,-0.8142f,0.2019f,0f,0f,0f,1f],start_interpolation: 0,interpolation_duration: 1}
$data merge entity $(bone_bone_overray) {transformation: [-1f,0f,0f,0f,0f,0.813f,0.5822f,1.3623f,0f,0.5822f,-0.813f,0.2019f,0f,0f,0f,1f],start_interpolation: 0,interpolation_duration: 1}
$data merge entity $(bone_bone) {transformation: [-1f,0f,0f,0f,0f,0.813f,0.5822f,1.3623f,0f,0.5822f,-0.813f,0.2019f,0f,0f,0f,1f],start_interpolation: 0,interpolation_duration: 1}
$data merge entity $(bone_left_arm1) {transformation: [-0.0696f,-0.7879f,-0.6118f,0.25f,-0.9864f,-0.0372f,0.16f,1.3115f,-0.1488f,0.6147f,-0.7746f,0.1655f,0f,0f,0f,1f],start_interpolation: 0,interpolation_duration: 1}
$data merge entity $(bone_right_arm1) {transformation: [-0.0858f,0.8249f,0.5587f,-0.25f,0.9783f,-0.0365f,0.2042f,1.3115f,0.1888f,0.5641f,-0.8038f,0.1655f,0f,0f,0f,1f],start_interpolation: 0,interpolation_duration: 1}
data modify entity @s data merge value {"cameras":{},"locators":{"mouse":{"posx":-5.354046920120658e-17,"posy":1.4884458110558043,"posz":0.43719110880364487,"roty":0,"rotx":-7.633529557877739},"left_arm":{"posx":0.7960433191033981,"posy":1.3987004491126507,"posz":-0.24780359765864737,"roty":321.6969673028389,"rotx":9.207352862318231},"right_arm":{"posx":-0.822477343874248,"posy":1.397762477159491,"posz":-0.2105497222132143,"roty":34.80326685212583,"rotx":11.780948933259523}}}