# This file was generated by Animated Java via MC-Build. It is not recommended to edit this file directly.
$data merge entity $(bone_eyes) {transformation: [-1f,0f,0f,-0.0156f,0f,0.9813f,0.1923f,1.674f,0f,0.1923f,-0.9813f,0.3363f,0f,0f,0f,1f],start_interpolation: 0,interpolation_duration: 1}
$data merge entity $(bone_head) {transformation: [-1f,0f,0f,0f,0f,0.9813f,0.1923f,1.385f,0f,0.1923f,-0.9813f,0.0237f,0f,0f,0f,1f],start_interpolation: 0,interpolation_duration: 1}
$data merge entity $(bone_fabric_overray) {transformation: [-1f,0f,0f,0f,0f,0.9895f,0.1443f,1.385f,0f,0.1443f,-0.9895f,0.0237f,0f,0f,0f,1f],start_interpolation: 0,interpolation_duration: 1}
$data merge entity $(bone_fabric) {transformation: [-1f,0f,0f,0f,0f,0.9895f,0.1443f,1.385f,0f,0.1443f,-0.9895f,0.0237f,0f,0f,0f,1f],start_interpolation: 0,interpolation_duration: 1}
$data merge entity $(bone_bone_overray) {transformation: [-1f,0f,0f,0f,0f,0.9974f,0.0727f,1.385f,0f,0.0727f,-0.9974f,0.0237f,0f,0f,0f,1f],start_interpolation: 0,interpolation_duration: 1}
$data merge entity $(bone_bone) {transformation: [-1f,0f,0f,0f,0f,0.9974f,0.0727f,1.385f,0f,0.0727f,-0.9974f,0.0237f,0f,0f,0f,1f],start_interpolation: 0,interpolation_duration: 1}
$data merge entity $(bone_left_arm1) {transformation: [-0.9821f,0.1789f,0.0595f,0.25f,0.1751f,0.9825f,-0.0636f,1.3227f,-0.0698f,-0.052f,-0.9962f,0.0191f,0f,0f,0f,1f],start_interpolation: 0,interpolation_duration: 1}
$data merge entity $(bone_right_arm1) {transformation: [-0.9764f,-0.2032f,-0.0733f,-0.25f,-0.198f,0.9775f,-0.0725f,1.3227f,0.0864f,-0.0563f,-0.9947f,0.0191f,0f,0f,0f,1f],start_interpolation: 0,interpolation_duration: 1}
data modify entity @s data merge value {"cameras":{},"locators":{"mouse":{"posx":-3.514944705639899e-17,"posy":1.4289540314733877,"posz":0.28701701650526024,"roty":0,"rotx":11.086666666666671},"left_arm":{"posx":0.18837596504088686,"posy":0.6362858665481813,"posz":0.05925461619222913,"roty":3.4183368090755266,"rotx":-3.646436835639029},"right_arm":{"posx":-0.1713369333881989,"posy":0.6382710505486863,"posz":0.0631850530213037,"roty":355.7869031440512,"rotx":-4.155889913885904}}}