# This file was generated by Animated Java via MC-Build. It is not recommended to edit this file directly.
$data merge entity $(bone_eyes) {transformation: [-1f,0f,0f,-0.0156f,0f,0.9707f,-0.2404f,1.7569f,0f,-0.2404f,-0.9707f,0.3615f,0f,0f,0f,1f],start_interpolation: 0,interpolation_duration: 1}
$data merge entity $(bone_head) {transformation: [-1f,0f,0f,0f,0f,0.9707f,-0.2404f,1.3628f,0f,-0.2404f,-0.9707f,0.2003f,0f,0f,0f,1f],start_interpolation: 0,interpolation_duration: 1}
$data merge entity $(bone_fabric_overray) {transformation: [-1f,0f,0f,0f,0f,0.8157f,0.5785f,1.3628f,0f,0.5785f,-0.8157f,0.2003f,0f,0f,0f,1f],start_interpolation: 0,interpolation_duration: 1}
$data merge entity $(bone_fabric) {transformation: [-1f,0f,0f,0f,0f,0.8157f,0.5785f,1.3628f,0f,0.5785f,-0.8157f,0.2003f,0f,0f,0f,1f],start_interpolation: 0,interpolation_duration: 1}
$data merge entity $(bone_bone_overray) {transformation: [-1f,0f,0f,0f,0f,0.8157f,0.5785f,1.3628f,0f,0.5785f,-0.8157f,0.2003f,0f,0f,0f,1f],start_interpolation: 0,interpolation_duration: 1}
$data merge entity $(bone_bone) {transformation: [-1f,0f,0f,0f,0f,0.8157f,0.5785f,1.3628f,0f,0.5785f,-0.8157f,0.2003f,0f,0f,0f,1f],start_interpolation: 0,interpolation_duration: 1}
$data merge entity $(bone_left_arm1) {transformation: [-0.1025f,-0.7855f,-0.6103f,0.25f,-0.9828f,-0.0149f,0.1842f,1.3118f,-0.1538f,0.6186f,-0.7705f,0.1642f,0f,0f,0f,1f],start_interpolation: 0,interpolation_duration: 1}
$data merge entity $(bone_right_arm1) {transformation: [-0.116f,0.8222f,0.5573f,-0.25f,0.9746f,-0.0142f,0.2237f,1.3118f,0.1918f,0.569f,-0.7996f,0.1642f,0f,0f,0f,1f],start_interpolation: 0,interpolation_duration: 1}
data modify entity @s data merge value {"cameras":{},"locators":{"mouse":{"posx":-5.148907070105744e-17,"posy":1.5138915025268789,"posz":0.4204401688462839,"roty":0,"rotx":-13.912787745073285},"left_arm":{"posx":0.7964677855588256,"posy":1.3834972522627185,"posz":-0.25152769063445035,"roty":321.61906733733645,"rotx":10.615901241827054},"right_arm":{"posx":-0.8224965097550804,"posy":1.3824575040680824,"posz":-0.2150746998048519,"roty":34.87437990457474,"rotx":12.925543811385102}}}