# This file was generated by Animated Java via MC-Build. It is not recommended to edit this file directly.
$data merge entity $(bone_eyes) {transformation: [-1f,0f,0f,-0.0156f,0f,0.954f,-0.2998f,1.7666f,0f,-0.2998f,-0.954f,0.3352f,0f,0f,0f,1f],start_interpolation: 0,interpolation_duration: 1}
$data merge entity $(bone_head) {transformation: [-1f,0f,0f,0f,0f,0.954f,-0.2998f,1.3633f,0f,-0.2998f,-0.954f,0.1986f,0f,0f,0f,1f],start_interpolation: 0,interpolation_duration: 1}
$data merge entity $(bone_fabric_overray) {transformation: [-1f,0f,0f,0f,0f,0.8186f,0.5743f,1.3633f,0f,0.5743f,-0.8186f,0.1986f,0f,0f,0f,1f],start_interpolation: 0,interpolation_duration: 1}
$data merge entity $(bone_fabric) {transformation: [-1f,0f,0f,0f,0f,0.8186f,0.5743f,1.3633f,0f,0.5743f,-0.8186f,0.1986f,0f,0f,0f,1f],start_interpolation: 0,interpolation_duration: 1}
$data merge entity $(bone_bone_overray) {transformation: [-1f,0f,0f,0f,0f,0.8186f,0.5743f,1.3633f,0f,0.5743f,-0.8186f,0.1986f,0f,0f,0f,1f],start_interpolation: 0,interpolation_duration: 1}
$data merge entity $(bone_bone) {transformation: [-1f,0f,0f,0f,0f,0.8186f,0.5743f,1.3633f,0f,0.5743f,-0.8186f,0.1986f,0f,0f,0f,1f],start_interpolation: 0,interpolation_duration: 1}
$data merge entity $(bone_left_arm1) {transformation: [-0.1356f,-0.7827f,-0.6075f,0.25f,-0.9782f,0.0082f,0.2077f,1.3122f,-0.1576f,0.6224f,-0.7667f,0.1627f,0f,0f,0f,1f],start_interpolation: 0,interpolation_duration: 1}
$data merge entity $(bone_right_arm1) {transformation: [-0.1462f,0.819f,0.5549f,-0.25f,0.9701f,0.0089f,0.2425f,1.3122f,0.1937f,0.5738f,-0.7958f,0.1627f,0f,0f,0f,1f],start_interpolation: 0,interpolation_duration: 1}
data modify entity @s data merge value {"cameras":{},"locators":{"mouse":{"posx":-5.0086386779542544e-17,"posy":1.527708689111527,"posz":0.4089863854167148,"roty":0,"rotx":-17.447445498596583},"left_arm":{"posx":0.7965653870543661,"posy":1.3676576595010113,"posz":-0.25532636804114306,"roty":321.6086928031128,"rotx":11.98906382877831},"right_arm":{"posx":-0.8221716401478683,"posy":1.3666719346022385,"posz":-0.2196715205845917,"roty":34.88893010314709,"rotx":14.03418164208644}}}