# This file was generated by Animated Java via MC-Build. It is not recommended to edit this file directly.
$data merge entity $(bone_eyes) {transformation: [-1f,0f,0f,-0.0156f,0f,0.9607f,-0.2774f,1.7639f,0f,-0.2774f,-0.9607f,0.3427f,0f,0f,0f,1f],start_interpolation: 0,interpolation_duration: 1}
$data merge entity $(bone_head) {transformation: [-1f,0f,0f,0f,0f,0.9607f,-0.2774f,1.3639f,0f,-0.2774f,-0.9607f,0.1967f,0f,0f,0f,1f],start_interpolation: 0,interpolation_duration: 1}
$data merge entity $(bone_fabric_overray) {transformation: [-1f,0f,0f,0f,0f,0.8219f,0.5697f,1.3639f,0f,0.5697f,-0.8219f,0.1967f,0f,0f,0f,1f],start_interpolation: 0,interpolation_duration: 1}
$data merge entity $(bone_fabric) {transformation: [-1f,0f,0f,0f,0f,0.8219f,0.5697f,1.3639f,0f,0.5697f,-0.8219f,0.1967f,0f,0f,0f,1f],start_interpolation: 0,interpolation_duration: 1}
$data merge entity $(bone_bone_overray) {transformation: [-1f,0f,0f,0f,0f,0.8219f,0.5697f,1.3639f,0f,0.5697f,-0.8219f,0.1967f,0f,0f,0f,1f],start_interpolation: 0,interpolation_duration: 1}
$data merge entity $(bone_bone) {transformation: [-1f,0f,0f,0f,0f,0.8219f,0.5697f,1.3639f,0f,0.5697f,-0.8219f,0.1967f,0f,0f,0f,1f],start_interpolation: 0,interpolation_duration: 1}
$data merge entity $(bone_left_arm1) {transformation: [-0.1688f,-0.7793f,-0.6035f,0.25f,-0.9725f,0.0322f,0.2305f,1.3125f,-0.1602f,0.6259f,-0.7633f,0.1611f,0f,0f,0f,1f],start_interpolation: 0,interpolation_duration: 1}
$data merge entity $(bone_right_arm1) {transformation: [-0.1766f,0.8152f,0.5516f,-0.25f,0.9649f,0.0326f,0.2606f,1.3125f,0.1944f,0.5783f,-0.7923f,0.1611f,0f,0f,0f,1f],start_interpolation: 0,interpolation_duration: 1}
data modify entity @s data merge value {"cameras":{},"locators":{"mouse":{"posx":-5.031942138343707e-17,"posy":1.5233374130163462,"posz":0.41088925736360404,"roty":0,"rotx":-16.106433014717027},"left_arm":{"posx":0.7963039803747279,"posy":1.3511923818776577,"posz":-0.2591562399866255,"roty":321.6685387741205,"rotx":13.32512695938863},"right_arm":{"posx":-0.821482546844281,"posy":1.350414806306477,"posz":-0.22429719598801603,"roty":34.84518761501121,"rotx":15.105957676042296}}}