# This file was generated by Animated Java via MC-Build. It is not recommended to edit this file directly.
$data merge entity $(bone_eyes) {transformation: [-1f,0f,0f,-0.0156f,0f,0.9781f,-0.2082f,1.7531f,0f,-0.2082f,-0.9781f,0.3688f,0f,0f,0f,1f],start_interpolation: 0,interpolation_duration: 1}
$data merge entity $(bone_head) {transformation: [-1f,0f,0f,0f,0f,0.9781f,-0.2082f,1.3646f,0f,-0.2082f,-0.9781f,0.1947f,0f,0f,0f,1f],start_interpolation: 0,interpolation_duration: 1}
$data merge entity $(bone_fabric_overray) {transformation: [-1f,0f,0f,0f,0f,0.8254f,0.5645f,1.3646f,0f,0.5645f,-0.8254f,0.1947f,0f,0f,0f,1f],start_interpolation: 0,interpolation_duration: 1}
$data merge entity $(bone_fabric) {transformation: [-1f,0f,0f,0f,0f,0.8254f,0.5645f,1.3646f,0f,0.5645f,-0.8254f,0.1947f,0f,0f,0f,1f],start_interpolation: 0,interpolation_duration: 1}
$data merge entity $(bone_bone_overray) {transformation: [-1f,0f,0f,0f,0f,0.8254f,0.5645f,1.3646f,0f,0.5645f,-0.8254f,0.1947f,0f,0f,0f,1f],start_interpolation: 0,interpolation_duration: 1}
$data merge entity $(bone_bone) {transformation: [-1f,0f,0f,0f,0f,0.8254f,0.5645f,1.3646f,0f,0.5645f,-0.8254f,0.1947f,0f,0f,0f,1f],start_interpolation: 0,interpolation_duration: 1}
$data merge entity $(bone_left_arm1) {transformation: [-0.2022f,-0.7753f,-0.5984f,0.25f,-0.9659f,0.0571f,0.2524f,1.313f,-0.1616f,0.629f,-0.7604f,0.1594f,0f,0f,0f,1f],start_interpolation: 0,interpolation_duration: 1}
$data merge entity $(bone_right_arm1) {transformation: [-0.2069f,0.8109f,0.5474f,-0.25f,0.9589f,0.057f,0.278f,1.313f,0.1942f,0.5824f,-0.7893f,0.1594f,0f,0f,0f,1f],start_interpolation: 0,interpolation_duration: 1}
data modify entity @s data merge value {"cameras":{},"locators":{"mouse":{"posx":-5.139384025042841e-17,"posy":1.5083163654703222,"posz":0.41966255320481627,"roty":0,"rotx":-12.017939748963263},"left_arm":{"posx":0.7956514618795949,"posy":1.3341147479402056,"posz":-0.2629727972788627,"roty":321.8011601963124,"rotx":14.62211206213384},"right_arm":{"posx":-0.8204092704277552,"posy":1.3336970165492728,"posz":-0.2289085789764156,"roty":34.74158037365885,"rotx":16.139790890817974}}}