# This file was generated by Animated Java via MC-Build. It is not recommended to edit this file directly.
$data merge entity $(bone_eyes) {transformation: [-1f,0f,0f,-0.0156f,0f,0.9945f,-0.1048f,1.7335f,0f,-0.1048f,-0.9945f,0.4063f,0f,0f,0f,1f],start_interpolation: 0,interpolation_duration: 1}
$data merge entity $(bone_head) {transformation: [-1f,0f,0f,0f,0f,0.9945f,-0.1048f,1.3653f,0f,-0.1048f,-0.9945f,0.1925f,0f,0f,0f,1f],start_interpolation: 0,interpolation_duration: 1}
$data merge entity $(bone_fabric_overray) {transformation: [-1f,0f,0f,0f,0f,0.8292f,0.559f,1.3653f,0f,0.559f,-0.8292f,0.1925f,0f,0f,0f,1f],start_interpolation: 0,interpolation_duration: 1}
$data merge entity $(bone_fabric) {transformation: [-1f,0f,0f,0f,0f,0.8292f,0.559f,1.3653f,0f,0.559f,-0.8292f,0.1925f,0f,0f,0f,1f],start_interpolation: 0,interpolation_duration: 1}
$data merge entity $(bone_bone_overray) {transformation: [-1f,0f,0f,0f,0f,0.8292f,0.559f,1.3653f,0f,0.559f,-0.8292f,0.1925f,0f,0f,0f,1f],start_interpolation: 0,interpolation_duration: 1}
$data merge entity $(bone_bone) {transformation: [-1f,0f,0f,0f,0f,0.8292f,0.559f,1.3653f,0f,0.559f,-0.8292f,0.1925f,0f,0f,0f,1f],start_interpolation: 0,interpolation_duration: 1}
$data merge entity $(bone_left_arm1) {transformation: [-0.2356f,-0.7707f,-0.5921f,0.25f,-0.9583f,0.0828f,0.2736f,1.3134f,-0.1618f,0.6318f,-0.758f,0.1575f,0f,0f,0f,1f],start_interpolation: 0,interpolation_duration: 1}
$data merge entity $(bone_right_arm1) {transformation: [-0.2373f,0.806f,0.5423f,-0.25f,0.9521f,0.0821f,0.2946f,1.3134f,0.1929f,0.5862f,-0.7868f,0.1575f,0f,0f,0f,1f],start_interpolation: 0,interpolation_duration: 1}
data modify entity @s data merge value {"cameras":{},"locators":{"mouse":{"posx":-5.281429367653739e-17,"posy":1.4846989612040395,"posz":0.43126143565074243,"roty":0,"rotx":-6.013858860567438},"left_arm":{"posx":0.7945759138405813,"posy":1.316440877221537,"posz":-0.26673065674445473,"roty":322.00892763465635,"rotx":15.877775771358888},"right_arm":{"posx":-0.8189321533318059,"posy":1.3165314600244014,"posz":-0.23346255415421438,"roty":34.57672307256354,"rotx":17.134428246789405}}}