# This file was generated by Animated Java via MC-Build. It is not recommended to edit this file directly.
$data merge entity $(bone_eyes) {transformation: [-1f,0f,0f,-0.0156f,0f,0.9946f,-0.1036f,1.734f,0f,-0.1036f,-0.9946f,0.4044f,0f,0f,0f,1f],start_interpolation: 0,interpolation_duration: 1}
$data merge entity $(bone_head) {transformation: [-1f,0f,0f,0f,0f,0.9946f,-0.1036f,1.366f,0f,-0.1036f,-0.9946f,0.1901f,0f,0f,0f,1f],start_interpolation: 0,interpolation_duration: 1}
$data merge entity $(bone_fabric_overray) {transformation: [-1f,0f,0f,0f,0f,0.8332f,0.553f,1.366f,0f,0.553f,-0.8332f,0.1901f,0f,0f,0f,1f],start_interpolation: 0,interpolation_duration: 1}
$data merge entity $(bone_fabric) {transformation: [-1f,0f,0f,0f,0f,0.8332f,0.553f,1.366f,0f,0.553f,-0.8332f,0.1901f,0f,0f,0f,1f],start_interpolation: 0,interpolation_duration: 1}
$data merge entity $(bone_bone_overray) {transformation: [-1f,0f,0f,0f,0f,0.8332f,0.553f,1.366f,0f,0.553f,-0.8332f,0.1901f,0f,0f,0f,1f],start_interpolation: 0,interpolation_duration: 1}
$data merge entity $(bone_bone) {transformation: [-1f,0f,0f,0f,0f,0.8332f,0.553f,1.366f,0f,0.553f,-0.8332f,0.1901f,0f,0f,0f,1f],start_interpolation: 0,interpolation_duration: 1}
$data merge entity $(bone_left_arm1) {transformation: [-0.269f,-0.7654f,-0.5846f,0.25f,-0.9496f,0.1092f,0.2939f,1.3139f,-0.1611f,0.6342f,-0.7562f,0.1555f,0f,0f,0f,1f],start_interpolation: 0,interpolation_duration: 1}
$data merge entity $(bone_right_arm1) {transformation: [-0.2676f,0.8004f,0.5364f,-0.25f,0.9445f,0.1077f,0.3105f,1.3139f,0.1908f,0.5896f,-0.7848f,0.1555f,0f,0f,0f,1f],start_interpolation: 0,interpolation_duration: 1}
data modify entity @s data merge value {"cameras":{},"locators":{"mouse":{"posx":-5.2542909260049043e-17,"posy":1.4851790872226998,"posz":0.4290454137195431,"roty":0,"rotx":-5.949011818945233},"left_arm":{"posx":0.7930457529164382,"posy":1.2981898378862793,"posz":-0.270383825537613,"roty":322.29397781143217,"rotx":17.08961378598511},"right_arm":{"posx":-0.8170319132709808,"posy":1.2989331501370676,"posz":-0.237916237518497,"roty":34.349447713697174,"rotx":18.08845157173688}}}