# This file was generated by Animated Java via MC-Build. It is not recommended to edit this file directly.
$data merge entity $(bone_eyes) {transformation: [-1f,0f,0f,-0.0156f,0f,0.9947f,-0.1025f,1.7345f,0f,-0.1025f,-0.9947f,0.4023f,0f,0f,0f,1f],start_interpolation: 0,interpolation_duration: 1}
$data merge entity $(bone_head) {transformation: [-1f,0f,0f,0f,0f,0.9947f,-0.1025f,1.3668f,0f,-0.1025f,-0.9947f,0.1876f,0f,0f,0f,1f],start_interpolation: 0,interpolation_duration: 1}
$data merge entity $(bone_fabric_overray) {transformation: [-1f,0f,0f,0f,0f,0.8374f,0.5466f,1.3668f,0f,0.5466f,-0.8374f,0.1876f,0f,0f,0f,1f],start_interpolation: 0,interpolation_duration: 1}
$data merge entity $(bone_fabric) {transformation: [-1f,0f,0f,0f,0f,0.8374f,0.5466f,1.3668f,0f,0.5466f,-0.8374f,0.1876f,0f,0f,0f,1f],start_interpolation: 0,interpolation_duration: 1}
$data merge entity $(bone_bone_overray) {transformation: [-1f,0f,0f,0f,0f,0.8374f,0.5466f,1.3668f,0f,0.5466f,-0.8374f,0.1876f,0f,0f,0f,1f],start_interpolation: 0,interpolation_duration: 1}
$data merge entity $(bone_bone) {transformation: [-1f,0f,0f,0f,0f,0.8374f,0.5466f,1.3668f,0f,0.5466f,-0.8374f,0.1876f,0f,0f,0f,1f],start_interpolation: 0,interpolation_duration: 1}
$data merge entity $(bone_left_arm1) {transformation: [-0.3023f,-0.7595f,-0.576f,0.25f,-0.9398f,0.1365f,0.3132f,1.3145f,-0.1593f,0.6361f,-0.755f,0.1535f,0f,0f,0f,1f],start_interpolation: 0,interpolation_duration: 1}
$data merge entity $(bone_right_arm1) {transformation: [-0.2978f,0.7943f,0.5295f,-0.25f,0.936f,0.1339f,0.3256f,1.3145f,0.1877f,0.5926f,-0.7833f,0.1535f,0f,0f,0f,1f],start_interpolation: 0,interpolation_duration: 1}
data modify entity @s data merge value {"cameras":{},"locators":{"mouse":{"posx":-5.225501361066269e-17,"posy":1.4856833342726854,"posz":0.4266945673401071,"roty":0,"rotx":-5.880886915425728},"left_arm":{"posx":0.7910298801847931,"posy":1.27938378580228,"posz":-0.2738859828212944,"roty":322.6581588488391,"rotx":18.254869079125285},"right_arm":{"posx":-0.8146897168214063,"posy":1.280919322817443,"posz":-0.24222718474406804,"roty":34.058835454672305,"rotx":19.000287293704304}}}