# This file was generated by Animated Java via MC-Build. It is not recommended to edit this file directly.
$data merge entity $(bone_eyes) {transformation: [-1f,0f,0f,-0.0156f,0f,0.9949f,-0.1012f,1.735f,0f,-0.1012f,-0.9949f,0.4002f,0f,0f,0f,1f],start_interpolation: 0,interpolation_duration: 1}
$data merge entity $(bone_head) {transformation: [-1f,0f,0f,0f,0f,0.9949f,-0.1012f,1.3676f,0f,-0.1012f,-0.9949f,0.185f,0f,0f,0f,1f],start_interpolation: 0,interpolation_duration: 1}
$data merge entity $(bone_fabric_overray) {transformation: [-1f,0f,0f,0f,0f,0.8418f,0.5398f,1.3676f,0f,0.5398f,-0.8418f,0.185f,0f,0f,0f,1f],start_interpolation: 0,interpolation_duration: 1}
$data merge entity $(bone_fabric) {transformation: [-1f,0f,0f,0f,0f,0.8418f,0.5398f,1.3676f,0f,0.5398f,-0.8418f,0.185f,0f,0f,0f,1f],start_interpolation: 0,interpolation_duration: 1}
$data merge entity $(bone_bone_overray) {transformation: [-1f,0f,0f,0f,0f,0.8418f,0.5398f,1.3676f,0f,0.5398f,-0.8418f,0.185f,0f,0f,0f,1f],start_interpolation: 0,interpolation_duration: 1}
$data merge entity $(bone_bone) {transformation: [-1f,0f,0f,0f,0f,0.8418f,0.5398f,1.3676f,0f,0.5398f,-0.8418f,0.185f,0f,0f,0f,1f],start_interpolation: 0,interpolation_duration: 1}
$data merge entity $(bone_left_arm1) {transformation: [-0.3355f,-0.7528f,-0.5664f,0.25f,-0.929f,0.1644f,0.3317f,1.315f,-0.1566f,0.6374f,-0.7544f,0.1512f,0f,0f,0f,1f],start_interpolation: 0,interpolation_duration: 1}
$data merge entity $(bone_right_arm1) {transformation: [-0.3279f,0.7875f,0.5219f,-0.25f,0.9267f,0.1606f,0.3399f,1.315f,0.1838f,0.595f,-0.7824f,0.1512f,0f,0f,0f,1f],start_interpolation: 0,interpolation_duration: 1}
data modify entity @s data merge value {"cameras":{},"locators":{"mouse":{"posx":-5.195142515753817e-17,"posy":1.4862053025455642,"posz":0.4242155794936856,"roty":0,"rotx":-5.809507976894174},"left_arm":{"posx":0.7884978321348165,"posy":1.2600480824083566,"posz":-0.27719077689173777,"roty":323.10297041620095,"rotx":19.370545095586433},"right_arm":{"posx":-0.8118872529248806,"posy":1.2625095214155122,"posz":-0.24635360670468034,"roty":33.70424935185028,"rotx":19.868219221344727}}}