# This file was generated by Animated Java via MC-Build. It is not recommended to edit this file directly.
$data merge entity $(bone_eyes) {transformation: [-1f,0f,0f,-0.0156f,0f,0.995f,-0.0999f,1.7356f,0f,-0.0999f,-0.995f,0.3979f,0f,0f,0f,1f],start_interpolation: 0,interpolation_duration: 1}
$data merge entity $(bone_head) {transformation: [-1f,0f,0f,0f,0f,0.995f,-0.0999f,1.3685f,0f,-0.0999f,-0.995f,0.1822f,0f,0f,0f,1f],start_interpolation: 0,interpolation_duration: 1}
$data merge entity $(bone_fabric_overray) {transformation: [-1f,0f,0f,0f,0f,0.8463f,0.5327f,1.3685f,0f,0.5327f,-0.8463f,0.1822f,0f,0f,0f,1f],start_interpolation: 0,interpolation_duration: 1}
$data merge entity $(bone_fabric) {transformation: [-1f,0f,0f,0f,0f,0.8463f,0.5327f,1.3685f,0f,0.5327f,-0.8463f,0.1822f,0f,0f,0f,1f],start_interpolation: 0,interpolation_duration: 1}
$data merge entity $(bone_bone_overray) {transformation: [-1f,0f,0f,0f,0f,0.8463f,0.5327f,1.3685f,0f,0.5327f,-0.8463f,0.1822f,0f,0f,0f,1f],start_interpolation: 0,interpolation_duration: 1}
$data merge entity $(bone_bone) {transformation: [-1f,0f,0f,0f,0f,0.8463f,0.5327f,1.3685f,0f,0.5327f,-0.8463f,0.1822f,0f,0f,0f,1f],start_interpolation: 0,interpolation_duration: 1}
$data merge entity $(bone_left_arm1) {transformation: [-0.3684f,-0.7453f,-0.5557f,0.25f,-0.917f,0.193f,0.3491f,1.3156f,-0.153f,0.6382f,-0.7545f,0.1489f,0f,0f,0f,1f],start_interpolation: 0,interpolation_duration: 1}
$data merge entity $(bone_right_arm1) {transformation: [-0.3578f,0.78f,0.5134f,-0.25f,0.9165f,0.1878f,0.3533f,1.3156f,0.1791f,0.5969f,-0.782f,0.1489f,0f,0f,0f,1f],start_interpolation: 0,interpolation_duration: 1}
data modify entity @s data merge value {"cameras":{},"locators":{"mouse":{"posx":-5.163297047115831e-17,"posy":1.4867386722101024,"posz":0.42161519964047744,"roty":0,"rotx":-5.734898830235762},"left_arm":{"posx":0.7854199320135967,"posy":1.2402113888995407,"posz":-0.2802521355123213,"roty":323.6294993581489,"rotx":20.433424580336453},"right_arm":{"posx":-0.808606806088167,"posy":1.2437256614659684,"posz":-0.2502545907377103,"roty":33.285367431316075,"rotx":20.690404537137045}}}