# This file was generated by Animated Java via MC-Build. It is not recommended to edit this file directly.
$data merge entity $(bone_eyes) {transformation: [-1f,0f,0f,-0.0156f,0f,0.9951f,-0.0986f,1.7362f,0f,-0.0986f,-0.9951f,0.3955f,0f,0f,0f,1f],start_interpolation: 0,interpolation_duration: 1}
$data merge entity $(bone_head) {transformation: [-1f,0f,0f,0f,0f,0.9951f,-0.0986f,1.3693f,0f,-0.0986f,-0.9951f,0.1794f,0f,0f,0f,1f],start_interpolation: 0,interpolation_duration: 1}
$data merge entity $(bone_fabric_overray) {transformation: [-1f,0f,0f,0f,0f,0.851f,0.5252f,1.3693f,0f,0.5252f,-0.851f,0.1794f,0f,0f,0f,1f],start_interpolation: 0,interpolation_duration: 1}
$data merge entity $(bone_fabric) {transformation: [-1f,0f,0f,0f,0f,0.851f,0.5252f,1.3693f,0f,0.5252f,-0.851f,0.1794f,0f,0f,0f,1f],start_interpolation: 0,interpolation_duration: 1}
$data merge entity $(bone_bone_overray) {transformation: [-1f,0f,0f,0f,0f,0.851f,0.5252f,1.3693f,0f,0.5252f,-0.851f,0.1794f,0f,0f,0f,1f],start_interpolation: 0,interpolation_duration: 1}
$data merge entity $(bone_bone) {transformation: [-1f,0f,0f,0f,0f,0.851f,0.5252f,1.3693f,0f,0.5252f,-0.851f,0.1794f,0f,0f,0f,1f],start_interpolation: 0,interpolation_duration: 1}
$data merge entity $(bone_left_arm1) {transformation: [-0.4011f,-0.737f,-0.544f,0.25f,-0.9039f,0.2222f,0.3655f,1.3162f,-0.1485f,0.6383f,-0.7553f,0.1465f,0f,0f,0f,1f],start_interpolation: 0,interpolation_duration: 1}
$data merge entity $(bone_right_arm1) {transformation: [-0.3875f,0.7718f,0.5042f,-0.25f,0.9054f,0.2155f,0.3659f,1.3162f,0.1738f,0.5982f,-0.7822f,0.1465f,0f,0f,0f,1f],start_interpolation: 0,interpolation_duration: 1}
data modify entity @s data merge value {"cameras":{},"locators":{"mouse":{"posx":-5.130048597525844e-17,"posy":1.487277235158421,"posz":0.41890025769859396,"roty":0,"rotx":-5.657083302335737},"left_arm":{"posx":0.7817674409097766,"posy":1.2199057344456707,"posz":-0.28302458692838534,"roty":324.2383518476969,"rotx":21.44009465091873},"right_arm":{"posx":-0.8048313290474954,"posy":1.224592074269437,"posz":-0.2538903259788604,"roty":32.80221534067462,"rotx":21.46489311898941},"intaract":{"posx":2.2078968734627758e-17,"posy":0.19999999999999996,"posz":-0.1802884615384615,"roty":0,"rotx":0},"shadow":{"posx":2.2078968734627758e-17,"posy":0,"posz":-0.1802884615384615,"roty":0,"rotx":0}}}