# This file was generated by Animated Java via MC-Build. It is not recommended to edit this file directly.
$data merge entity $(bone_eyes) {transformation: [-1f,0f,0f,-0.0156f,0f,0.965f,0.2623f,1.6513f,0f,0.2623f,-0.965f,0.3483f,0f,0f,0f,1f],start_interpolation: 0,interpolation_duration: 1}
$data merge entity $(bone_head) {transformation: [-1f,0f,0f,0f,0f,0.965f,0.2623f,1.3855f,0f,0.2623f,-0.965f,0.0157f,0f,0f,0f,1f],start_interpolation: 0,interpolation_duration: 1}
$data merge entity $(bone_fabric_overray) {transformation: [-1f,0f,0f,0f,0f,0.9898f,0.1421f,1.3855f,0f,0.1421f,-0.9898f,0.0157f,0f,0f,0f,1f],start_interpolation: 0,interpolation_duration: 1}
$data merge entity $(bone_fabric) {transformation: [-1f,0f,0f,0f,0f,0.9898f,0.1421f,1.3855f,0f,0.1421f,-0.9898f,0.0157f,0f,0f,0f,1f],start_interpolation: 0,interpolation_duration: 1}
$data merge entity $(bone_bone_overray) {transformation: [-1f,0f,0f,0f,0f,0.9989f,0.0473f,1.3855f,0f,0.0473f,-0.9989f,0.0157f,0f,0f,0f,1f],start_interpolation: 0,interpolation_duration: 1}
$data merge entity $(bone_bone) {transformation: [-1f,0f,0f,0f,0f,0.9989f,0.0473f,1.3855f,0f,0.0473f,-0.9989f,0.0157f,0f,0f,0f,1f],start_interpolation: 0,interpolation_duration: 1}
$data merge entity $(bone_left_arm1) {transformation: [-0.9721f,0.2251f,0.0666f,0.25f,0.2156f,0.9683f,-0.1258f,1.3231f,-0.0928f,-0.108f,-0.9898f,0.0128f,0f,0f,0f,1f],start_interpolation: 0,interpolation_duration: 1}
$data merge entity $(bone_right_arm1) {transformation: [-0.9633f,-0.2557f,-0.0821f,-0.25f,-0.2431f,0.9601f,-0.138f,1.3231f,0.1142f,-0.113f,-0.987f,0.0128f,0f,0f,0f,1f],start_interpolation: 0,interpolation_duration: 1}
data modify entity @s data merge value {"cameras":{},"locators":{"mouse":{"posx":-3.448037923785914e-17,"posy":1.4103882900723879,"posz":0.28155366316121283,"roty":0,"rotx":15.20833333333333},"left_arm":{"posx":0.15598077862861304,"posy":0.643868606660843,"posz":0.09278269459769142,"roty":3.8498136615017415,"rotx":-7.228950781379084},"right_arm":{"posx":-0.13439523667716552,"posy":0.6477912240024346,"posz":0.0975653340920044,"roty":355.242990172414,"rotx":-7.932853291754907}}}
execute as @n[tag=aj.ginunga.locator.mouse] at @s run playsound trip_magic:entity.ginunga.cry.prep hostile @a ~ ~ ~ 2 1