# This file was generated by Animated Java via MC-Build. It is not recommended to edit this file directly.
$data merge entity $(bone_eyes) {transformation: [-1f,0f,0f,-0.0156f,0f,0.9953f,-0.0972f,1.7368f,0f,-0.0972f,-0.9953f,0.393f,0f,0f,0f,1f],start_interpolation: 0,interpolation_duration: 1}
$data merge entity $(bone_head) {transformation: [-1f,0f,0f,0f,0f,0.9953f,-0.0972f,1.3702f,0f,-0.0972f,-0.9953f,0.1764f,0f,0f,0f,1f],start_interpolation: 0,interpolation_duration: 1}
$data merge entity $(bone_fabric_overray) {transformation: [-1f,0f,0f,0f,0f,0.8558f,0.5173f,1.3702f,0f,0.5173f,-0.8558f,0.1764f,0f,0f,0f,1f],start_interpolation: 0,interpolation_duration: 1}
$data merge entity $(bone_fabric) {transformation: [-1f,0f,0f,0f,0f,0.8558f,0.5173f,1.3702f,0f,0.5173f,-0.8558f,0.1764f,0f,0f,0f,1f],start_interpolation: 0,interpolation_duration: 1}
$data merge entity $(bone_bone_overray) {transformation: [-1f,0f,0f,0f,0f,0.8558f,0.5173f,1.3702f,0f,0.5173f,-0.8558f,0.1764f,0f,0f,0f,1f],start_interpolation: 0,interpolation_duration: 1}
$data merge entity $(bone_bone) {transformation: [-1f,0f,0f,0f,0f,0.8558f,0.5173f,1.3702f,0f,0.5173f,-0.8558f,0.1764f,0f,0f,0f,1f],start_interpolation: 0,interpolation_duration: 1}
$data merge entity $(bone_left_arm1) {transformation: [-0.4335f,-0.7279f,-0.5313f,0.25f,-0.8897f,0.2519f,0.3809f,1.3167f,-0.1434f,0.6378f,-0.7568f,0.144f,0f,0f,0f,1f],start_interpolation: 0,interpolation_duration: 1}
$data merge entity $(bone_right_arm1) {transformation: [-0.4169f,0.7629f,0.4942f,-0.25f,0.8933f,0.2435f,0.3777f,1.3167f,0.1678f,0.5989f,-0.783f,0.144f,0f,0f,0f,1f],start_interpolation: 0,interpolation_duration: 1}
data modify entity @s data merge value {"cameras":{},"locators":{"mouse":{"posx":-5.095481940273185e-17,"posy":1.4878149252700987,"posz":0.4160776759324287,"roty":0,"rotx":-5.576085220079342},"left_arm":{"posx":0.7775127079511717,"posy":1.1991665563968887,"posz":-0.28546358875732736,"roty":324.92958365975096,"rotx":22.386978648356692},"right_arm":{"posx":-0.8005445146673271,"posy":1.2051355284153251,"posz":-0.25722233092855706,"roty":32.25519765101504,"rotx":22.189650237699414},"intaract":{"posx":2.119580998524265e-17,"posy":0.19999999999999996,"posz":-0.17307692307692307,"roty":0,"rotx":0},"shadow":{"posx":2.119580998524265e-17,"posy":0,"posz":-0.17307692307692307,"roty":0,"rotx":0}}}