# This file was generated by Animated Java via MC-Build. It is not recommended to edit this file directly.
$data merge entity $(bone_eyes) {transformation: [-1f,0f,0f,-0.0156f,0f,0.9954f,-0.0957f,1.7373f,0f,-0.0957f,-0.9954f,0.3905f,0f,0f,0f,1f],start_interpolation: 0,interpolation_duration: 1}
$data merge entity $(bone_head) {transformation: [-1f,0f,0f,0f,0f,0.9954f,-0.0957f,1.3711f,0f,-0.0957f,-0.9954f,0.1733f,0f,0f,0f,1f],start_interpolation: 0,interpolation_duration: 1}
$data merge entity $(bone_fabric_overray) {transformation: [-1f,0f,0f,0f,0f,0.8607f,0.5091f,1.3711f,0f,0.5091f,-0.8607f,0.1733f,0f,0f,0f,1f],start_interpolation: 0,interpolation_duration: 1}
$data merge entity $(bone_fabric) {transformation: [-1f,0f,0f,0f,0f,0.8607f,0.5091f,1.3711f,0f,0.5091f,-0.8607f,0.1733f,0f,0f,0f,1f],start_interpolation: 0,interpolation_duration: 1}
$data merge entity $(bone_bone_overray) {transformation: [-1f,0f,0f,0f,0f,0.8607f,0.5091f,1.3711f,0f,0.5091f,-0.8607f,0.1733f,0f,0f,0f,1f],start_interpolation: 0,interpolation_duration: 1}
$data merge entity $(bone_bone) {transformation: [-1f,0f,0f,0f,0f,0.8607f,0.5091f,1.3711f,0f,0.5091f,-0.8607f,0.1733f,0f,0f,0f,1f],start_interpolation: 0,interpolation_duration: 1}
$data merge entity $(bone_left_arm1) {transformation: [-0.4655f,-0.7179f,-0.5176f,0.25f,-0.8743f,0.2821f,0.3951f,1.3173f,-0.1376f,0.6365f,-0.7589f,0.1415f,0f,0f,0f,1f],start_interpolation: 0,interpolation_duration: 1}
$data merge entity $(bone_right_arm1) {transformation: [-0.446f,0.7532f,0.4834f,-0.25f,0.8804f,0.2719f,0.3885f,1.3173f,0.1612f,0.5989f,-0.7844f,0.1415f,0f,0f,0f,1f],start_interpolation: 0,interpolation_duration: 1}
data modify entity @s data merge value {"cameras":{},"locators":{"mouse":{"posx":-5.059683099453588e-17,"posy":1.4883458471711748,"posz":0.41315447874246974,"roty":0,"rotx":-5.491928410351787},"left_arm":{"posx":0.772629318988751,"posy":1.1780327107080157,"posz":-0.28752586169385375,"roty":325.7026307750406,"rotx":23.270375162215856},"right_arm":{"posx":-0.7957308668421883,"posy":1.1853852285703708,"posz":-0.2602136812656631,"roty":31.645126702609076,"rotx":22.862582590188573},"intaract":{"posx":2.0312651235857543e-17,"posy":0.19999999999999996,"posz":-0.16586538461538464,"roty":0,"rotx":0},"shadow":{"posx":2.0312651235857543e-17,"posy":0,"posz":-0.16586538461538464,"roty":0,"rotx":0}}}