# This file was generated by Animated Java via MC-Build. It is not recommended to edit this file directly.
$data merge entity $(bone_eyes) {transformation: [-1f,0f,0f,-0.0156f,0f,0.9956f,-0.0942f,1.7379f,0f,-0.0942f,-0.9956f,0.3878f,0f,0f,0f,1f],start_interpolation: 0,interpolation_duration: 1}
$data merge entity $(bone_head) {transformation: [-1f,0f,0f,0f,0f,0.9956f,-0.0942f,1.372f,0f,-0.0942f,-0.9956f,0.1701f,0f,0f,0f,1f],start_interpolation: 0,interpolation_duration: 1}
$data merge entity $(bone_fabric_overray) {transformation: [-1f,0f,0f,0f,0f,0.8657f,0.5006f,1.372f,0f,0.5006f,-0.8657f,0.1701f,0f,0f,0f,1f],start_interpolation: 0,interpolation_duration: 1}
$data merge entity $(bone_fabric) {transformation: [-1f,0f,0f,0f,0f,0.8657f,0.5006f,1.372f,0f,0.5006f,-0.8657f,0.1701f,0f,0f,0f,1f],start_interpolation: 0,interpolation_duration: 1}
$data merge entity $(bone_bone_overray) {transformation: [-1f,0f,0f,0f,0f,0.8657f,0.5006f,1.372f,0f,0.5006f,-0.8657f,0.1701f,0f,0f,0f,1f],start_interpolation: 0,interpolation_duration: 1}
$data merge entity $(bone_bone) {transformation: [-1f,0f,0f,0f,0f,0.8657f,0.5006f,1.372f,0f,0.5006f,-0.8657f,0.1701f,0f,0f,0f,1f],start_interpolation: 0,interpolation_duration: 1}
$data merge entity $(bone_left_arm1) {transformation: [-0.4971f,-0.7069f,-0.5031f,0.25f,-0.8577f,0.3126f,0.4081f,1.3179f,-0.1312f,0.6344f,-0.7618f,0.1388f,0f,0f,0f,1f],start_interpolation: 0,interpolation_duration: 1}
$data merge entity $(bone_right_arm1) {transformation: [-0.4747f,0.7428f,0.472f,-0.25f,0.8665f,0.3006f,0.3985f,1.3179f,0.1541f,0.5982f,-0.7864f,0.1388f,0f,0f,0f,1f],start_interpolation: 0,interpolation_duration: 1}
data modify entity @s data merge value {"cameras":{},"locators":{"mouse":{"posx":-5.02273944430472e-17,"posy":1.4888643034538347,"posz":0.41013780036837943,"roty":0,"rotx":-5.404636700038281},"left_arm":{"posx":0.7670922431374905,"posy":1.156546451129732,"posz":-0.28916972474449,"roty":326.55624316290323,"rotx":24.086504415934296},"right_arm":{"posx":-0.7903757701708165,"posy":1.1653727910733616,"posz":-0.2628292357998113,"roty":30.97324773599604,"rotx":23.481567521316823},"intaract":{"posx":1.942949248647243e-17,"posy":0.19999999999999996,"posz":-0.15865384615384615,"roty":0,"rotx":0},"shadow":{"posx":1.942949248647243e-17,"posy":0,"posz":-0.15865384615384615,"roty":0,"rotx":0}}}