# This file was generated by Animated Java via MC-Build. It is not recommended to edit this file directly.
$data merge entity $(bone_eyes) {transformation: [-1f,0f,0f,-0.0156f,0f,0.9957f,-0.0926f,1.7384f,0f,-0.0926f,-0.9957f,0.3851f,0f,0f,0f,1f],start_interpolation: 0,interpolation_duration: 1}
$data merge entity $(bone_head) {transformation: [-1f,0f,0f,0f,0f,0.9957f,-0.0926f,1.3729f,0f,-0.0926f,-0.9957f,0.1668f,0f,0f,0f,1f],start_interpolation: 0,interpolation_duration: 1}
$data merge entity $(bone_fabric_overray) {transformation: [-1f,0f,0f,0f,0f,0.8707f,0.4918f,1.3729f,0f,0.4918f,-0.8707f,0.1668f,0f,0f,0f,1f],start_interpolation: 0,interpolation_duration: 1}
$data merge entity $(bone_fabric) {transformation: [-1f,0f,0f,0f,0f,0.8707f,0.4918f,1.3729f,0f,0.4918f,-0.8707f,0.1668f,0f,0f,0f,1f],start_interpolation: 0,interpolation_duration: 1}
$data merge entity $(bone_bone_overray) {transformation: [-1f,0f,0f,0f,0f,0.8707f,0.4918f,1.3729f,0f,0.4918f,-0.8707f,0.1668f,0f,0f,0f,1f],start_interpolation: 0,interpolation_duration: 1}
$data merge entity $(bone_bone) {transformation: [-1f,0f,0f,0f,0f,0.8707f,0.4918f,1.3729f,0f,0.4918f,-0.8707f,0.1668f,0f,0f,0f,1f],start_interpolation: 0,interpolation_duration: 1}
$data merge entity $(bone_left_arm1) {transformation: [-0.5281f,-0.6951f,-0.4878f,0.25f,-0.84f,0.3436f,0.42f,1.3184f,-0.1243f,0.6315f,-0.7653f,0.1361f,0f,0f,0f,1f],start_interpolation: 0,interpolation_duration: 1}
$data merge entity $(bone_right_arm1) {transformation: [-0.5031f,0.7317f,0.4599f,-0.25f,0.8517f,0.3295f,0.4074f,1.3184f,0.1466f,0.5967f,-0.789f,0.1361f,0f,0f,0f,1f],start_interpolation: 0,interpolation_duration: 1}
data modify entity @s data merge value {"cameras":{},"locators":{"mouse":{"posx":-4.984739758363051e-17,"posy":1.4893648203131227,"posz":0.4070348905360811,"roty":0,"rotx":-5.314233916024091},"left_arm":{"posx":0.7608779765453254,"posy":1.1347533760640842,"posz":-0.290355428513812,"roty":327.48842519516865,"rotx":24.831561912196396},"right_arm":{"posx":-0.7844655581730149,"posy":1.1451321961079517,"posz":-0.2650358583537008,"roty":30.241258941003935,"rotx":24.04448516210674},"intaract":{"posx":1.8546333737087322e-17,"posy":0.19999999999999996,"posz":-0.1514423076923077,"roty":0,"rotx":0},"shadow":{"posx":1.8546333737087322e-17,"posy":0,"posz":-0.1514423076923077,"roty":0,"rotx":0}}}