# This file was generated by Animated Java via MC-Build. It is not recommended to edit this file directly.
$data merge entity $(bone_eyes) {transformation: [-1f,0f,0f,-0.0156f,0f,0.9959f,-0.091f,1.7389f,0f,-0.091f,-0.9959f,0.3823f,0f,0f,0f,1f],start_interpolation: 0,interpolation_duration: 1}
$data merge entity $(bone_head) {transformation: [-1f,0f,0f,0f,0f,0.9959f,-0.091f,1.3737f,0f,-0.091f,-0.9959f,0.1634f,0f,0f,0f,1f],start_interpolation: 0,interpolation_duration: 1}
$data merge entity $(bone_fabric_overray) {transformation: [-1f,0f,0f,0f,0f,0.8757f,0.4828f,1.3737f,0f,0.4828f,-0.8757f,0.1634f,0f,0f,0f,1f],start_interpolation: 0,interpolation_duration: 1}
$data merge entity $(bone_fabric) {transformation: [-1f,0f,0f,0f,0f,0.8757f,0.4828f,1.3737f,0f,0.4828f,-0.8757f,0.1634f,0f,0f,0f,1f],start_interpolation: 0,interpolation_duration: 1}
$data merge entity $(bone_bone_overray) {transformation: [-1f,0f,0f,0f,0f,0.8757f,0.4828f,1.3737f,0f,0.4828f,-0.8757f,0.1634f,0f,0f,0f,1f],start_interpolation: 0,interpolation_duration: 1}
$data merge entity $(bone_bone) {transformation: [-1f,0f,0f,0f,0f,0.8757f,0.4828f,1.3737f,0f,0.4828f,-0.8757f,0.1634f,0f,0f,0f,1f],start_interpolation: 0,interpolation_duration: 1}
$data merge entity $(bone_left_arm1) {transformation: [-0.5586f,-0.6823f,-0.4716f,0.25f,-0.8211f,0.3747f,0.4305f,1.319f,-0.117f,0.6278f,-0.7695f,0.1332f,0f,0f,0f,1f],start_interpolation: 0,interpolation_duration: 1}
$data merge entity $(bone_right_arm1) {transformation: [-0.531f,0.7197f,0.4472f,-0.25f,0.8359f,0.3586f,0.4155f,1.319f,0.1386f,0.5945f,-0.7921f,0.1332f,0f,0f,0f,1f],start_interpolation: 0,interpolation_duration: 1}
data modify entity @s data merge value {"cameras":{},"locators":{"mouse":{"posx":-4.9457742840386935e-17,"posy":1.4898421715492662,"posz":0.40385311809757185,"roty":0,"rotx":-5.220743885194432},"left_arm":{"posx":0.7539646827646487,"posy":1.1127023423602806,"posz":-0.29104548291245813,"roty":328.4963866347006,"rotx":25.501778875801374},"right_arm":{"posx":-0.777987579821469,"posy":1.1246997164690984,"posz":-0.2668026332934389,"roty":29.451325010504775,"rotx":24.549253073200855},"intaract":{"posx":1.766317498770221e-17,"posy":0.19999999999999996,"posz":-0.14423076923076922,"roty":0,"rotx":0},"shadow":{"posx":1.766317498770221e-17,"posy":0,"posz":-0.14423076923076922,"roty":0,"rotx":0}}}