# This file was generated by Animated Java via MC-Build. It is not recommended to edit this file directly.
$data merge entity $(bone_eyes) {transformation: [-1f,0f,0f,-0.0156f,0f,0.996f,-0.0893f,1.7394f,0f,-0.0893f,-0.996f,0.3795f,0f,0f,0f,1f],start_interpolation: 0,interpolation_duration: 1}
$data merge entity $(bone_head) {transformation: [-1f,0f,0f,0f,0f,0.996f,-0.0893f,1.3746f,0f,-0.0893f,-0.996f,0.16f,0f,0f,0f,1f],start_interpolation: 0,interpolation_duration: 1}
$data merge entity $(bone_fabric_overray) {transformation: [-1f,0f,0f,0f,0f,0.8808f,0.4735f,1.3746f,0f,0.4735f,-0.8808f,0.16f,0f,0f,0f,1f],start_interpolation: 0,interpolation_duration: 1}
$data merge entity $(bone_fabric) {transformation: [-1f,0f,0f,0f,0f,0.8808f,0.4735f,1.3746f,0f,0.4735f,-0.8808f,0.16f,0f,0f,0f,1f],start_interpolation: 0,interpolation_duration: 1}
$data merge entity $(bone_bone_overray) {transformation: [-1f,0f,0f,0f,0f,0.8808f,0.4735f,1.3746f,0f,0.4735f,-0.8808f,0.16f,0f,0f,0f,1f],start_interpolation: 0,interpolation_duration: 1}
$data merge entity $(bone_bone) {transformation: [-1f,0f,0f,0f,0f,0.8808f,0.4735f,1.3746f,0f,0.4735f,-0.8808f,0.16f,0f,0f,0f,1f],start_interpolation: 0,interpolation_duration: 1}
$data merge entity $(bone_left_arm1) {transformation: [-0.5885f,-0.6684f,-0.4548f,0.25f,-0.801f,0.406f,0.4398f,1.3195f,-0.1093f,0.6232f,-0.7744f,0.1304f,0f,0f,0f,1f],start_interpolation: 0,interpolation_duration: 1}
$data merge entity $(bone_right_arm1) {transformation: [-0.5585f,0.7069f,0.4339f,-0.25f,0.8192f,0.3878f,0.4225f,1.3195f,0.1304f,0.5915f,-0.7957f,0.1304f,0f,0f,0f,1f],start_interpolation: 0,interpolation_duration: 1}
data modify entity @s data merge value {"cameras":{},"locators":{"mouse":{"posx":-4.9059347434135226e-17,"posy":1.4902914008781991,"posz":0.40059997272921677,"roty":0,"rotx":-5.1241904344345235},"left_arm":{"posx":0.7463323291066215,"posy":1.0904453457286942,"posz":-0.2912049755483158,"roty":329.57650842849426,"rotx":26.093488603623257},"right_arm":{"posx":-0.7709302641633418,"posy":1.1041138231910546,"posz":-0.26810107238041503,"roty":28.60608282334897,"rotx":24.993862835600783},"intaract":{"posx":1.67800162383171e-17,"posy":0.19999999999999996,"posz":-0.13701923076923078,"roty":0,"rotx":0},"shadow":{"posx":1.67800162383171e-17,"posy":0,"posz":-0.13701923076923078,"roty":0,"rotx":0}}}