# This file was generated by Animated Java via MC-Build. It is not recommended to edit this file directly.
$data merge entity $(bone_eyes) {transformation: [-1f,0f,0f,-0.0156f,0f,0.9962f,-0.0876f,1.7399f,0f,-0.0876f,-0.9962f,0.3766f,0f,0f,0f,1f],start_interpolation: 0,interpolation_duration: 1}
$data merge entity $(bone_head) {transformation: [-1f,0f,0f,0f,0f,0.9962f,-0.0876f,1.3754f,0f,-0.0876f,-0.9962f,0.1565f,0f,0f,0f,1f],start_interpolation: 0,interpolation_duration: 1}
$data merge entity $(bone_fabric_overray) {transformation: [-1f,0f,0f,0f,0f,0.8859f,0.4639f,1.3754f,0f,0.4639f,-0.8859f,0.1565f,0f,0f,0f,1f],start_interpolation: 0,interpolation_duration: 1}
$data merge entity $(bone_fabric) {transformation: [-1f,0f,0f,0f,0f,0.8859f,0.4639f,1.3754f,0f,0.4639f,-0.8859f,0.1565f,0f,0f,0f,1f],start_interpolation: 0,interpolation_duration: 1}
$data merge entity $(bone_bone_overray) {transformation: [-1f,0f,0f,0f,0f,0.8859f,0.4639f,1.3754f,0f,0.4639f,-0.8859f,0.1565f,0f,0f,0f,1f],start_interpolation: 0,interpolation_duration: 1}
$data merge entity $(bone_bone) {transformation: [-1f,0f,0f,0f,0f,0.8859f,0.4639f,1.3754f,0f,0.4639f,-0.8859f,0.1565f,0f,0f,0f,1f],start_interpolation: 0,interpolation_duration: 1}
$data merge entity $(bone_left_arm1) {transformation: [-0.6178f,-0.6536f,-0.4372f,0.25f,-0.7798f,0.4375f,0.4478f,1.3201f,-0.1014f,0.6176f,-0.7799f,0.1275f,0f,0f,0f,1f],start_interpolation: 0,interpolation_duration: 1}
$data merge entity $(bone_right_arm1) {transformation: [-0.5854f,0.6934f,0.4201f,-0.25f,0.8015f,0.4171f,0.4286f,1.3201f,0.1219f,0.5876f,-0.7999f,0.1275f,0f,0f,0f,1f],start_interpolation: 0,interpolation_duration: 1}
data modify entity @s data merge value {"cameras":{},"locators":{"mouse":{"posx":-4.8653143362641846e-17,"posy":1.490707842488548,"posz":0.3972830647703163,"roty":0,"rotx":-5.024597390629588},"left_arm":{"posx":0.7379628183669233,"posy":1.0680373678703434,"posz":-0.2908018770012702,"roty":330.7243275195179,"rotx":26.603197360211414},"right_arm":{"posx":-0.7632831828097332,"posy":1.0834150685625228,"posz":-0.2689053106038027,"roty":27.708638018789003,"rotx":25.37641788487185},"intaract":{"posx":1.5896857488931994e-17,"posy":0.19999999999999996,"posz":-0.12980769230769235,"roty":0,"rotx":0},"shadow":{"posx":1.5896857488931994e-17,"posy":0,"posz":-0.12980769230769235,"roty":0,"rotx":0}}}