# This file was generated by Animated Java via MC-Build. It is not recommended to edit this file directly.
$data merge entity $(bone_eyes) {transformation: [-1f,0f,0f,-0.0156f,0f,0.9963f,-0.0858f,1.7403f,0f,-0.0858f,-0.9963f,0.3737f,0f,0f,0f,1f],start_interpolation: 0,interpolation_duration: 1}
$data merge entity $(bone_head) {transformation: [-1f,0f,0f,0f,0f,0.9963f,-0.0858f,1.3762f,0f,-0.0858f,-0.9963f,0.1529f,0f,0f,0f,1f],start_interpolation: 0,interpolation_duration: 1}
$data merge entity $(bone_fabric_overray) {transformation: [-1f,0f,0f,0f,0f,0.8909f,0.4542f,1.3762f,0f,0.4542f,-0.8909f,0.1529f,0f,0f,0f,1f],start_interpolation: 0,interpolation_duration: 1}
$data merge entity $(bone_fabric) {transformation: [-1f,0f,0f,0f,0f,0.8909f,0.4542f,1.3762f,0f,0.4542f,-0.8909f,0.1529f,0f,0f,0f,1f],start_interpolation: 0,interpolation_duration: 1}
$data merge entity $(bone_bone_overray) {transformation: [-1f,0f,0f,0f,0f,0.8909f,0.4542f,1.3762f,0f,0.4542f,-0.8909f,0.1529f,0f,0f,0f,1f],start_interpolation: 0,interpolation_duration: 1}
$data merge entity $(bone_bone) {transformation: [-1f,0f,0f,0f,0f,0.8909f,0.4542f,1.3762f,0f,0.4542f,-0.8909f,0.1529f,0f,0f,0f,1f],start_interpolation: 0,interpolation_duration: 1}
$data merge entity $(bone_left_arm1) {transformation: [-0.6462f,-0.6377f,-0.4191f,0.25f,-0.7574f,0.4689f,0.4544f,1.3206f,-0.0933f,0.6111f,-0.786f,0.1245f,0f,0f,0f,1f],start_interpolation: 0,interpolation_duration: 1}
$data merge entity $(bone_right_arm1) {transformation: [-0.6118f,0.679f,0.4058f,-0.25f,0.7828f,0.4463f,0.4336f,1.3206f,0.1133f,0.5829f,-0.8046f,0.1245f,0f,0f,0f,1f],start_interpolation: 0,interpolation_duration: 1}
data modify entity @s data merge value {"cameras":{},"locators":{"mouse":{"posx":-4.8240077164950535e-17,"posy":1.4910871397807237,"posz":0.39391012329871067,"roty":0,"rotx":-4.921988580664891},"left_arm":{"posx":0.7288401153224983,"posy":1.0455361908493583,"posz":-0.2898073291716493,"roty":331.9345444874282,"rotx":27.027657978446484},"right_arm":{"posx":-0.7550371100750547,"posy":1.0626459473136547,"posz":-0.2691922886697339,"roty":26.76255147322152,"rotx":25.695171750829253},"intaract":{"posx":1.5013698739546877e-17,"posy":0.19999999999999996,"posz":-0.12259615384615384,"roty":0,"rotx":0},"shadow":{"posx":1.5013698739546877e-17,"posy":0,"posz":-0.12259615384615384,"roty":0,"rotx":0}}}