# This file was generated by Animated Java via MC-Build. It is not recommended to edit this file directly.
$data merge entity $(bone_eyes) {transformation: [-1f,0f,0f,-0.0156f,0f,0.9965f,-0.084f,1.7406f,0f,-0.084f,-0.9965f,0.3707f,0f,0f,0f,1f],start_interpolation: 0,interpolation_duration: 1}
$data merge entity $(bone_head) {transformation: [-1f,0f,0f,0f,0f,0.9965f,-0.084f,1.377f,0f,-0.084f,-0.9965f,0.1492f,0f,0f,0f,1f],start_interpolation: 0,interpolation_duration: 1}
$data merge entity $(bone_fabric_overray) {transformation: [-1f,0f,0f,0f,0f,0.8959f,0.4442f,1.377f,0f,0.4442f,-0.8959f,0.1492f,0f,0f,0f,1f],start_interpolation: 0,interpolation_duration: 1}
$data merge entity $(bone_fabric) {transformation: [-1f,0f,0f,0f,0f,0.8959f,0.4442f,1.377f,0f,0.4442f,-0.8959f,0.1492f,0f,0f,0f,1f],start_interpolation: 0,interpolation_duration: 1}
$data merge entity $(bone_bone_overray) {transformation: [-1f,0f,0f,0f,0f,0.8959f,0.4442f,1.377f,0f,0.4442f,-0.8959f,0.1492f,0f,0f,0f,1f],start_interpolation: 0,interpolation_duration: 1}
$data merge entity $(bone_bone) {transformation: [-1f,0f,0f,0f,0f,0.8959f,0.4442f,1.377f,0f,0.4442f,-0.8959f,0.1492f,0f,0f,0f,1f],start_interpolation: 0,interpolation_duration: 1}
$data merge entity $(bone_left_arm1) {transformation: [-0.674f,-0.6208f,-0.4004f,0.25f,-0.7338f,0.5002f,0.4596f,1.321f,-0.0851f,0.6036f,-0.7927f,0.1215f,0f,0f,0f,1f],start_interpolation: 0,interpolation_duration: 1}
$data merge entity $(bone_right_arm1) {transformation: [-0.6376f,0.6638f,0.391f,-0.25f,0.7632f,0.4754f,0.4376f,1.321f,0.1046f,0.5774f,-0.8097f,0.1215f,0f,0f,0f,1f],start_interpolation: 0,interpolation_duration: 1}
data modify entity @s data merge value {"cameras":{},"locators":{"mouse":{"posx":-4.782110948335716e-17,"posy":1.4914252622227218,"posz":0.39048899255403335,"roty":0,"rotx":-4.8163878314256054},"left_arm":{"posx":0.7189503674122907,"posy":1.023002179669959,"posz":-0.28819591293529384,"roty":333.2010569797636,"rotx":27.363943884072125},"right_arm":{"posx":-0.7461840805530376,"posy":1.0418507370160681,"posz":-0.2689419198720462,"roty":25.771815050140987,"rotx":25.94856575441103},"intaract":{"posx":1.413053999016177e-17,"posy":0.19999999999999996,"posz":-0.1153846153846154,"roty":0,"rotx":0},"shadow":{"posx":1.413053999016177e-17,"posy":0,"posz":-0.1153846153846154,"roty":0,"rotx":0}}}