# This file was generated by Animated Java via MC-Build. It is not recommended to edit this file directly.
$data merge entity $(bone_eyes) {transformation: [-1f,0f,0f,-0.0156f,0f,0.9966f,-0.0821f,1.741f,0f,-0.0821f,-0.9966f,0.3678f,0f,0f,0f,1f],start_interpolation: 0,interpolation_duration: 1}
$data merge entity $(bone_head) {transformation: [-1f,0f,0f,0f,0f,0.9966f,-0.0821f,1.3778f,0f,-0.0821f,-0.9966f,0.1456f,0f,0f,0f,1f],start_interpolation: 0,interpolation_duration: 1}
$data merge entity $(bone_fabric_overray) {transformation: [-1f,0f,0f,0f,0f,0.9008f,0.4341f,1.3778f,0f,0.4341f,-0.9008f,0.1456f,0f,0f,0f,1f],start_interpolation: 0,interpolation_duration: 1}
$data merge entity $(bone_fabric) {transformation: [-1f,0f,0f,0f,0f,0.9008f,0.4341f,1.3778f,0f,0.4341f,-0.9008f,0.1456f,0f,0f,0f,1f],start_interpolation: 0,interpolation_duration: 1}
$data merge entity $(bone_bone_overray) {transformation: [-1f,0f,0f,0f,0f,0.9008f,0.4341f,1.3778f,0f,0.4341f,-0.9008f,0.1456f,0f,0f,0f,1f],start_interpolation: 0,interpolation_duration: 1}
$data merge entity $(bone_bone) {transformation: [-1f,0f,0f,0f,0f,0.9008f,0.4341f,1.3778f,0f,0.4341f,-0.9008f,0.1456f,0f,0f,0f,1f],start_interpolation: 0,interpolation_duration: 1}
$data merge entity $(bone_left_arm1) {transformation: [-0.7008f,-0.6029f,-0.3812f,0.25f,-0.7092f,0.5313f,0.4634f,1.3215f,-0.0768f,0.5952f,-0.7999f,0.1184f,0f,0f,0f,1f],start_interpolation: 0,interpolation_duration: 1}
$data merge entity $(bone_right_arm1) {transformation: [-0.6628f,0.6477f,0.3757f,-0.25f,0.7426f,0.5044f,0.4405f,1.3215f,0.0958f,0.571f,-0.8154f,0.1184f,0f,0f,0f,1f],start_interpolation: 0,interpolation_duration: 1}
data modify entity @s data merge value {"cameras":{},"locators":{"mouse":{"posx":-4.739721443812392e-17,"posy":1.4917185202577528,"posz":0.3870276268318646,"roty":0,"rotx":-4.7078189697969774},"left_arm":{"posx":0.7082820190309134,"posy":1.0004980344500056,"posz":-0.28594589143536975,"roty":334.5170205965769,"rotx":27.609520915036228},"right_arm":{"posx":-0.7367174439214326,"posy":1.0210753189868174,"posz":-0.2681372391503669,"roty":24.740816454662735,"rotx":26.135265139405544},"intaract":{"posx":1.3247381240776655e-17,"posy":0.19999999999999996,"posz":-0.1081730769230769,"roty":0,"rotx":0},"shadow":{"posx":1.3247381240776655e-17,"posy":0,"posz":-0.1081730769230769,"roty":0,"rotx":0}}}