# This file was generated by Animated Java via MC-Build. It is not recommended to edit this file directly.
$data merge entity $(bone_eyes) {transformation: [-1f,0f,0f,-0.0156f,0f,0.9436f,0.331f,1.627f,0f,0.331f,-0.9436f,0.3586f,0f,0f,0f,1f],start_interpolation: 0,interpolation_duration: 1}
$data merge entity $(bone_head) {transformation: [-1f,0f,0f,0f,0f,0.9436f,0.331f,1.3858f,0f,0.331f,-0.9436f,0.0078f,0f,0f,0f,1f],start_interpolation: 0,interpolation_duration: 1}
$data merge entity $(bone_fabric_overray) {transformation: [-1f,0f,0f,0f,0f,0.9901f,0.1404f,1.3858f,0f,0.1404f,-0.9901f,0.0078f,0f,0f,0f,1f],start_interpolation: 0,interpolation_duration: 1}
$data merge entity $(bone_fabric) {transformation: [-1f,0f,0f,0f,0f,0.9901f,0.1404f,1.3858f,0f,0.1404f,-0.9901f,0.0078f,0f,0f,0f,1f],start_interpolation: 0,interpolation_duration: 1}
$data merge entity $(bone_bone_overray) {transformation: [-1f,0f,0f,0f,0f,0.9998f,0.0218f,1.3858f,0f,0.0218f,-0.9998f,0.0078f,0f,0f,0f,1f],start_interpolation: 0,interpolation_duration: 1}
$data merge entity $(bone_bone) {transformation: [-1f,0f,0f,0f,0f,0.9998f,0.0218f,1.3858f,0f,0.0218f,-0.9998f,0.0078f,0f,0f,0f,1f],start_interpolation: 0,interpolation_duration: 1}
$data merge entity $(bone_left_arm1) {transformation: [-0.9599f,0.2714f,0.0704f,0.25f,0.2544f,0.9486f,-0.1884f,1.3233f,-0.1179f,-0.1629f,-0.9796f,0.0064f,0f,0f,0f,1f],start_interpolation: 0,interpolation_duration: 1}
$data merge entity $(bone_right_arm1) {transformation: [-0.9473f,-0.3083f,-0.0869f,-0.25f,-0.2859f,0.9363f,-0.204f,1.3233f,0.1442f,-0.1685f,-0.9751f,0.0064f,0f,0f,0f,1f],start_interpolation: 0,interpolation_duration: 1}
data modify entity @s data merge value {"cameras":{},"locators":{"mouse":{"posx":-3.364174036991933e-17,"posy":1.3914916174604042,"posz":0.27470565711960393,"roty":0,"rotx":19.330000000000002},"left_arm":{"posx":0.12339757467485768,"posy":0.6552456401872329,"posz":0.1257613491963023,"roty":4.10912905445187,"rotx":-10.856776242253368},"right_arm":{"posx":-0.0972819218133015,"posy":0.661735917912721,"posz":0.13122803602716618,"roty":354.9085326605149,"rotx":-11.773343003516251}}}