# This file was generated by Animated Java via MC-Build. It is not recommended to edit this file directly.
$data merge entity $(bone_eyes) {transformation: [-1f,0f,0f,-0.0156f,0f,0.9968f,-0.0801f,1.7413f,0f,-0.0801f,-0.9968f,0.3647f,0f,0f,0f,1f],start_interpolation: 0,interpolation_duration: 1}
$data merge entity $(bone_head) {transformation: [-1f,0f,0f,0f,0f,0.9968f,-0.0801f,1.3785f,0f,-0.0801f,-0.9968f,0.1419f,0f,0f,0f,1f],start_interpolation: 0,interpolation_duration: 1}
$data merge entity $(bone_fabric_overray) {transformation: [-1f,0f,0f,0f,0f,0.9057f,0.4239f,1.3785f,0f,0.4239f,-0.9057f,0.1419f,0f,0f,0f,1f],start_interpolation: 0,interpolation_duration: 1}
$data merge entity $(bone_fabric) {transformation: [-1f,0f,0f,0f,0f,0.9057f,0.4239f,1.3785f,0f,0.4239f,-0.9057f,0.1419f,0f,0f,0f,1f],start_interpolation: 0,interpolation_duration: 1}
$data merge entity $(bone_bone_overray) {transformation: [-1f,0f,0f,0f,0f,0.9057f,0.4239f,1.3785f,0f,0.4239f,-0.9057f,0.1419f,0f,0f,0f,1f],start_interpolation: 0,interpolation_duration: 1}
$data merge entity $(bone_bone) {transformation: [-1f,0f,0f,0f,0f,0.9057f,0.4239f,1.3785f,0f,0.4239f,-0.9057f,0.1419f,0f,0f,0f,1f],start_interpolation: 0,interpolation_duration: 1}
$data merge entity $(bone_left_arm1) {transformation: [-0.7268f,-0.5839f,-0.3617f,0.25f,-0.6834f,0.5622f,0.4658f,1.3219f,-0.0686f,0.5857f,-0.8076f,0.1154f,0f,0f,0f,1f],start_interpolation: 0,interpolation_duration: 1}
$data merge entity $(bone_right_arm1) {transformation: [-0.6873f,0.6308f,0.3601f,-0.25f,0.7211f,0.5332f,0.4424f,1.3219f,0.087f,0.5637f,-0.8214f,0.1154f,0f,0f,0f,1f],start_interpolation: 0,interpolation_duration: 1}
data modify entity @s data merge value {"cameras":{},"locators":{"mouse":{"posx":-4.6969378831420186e-17,"posy":1.4919635782007592,"posz":0.3835340839834154,"roty":0,"rotx":-4.5963058226642515},"left_arm":{"posx":0.6968259188825875,"posy":0.9780885140027245,"posz":-0.2830394254930127,"roty":335.8749372035094,"rotx":27.762314106341258},"right_arm":{"posx":-0.726631916773484,"posy":1.0003669812261697,"posz":-0.26676453225373437,"roty":23.674293560418732,"rotx":26.254192590162482},"intaract":{"posx":1.2364222491391548e-17,"posy":0.19999999999999996,"posz":-0.10096153846153846,"roty":0,"rotx":0},"shadow":{"posx":1.2364222491391548e-17,"posy":0,"posz":-0.10096153846153846,"roty":0,"rotx":0}}}