# This file was generated by Animated Java via MC-Build. It is not recommended to edit this file directly.
$data merge entity $(bone_eyes) {transformation: [-1f,0f,0f,-0.0156f,0f,0.9969f,-0.0781f,1.7415f,0f,-0.0781f,-0.9969f,0.3617f,0f,0f,0f,1f],start_interpolation: 0,interpolation_duration: 1}
$data merge entity $(bone_head) {transformation: [-1f,0f,0f,0f,0f,0.9969f,-0.0781f,1.3792f,0f,-0.0781f,-0.9969f,0.1381f,0f,0f,0f,1f],start_interpolation: 0,interpolation_duration: 1}
$data merge entity $(bone_fabric_overray) {transformation: [-1f,0f,0f,0f,0f,0.9105f,0.4135f,1.3792f,0f,0.4135f,-0.9105f,0.1381f,0f,0f,0f,1f],start_interpolation: 0,interpolation_duration: 1}
$data merge entity $(bone_fabric) {transformation: [-1f,0f,0f,0f,0f,0.9105f,0.4135f,1.3792f,0f,0.4135f,-0.9105f,0.1381f,0f,0f,0f,1f],start_interpolation: 0,interpolation_duration: 1}
$data merge entity $(bone_bone_overray) {transformation: [-1f,0f,0f,0f,0f,0.9105f,0.4135f,1.3792f,0f,0.4135f,-0.9105f,0.1381f,0f,0f,0f,1f],start_interpolation: 0,interpolation_duration: 1}
$data merge entity $(bone_bone) {transformation: [-1f,0f,0f,0f,0f,0.9105f,0.4135f,1.3792f,0f,0.4135f,-0.9105f,0.1381f,0f,0f,0f,1f],start_interpolation: 0,interpolation_duration: 1}
$data merge entity $(bone_left_arm1) {transformation: [-0.7519f,-0.5638f,-0.3418f,0.25f,-0.6565f,0.5926f,0.4667f,1.3223f,-0.0606f,0.5753f,-0.8157f,0.1123f,0f,0f,0f,1f],start_interpolation: 0,interpolation_duration: 1}
$data merge entity $(bone_right_arm1) {transformation: [-0.7111f,0.6131f,0.3442f,-0.25f,0.6987f,0.5617f,0.4431f,1.3223f,0.0784f,0.5556f,-0.8277f,0.1123f,0f,0f,0f,1f],start_interpolation: 0,interpolation_duration: 1}
data modify entity @s data merge value {"cameras":{},"locators":{"mouse":{"posx":-4.653860119820355e-17,"posy":1.4921574650641276,"posz":0.3800165176653836,"roty":0,"rotx":-4.481872216912652},"left_arm":{"posx":0.6845754198634834,"posy":0.9558401330391434,"posz":-0.2794627578250226,"roty":337.2667687045263,"rotx":27.82076660531535},"right_arm":{"posx":-0.7159236312809392,"posy":0.9797742051429299,"posz":-0.2648134430709238,"roty":22.577279152017837,"rotx":26.30455811582266},"intaract":{"posx":1.148106374200644e-17,"posy":0.19999999999999996,"posz":-0.09375000000000003,"roty":0,"rotx":0},"shadow":{"posx":1.148106374200644e-17,"posy":0,"posz":-0.09375000000000003,"roty":0,"rotx":0}}}