# This file was generated by Animated Java via MC-Build. It is not recommended to edit this file directly.
$data merge entity $(bone_eyes) {transformation: [-1f,0f,0f,-0.0156f,0f,0.9971f,-0.0761f,1.7417f,0f,-0.0761f,-0.9971f,0.3587f,0f,0f,0f,1f],start_interpolation: 0,interpolation_duration: 1}
$data merge entity $(bone_head) {transformation: [-1f,0f,0f,0f,0f,0.9971f,-0.0761f,1.3798f,0f,-0.0761f,-0.9971f,0.1343f,0f,0f,0f,1f],start_interpolation: 0,interpolation_duration: 1}
$data merge entity $(bone_fabric_overray) {transformation: [-1f,0f,0f,0f,0f,0.9152f,0.403f,1.3798f,0f,0.403f,-0.9152f,0.1343f,0f,0f,0f,1f],start_interpolation: 0,interpolation_duration: 1}
$data merge entity $(bone_fabric) {transformation: [-1f,0f,0f,0f,0f,0.9152f,0.403f,1.3798f,0f,0.403f,-0.9152f,0.1343f,0f,0f,0f,1f],start_interpolation: 0,interpolation_duration: 1}
$data merge entity $(bone_bone_overray) {transformation: [-1f,0f,0f,0f,0f,0.9152f,0.403f,1.3798f,0f,0.403f,-0.9152f,0.1343f,0f,0f,0f,1f],start_interpolation: 0,interpolation_duration: 1}
$data merge entity $(bone_bone) {transformation: [-1f,0f,0f,0f,0f,0.9152f,0.403f,1.3798f,0f,0.403f,-0.9152f,0.1343f,0f,0f,0f,1f],start_interpolation: 0,interpolation_duration: 1}
$data merge entity $(bone_left_arm1) {transformation: [-0.776f,-0.5426f,-0.3216f,0.25f,-0.6285f,0.6226f,0.4661f,1.3226f,-0.0527f,0.5639f,-0.8242f,0.1092f,0f,0f,0f,1f],start_interpolation: 0,interpolation_duration: 1}
$data merge entity $(bone_right_arm1) {transformation: [-0.7342f,0.5945f,0.3279f,-0.25f,0.6753f,0.5898f,0.4429f,1.3226f,0.0699f,0.5466f,-0.8345f,0.1092f,0f,0f,0f,1f],start_interpolation: 0,interpolation_duration: 1}
data modify entity @s data merge value {"cameras":{},"locators":{"mouse":{"posx":-4.6105890722807646e-17,"posy":1.492297583257371,"posz":0.3764831684932207,"roty":0,"rotx":-4.364541979427378},"left_arm":{"posx":0.6715264709637307,"posy":0.9338208355788078,"posz":-0.2752063630154703,"roty":338.6840723036383,"rotx":27.783888099997625},"right_arm":{"posx":-0.7045901805006787,"posy":0.959346438026016,"posz":-0.262277057360676,"roty":21.455037593792838,"rotx":26.28588437113639},"intaract":{"posx":1.0597904992621325e-17,"posy":0.19999999999999996,"posz":-0.08653846153846154,"roty":0,"rotx":0},"shadow":{"posx":1.0597904992621325e-17,"posy":0,"posz":-0.08653846153846154,"roty":0,"rotx":0}}}