# This file was generated by Animated Java via MC-Build. It is not recommended to edit this file directly.
$data merge entity $(bone_eyes) {transformation: [-1f,0f,0f,-0.0156f,0f,0.9973f,-0.074f,1.7418f,0f,-0.074f,-0.9973f,0.3557f,0f,0f,0f,1f],start_interpolation: 0,interpolation_duration: 1}
$data merge entity $(bone_head) {transformation: [-1f,0f,0f,0f,0f,0.9973f,-0.074f,1.3804f,0f,-0.074f,-0.9973f,0.1306f,0f,0f,0f,1f],start_interpolation: 0,interpolation_duration: 1}
$data merge entity $(bone_fabric_overray) {transformation: [-1f,0f,0f,0f,0f,0.9198f,0.3925f,1.3804f,0f,0.3925f,-0.9198f,0.1306f,0f,0f,0f,1f],start_interpolation: 0,interpolation_duration: 1}
$data merge entity $(bone_fabric) {transformation: [-1f,0f,0f,0f,0f,0.9198f,0.3925f,1.3804f,0f,0.3925f,-0.9198f,0.1306f,0f,0f,0f,1f],start_interpolation: 0,interpolation_duration: 1}
$data merge entity $(bone_bone_overray) {transformation: [-1f,0f,0f,0f,0f,0.9198f,0.3925f,1.3804f,0f,0.3925f,-0.9198f,0.1306f,0f,0f,0f,1f],start_interpolation: 0,interpolation_duration: 1}
$data merge entity $(bone_bone) {transformation: [-1f,0f,0f,0f,0f,0.9198f,0.3925f,1.3804f,0f,0.3925f,-0.9198f,0.1306f,0f,0f,0f,1f],start_interpolation: 0,interpolation_duration: 1}
$data merge entity $(bone_left_arm1) {transformation: [-0.7991f,-0.5203f,-0.3012f,0.25f,-0.5996f,0.652f,0.4641f,1.3229f,-0.0451f,0.5514f,-0.833f,0.106f,0f,0f,0f,1f],start_interpolation: 0,interpolation_duration: 1}
$data merge entity $(bone_right_arm1) {transformation: [-0.7565f,0.5751f,0.3115f,-0.25f,0.6511f,0.6174f,0.4415f,1.3229f,0.0616f,0.5368f,-0.8415f,0.106f,0f,0f,0f,1f],start_interpolation: 0,interpolation_duration: 1}
data modify entity @s data merge value {"cameras":{},"locators":{"mouse":{"posx":-4.567226604087289e-17,"posy":1.4923817151110392,"posz":0.3729423542581559,"roty":0,"rotx":-4.244338937093694},"left_arm":{"posx":0.6576777007057564,"posy":0.912099647498162,"posz":-0.270265060496612,"roty":340.11815146226314,"rotx":27.651290588101332},"right_arm":{"posx":-0.6926306601450115,"posy":0.9391338534031236,"posz":-0.2591519613140268,"roty":20.312995443600016,"rotx":26.19802663240691},"intaract":{"posx":9.714746243236218e-18,"posy":0.19999999999999996,"posz":-0.0793269230769231,"roty":0,"rotx":0},"shadow":{"posx":9.714746243236218e-18,"posy":0,"posz":-0.0793269230769231,"roty":0,"rotx":0}}}