# This file was generated by Animated Java via MC-Build. It is not recommended to edit this file directly.
$data merge entity $(bone_eyes) {transformation: [-1f,0f,0f,-0.0156f,0f,0.9974f,-0.0719f,1.7419f,0f,-0.0719f,-0.9974f,0.3527f,0f,0f,0f,1f],start_interpolation: 0,interpolation_duration: 1}
$data merge entity $(bone_head) {transformation: [-1f,0f,0f,0f,0f,0.9974f,-0.0719f,1.3809f,0f,-0.0719f,-0.9974f,0.1268f,0f,0f,0f,1f],start_interpolation: 0,interpolation_duration: 1}
$data merge entity $(bone_fabric_overray) {transformation: [-1f,0f,0f,0f,0f,0.9242f,0.3818f,1.3809f,0f,0.3818f,-0.9242f,0.1268f,0f,0f,0f,1f],start_interpolation: 0,interpolation_duration: 1}
$data merge entity $(bone_fabric) {transformation: [-1f,0f,0f,0f,0f,0.9242f,0.3818f,1.3809f,0f,0.3818f,-0.9242f,0.1268f,0f,0f,0f,1f],start_interpolation: 0,interpolation_duration: 1}
$data merge entity $(bone_bone_overray) {transformation: [-1f,0f,0f,0f,0f,0.9242f,0.3818f,1.3809f,0f,0.3818f,-0.9242f,0.1268f,0f,0f,0f,1f],start_interpolation: 0,interpolation_duration: 1}
$data merge entity $(bone_bone) {transformation: [-1f,0f,0f,0f,0f,0.9242f,0.3818f,1.3809f,0f,0.3818f,-0.9242f,0.1268f,0f,0f,0f,1f],start_interpolation: 0,interpolation_duration: 1}
$data merge entity $(bone_left_arm1) {transformation: [-0.821f,-0.497f,-0.2808f,0.25f,-0.5696f,0.6808f,0.4606f,1.3232f,-0.0378f,0.5381f,-0.8421f,0.1029f,0f,0f,0f,1f],start_interpolation: 0,interpolation_duration: 1}
$data merge entity $(bone_right_arm1) {transformation: [-0.778f,0.5548f,0.2948f,-0.25f,0.626f,0.6445f,0.439f,1.3232f,0.0535f,0.5261f,-0.8487f,0.1029f,0f,0f,0f,1f],start_interpolation: 0,interpolation_duration: 1}
data modify entity @s data merge value {"cameras":{},"locators":{"mouse":{"posx":-4.523875394693667e-17,"posy":1.4924080271815174,"posz":0.36940245937386734,"roty":0,"rotx":-4.121286916796788},"left_arm":{"posx":0.6430304916631902,"posy":0.8907463114480167,"posz":-0.26463808814933043,"roty":341.5602153543028,"rotx":27.423209959232338},"right_arm":{"posx":-0.6800457066442361,"posy":0.9191871015831927,"posz":-0.25543827360440075,"roty":19.156668428983266,"rotx":26.04118684745643},"intaract":{"posx":8.831587493851104e-18,"posy":0.19999999999999996,"posz":-0.07211538461538461,"roty":0,"rotx":0},"shadow":{"posx":8.831587493851104e-18,"posy":0,"posz":-0.07211538461538461,"roty":0,"rotx":0}}}