# This file was generated by Animated Java via MC-Build. It is not recommended to edit this file directly.
$data merge entity $(bone_eyes) {transformation: [-1f,0f,0f,-0.0156f,0f,0.9976f,-0.0697f,1.7419f,0f,-0.0697f,-0.9976f,0.3497f,0f,0f,0f,1f],start_interpolation: 0,interpolation_duration: 1}
$data merge entity $(bone_head) {transformation: [-1f,0f,0f,0f,0f,0.9976f,-0.0697f,1.3814f,0f,-0.0697f,-0.9976f,0.123f,0f,0f,0f,1f],start_interpolation: 0,interpolation_duration: 1}
$data merge entity $(bone_fabric_overray) {transformation: [-1f,0f,0f,0f,0f,0.9286f,0.3712f,1.3814f,0f,0.3712f,-0.9286f,0.123f,0f,0f,0f,1f],start_interpolation: 0,interpolation_duration: 1}
$data merge entity $(bone_fabric) {transformation: [-1f,0f,0f,0f,0f,0.9286f,0.3712f,1.3814f,0f,0.3712f,-0.9286f,0.123f,0f,0f,0f,1f],start_interpolation: 0,interpolation_duration: 1}
$data merge entity $(bone_bone_overray) {transformation: [-1f,0f,0f,0f,0f,0.9286f,0.3712f,1.3814f,0f,0.3712f,-0.9286f,0.123f,0f,0f,0f,1f],start_interpolation: 0,interpolation_duration: 1}
$data merge entity $(bone_bone) {transformation: [-1f,0f,0f,0f,0f,0.9286f,0.3712f,1.3814f,0f,0.3712f,-0.9286f,0.123f,0f,0f,0f,1f],start_interpolation: 0,interpolation_duration: 1}
$data merge entity $(bone_left_arm1) {transformation: [-0.8419f,-0.4727f,-0.2602f,0.25f,-0.5387f,0.7087f,0.4556f,1.3234f,-0.0309f,0.5237f,-0.8513f,0.0998f,0f,0f,0f,1f],start_interpolation: 0,interpolation_duration: 1}
$data merge entity $(bone_right_arm1) {transformation: [-0.7987f,0.5337f,0.2781f,-0.25f,0.6f,0.671f,0.4355f,1.3234f,0.0458f,0.5146f,-0.8562f,0.0998f,0f,0f,0f,1f],start_interpolation: 0,interpolation_duration: 1}
data modify entity @s data merge value {"cameras":{},"locators":{"mouse":{"posx":-4.4806388028480765e-17,"posy":1.4923750723004916,"posz":0.36587192372263355,"roty":0,"rotx":-3.9954097454219313},"left_arm":{"posx":0.6275890456342417,"posy":0.8698309076274104,"posz":-0.258329134529926,"roty":343.00153883106873,"rotx":27.10051265333366},"right_arm":{"posx":-0.6668375313392284,"posy":0.8995570528057392,"posz":-0.2511396498260881,"roty":17.991587450610382,"rotx":25.815921418218828},"intaract":{"posx":7.948428744465997e-18,"posy":0.19999999999999996,"posz":-0.06490384615384617,"roty":0,"rotx":0},"shadow":{"posx":7.948428744465997e-18,"posy":0,"posz":-0.06490384615384617,"roty":0,"rotx":0}}}