# This file was generated by Animated Java via MC-Build. It is not recommended to edit this file directly.
$data merge entity $(bone_eyes) {transformation: [-1f,0f,0f,-0.0156f,0f,0.9977f,-0.0674f,1.7418f,0f,-0.0674f,-0.9977f,0.3467f,0f,0f,0f,1f],start_interpolation: 0,interpolation_duration: 1}
$data merge entity $(bone_head) {transformation: [-1f,0f,0f,0f,0f,0.9977f,-0.0674f,1.3819f,0f,-0.0674f,-0.9977f,0.1193f,0f,0f,0f,1f],start_interpolation: 0,interpolation_duration: 1}
$data merge entity $(bone_fabric_overray) {transformation: [-1f,0f,0f,0f,0f,0.9327f,0.3606f,1.3819f,0f,0.3606f,-0.9327f,0.1193f,0f,0f,0f,1f],start_interpolation: 0,interpolation_duration: 1}
$data merge entity $(bone_fabric) {transformation: [-1f,0f,0f,0f,0f,0.9327f,0.3606f,1.3819f,0f,0.3606f,-0.9327f,0.1193f,0f,0f,0f,1f],start_interpolation: 0,interpolation_duration: 1}
$data merge entity $(bone_bone_overray) {transformation: [-1f,0f,0f,0f,0f,0.9327f,0.3606f,1.3819f,0f,0.3606f,-0.9327f,0.1193f,0f,0f,0f,1f],start_interpolation: 0,interpolation_duration: 1}
$data merge entity $(bone_bone) {transformation: [-1f,0f,0f,0f,0f,0.9327f,0.3606f,1.3819f,0f,0.3606f,-0.9327f,0.1193f,0f,0f,0f,1f],start_interpolation: 0,interpolation_duration: 1}
$data merge entity $(bone_left_arm1) {transformation: [-0.8617f,-0.4473f,-0.2398f,0.25f,-0.5069f,0.7358f,0.4491f,1.3236f,-0.0244f,0.5085f,-0.8607f,0.0967f,0f,0f,0f,1f],start_interpolation: 0,interpolation_duration: 1}
$data merge entity $(bone_right_arm1) {transformation: [-0.8184f,0.5118f,0.2612f,-0.25f,0.5733f,0.6969f,0.4309f,1.3236f,0.0385f,0.5024f,-0.8638f,0.0967f,0f,0f,0f,1f],start_interpolation: 0,interpolation_duration: 1}
data modify entity @s data merge value {"cameras":{},"locators":{"mouse":{"posx":-4.4376207247515106e-17,"posy":1.492281789340549,"posz":0.36235923107308615,"roty":0,"rotx":-3.866731249854333},"left_arm":{"posx":0.6113604390751082,"posy":0.849423464105606,"posz":-0.2513463281631782,"roty":344.4336148480255,"rotx":26.684687516502542},"right_arm":{"posx":-0.6530099506515246,"posy":0.8802945355142493,"posz":-0.2462632584848104,"roty":16.823226347747266,"rotx":25.523142636731716},"intaract":{"posx":7.06526999508089e-18,"posy":0.19999999999999996,"posz":-0.05769230769230774,"roty":0,"rotx":0},"shadow":{"posx":7.06526999508089e-18,"posy":0,"posz":-0.05769230769230774,"roty":0,"rotx":0}}}