# This file was generated by Animated Java via MC-Build. It is not recommended to edit this file directly.
$data merge entity $(bone_eyes) {transformation: [-1f,0f,0f,-0.0156f,0f,0.9979f,-0.0651f,1.7417f,0f,-0.0651f,-0.9979f,0.3438f,0f,0f,0f,1f],start_interpolation: 0,interpolation_duration: 1}
$data merge entity $(bone_head) {transformation: [-1f,0f,0f,0f,0f,0.9979f,-0.0651f,1.3823f,0f,-0.0651f,-0.9979f,0.1155f,0f,0f,0f,1f],start_interpolation: 0,interpolation_duration: 1}
$data merge entity $(bone_fabric_overray) {transformation: [-1f,0f,0f,0f,0f,0.9368f,0.3499f,1.3823f,0f,0.3499f,-0.9368f,0.1155f,0f,0f,0f,1f],start_interpolation: 0,interpolation_duration: 1}
$data merge entity $(bone_fabric) {transformation: [-1f,0f,0f,0f,0f,0.9368f,0.3499f,1.3823f,0f,0.3499f,-0.9368f,0.1155f,0f,0f,0f,1f],start_interpolation: 0,interpolation_duration: 1}
$data merge entity $(bone_bone_overray) {transformation: [-1f,0f,0f,0f,0f,0.9368f,0.3499f,1.3823f,0f,0.3499f,-0.9368f,0.1155f,0f,0f,0f,1f],start_interpolation: 0,interpolation_duration: 1}
$data merge entity $(bone_bone) {transformation: [-1f,0f,0f,0f,0f,0.9368f,0.3499f,1.3823f,0f,0.3499f,-0.9368f,0.1155f,0f,0f,0f,1f],start_interpolation: 0,interpolation_duration: 1}
$data merge entity $(bone_left_arm1) {transformation: [-0.8802f,-0.4209f,-0.2194f,0.25f,-0.4743f,0.7619f,0.4412f,1.3237f,-0.0185f,0.4924f,-0.8702f,0.0936f,0f,0f,0f,1f],start_interpolation: 0,interpolation_duration: 1}
$data merge entity $(bone_right_arm1) {transformation: [-0.8373f,0.4891f,0.2443f,-0.25f,0.5458f,0.722f,0.4252f,1.3237f,0.0316f,0.4894f,-0.8715f,0.0936f,0f,0f,0f,1f],start_interpolation: 0,interpolation_duration: 1}
data modify entity @s data merge value {"cameras":{},"locators":{"mouse":{"posx":-4.394925449084881e-17,"posy":1.4921275006764523,"posz":0.3588728972422742,"roty":0,"rotx":-3.73527525697921},"left_arm":{"posx":0.5943546684325145,"posy":0.8295935605321589,"posz":-0.24370218280513775,"roty":345.8482919847011,"rotx":26.177823814016953},"right_arm":{"posx":-0.6385684120886344,"posy":0.8614500723303915,"posz":-0.24081972798159376,"roty":15.656934044682544,"rotx":25.164113960557838},"intaract":{"posx":6.182111245695775e-18,"posy":0.19999999999999996,"posz":-0.050480769230769246,"roty":0,"rotx":0},"shadow":{"posx":6.182111245695775e-18,"posy":0,"posz":-0.050480769230769246,"roty":0,"rotx":0}}}