# This file was generated by Animated Java via MC-Build. It is not recommended to edit this file directly.
$data merge entity $(bone_eyes) {transformation: [-1f,0f,0f,-0.0156f,0f,0.998f,-0.0628f,1.7415f,0f,-0.0628f,-0.998f,0.341f,0f,0f,0f,1f],start_interpolation: 0,interpolation_duration: 1}
$data merge entity $(bone_head) {transformation: [-1f,0f,0f,0f,0f,0.998f,-0.0628f,1.3826f,0f,-0.0628f,-0.998f,0.1118f,0f,0f,0f,1f],start_interpolation: 0,interpolation_duration: 1}
$data merge entity $(bone_fabric_overray) {transformation: [-1f,0f,0f,0f,0f,0.9407f,0.3394f,1.3826f,0f,0.3394f,-0.9407f,0.1118f,0f,0f,0f,1f],start_interpolation: 0,interpolation_duration: 1}
$data merge entity $(bone_fabric) {transformation: [-1f,0f,0f,0f,0f,0.9407f,0.3394f,1.3826f,0f,0.3394f,-0.9407f,0.1118f,0f,0f,0f,1f],start_interpolation: 0,interpolation_duration: 1}
$data merge entity $(bone_bone_overray) {transformation: [-1f,0f,0f,0f,0f,0.9407f,0.3394f,1.3826f,0f,0.3394f,-0.9407f,0.1118f,0f,0f,0f,1f],start_interpolation: 0,interpolation_duration: 1}
$data merge entity $(bone_bone) {transformation: [-1f,0f,0f,0f,0f,0.9407f,0.3394f,1.3826f,0f,0.3394f,-0.9407f,0.1118f,0f,0f,0f,1f],start_interpolation: 0,interpolation_duration: 1}
$data merge entity $(bone_left_arm1) {transformation: [-0.8975f,-0.3934f,-0.1992f,0.25f,-0.4408f,0.7869f,0.4318f,1.3239f,-0.0131f,0.4754f,-0.8797f,0.0906f,0f,0f,0f,1f],start_interpolation: 0,interpolation_duration: 1}
$data merge entity $(bone_right_arm1) {transformation: [-0.8553f,0.4655f,0.2274f,-0.25f,0.5175f,0.7464f,0.4185f,1.3239f,0.0251f,0.4756f,-0.8793f,0.0906f,0f,0f,0f,1f],start_interpolation: 0,interpolation_duration: 1}
data modify entity @s data merge value {"cameras":{},"locators":{"mouse":{"posx":-4.352657511006355e-17,"posy":1.4919119073299216,"posz":0.355421458173642,"roty":0,"rotx":-3.6010655936818026},"left_arm":{"posx":0.5765846850497688,"posy":0.8104099291632736,"posz":-0.23541349806650935,"roty":347.23789101042826,"rotx":25.58257709595661},"right_arm":{"posx":-0.6235200159530832,"posy":0.8430736163290186,"posz":-0.23482306431919536,"roty":14.497873407502112,"rotx":24.740439562419898},"intaract":{"posx":5.298952496310668e-18,"posy":0.19999999999999996,"posz":-0.04326923076923081,"roty":0,"rotx":0},"shadow":{"posx":5.298952496310668e-18,"posy":0,"posz":-0.04326923076923081,"roty":0,"rotx":0}}}