# This file was generated by Animated Java via MC-Build. It is not recommended to edit this file directly.
$data merge entity $(bone_eyes) {transformation: [-1f,0f,0f,-0.0156f,0f,0.9982f,-0.0604f,1.7413f,0f,-0.0604f,-0.9982f,0.3382f,0f,0f,0f,1f],start_interpolation: 0,interpolation_duration: 1}
$data merge entity $(bone_head) {transformation: [-1f,0f,0f,0f,0f,0.9982f,-0.0604f,1.383f,0f,-0.0604f,-0.9982f,0.1081f,0f,0f,0f,1f],start_interpolation: 0,interpolation_duration: 1}
$data merge entity $(bone_fabric_overray) {transformation: [-1f,0f,0f,0f,0f,0.9444f,0.3289f,1.383f,0f,0.3289f,-0.9444f,0.1081f,0f,0f,0f,1f],start_interpolation: 0,interpolation_duration: 1}
$data merge entity $(bone_fabric) {transformation: [-1f,0f,0f,0f,0f,0.9444f,0.3289f,1.383f,0f,0.3289f,-0.9444f,0.1081f,0f,0f,0f,1f],start_interpolation: 0,interpolation_duration: 1}
$data merge entity $(bone_bone_overray) {transformation: [-1f,0f,0f,0f,0f,0.9444f,0.3289f,1.383f,0f,0.3289f,-0.9444f,0.1081f,0f,0f,0f,1f],start_interpolation: 0,interpolation_duration: 1}
$data merge entity $(bone_bone) {transformation: [-1f,0f,0f,0f,0f,0.9444f,0.3289f,1.383f,0f,0.3289f,-0.9444f,0.1081f,0f,0f,0f,1f],start_interpolation: 0,interpolation_duration: 1}
$data merge entity $(bone_left_arm1) {transformation: [-0.9135f,-0.365f,-0.1794f,0.25f,-0.4066f,0.8108f,0.4211f,1.3239f,-0.0083f,0.4576f,-0.8891f,0.0876f,0f,0f,0f,1f],start_interpolation: 0,interpolation_duration: 1}
$data merge entity $(bone_right_arm1) {transformation: [-0.8723f,0.4412f,0.2105f,-0.25f,0.4885f,0.7698f,0.4108f,1.3239f,0.0192f,0.4612f,-0.8871f,0.0876f,0f,0f,0f,1f],start_interpolation: 0,interpolation_duration: 1}
data modify entity @s data merge value {"cameras":{},"locators":{"mouse":{"posx":-4.3109215471855227e-17,"posy":1.4916350817940631,"posz":0.35201345809967033,"roty":0,"rotx":-3.464126086847332},"left_arm":{"posx":0.5580664193576688,"posy":0.7919400571583223,"posz":-0.22650121529164585,"roty":348.5952962272363,"rotx":24.90212517620541},"right_arm":{"posx":-0.6078735326349415,"posy":0.8252142901995947,"posz":-0.22829053955471068,"roty":13.350968707667619,"rotx":24.254048803538215},"intaract":{"posx":4.4157937469255506e-18,"posy":0.19999999999999996,"posz":-0.03605769230769229,"roty":0,"rotx":0},"shadow":{"posx":4.4157937469255506e-18,"posy":0,"posz":-0.03605769230769229,"roty":0,"rotx":0}}}