# This file was generated by Animated Java via MC-Build. It is not recommended to edit this file directly.
$data merge entity $(bone_eyes) {transformation: [-1f,0f,0f,-0.0156f,0f,0.9193f,0.3936f,1.6029f,0f,0.3936f,-0.9193f,0.3661f,0f,0f,0f,1f],start_interpolation: 0,interpolation_duration: 1}
$data merge entity $(bone_head) {transformation: [-1f,0f,0f,0f,0f,0.9193f,0.3936f,1.3859f,0f,0.3936f,-0.9193f,-0.0002f,0f,0f,0f,1f],start_interpolation: 0,interpolation_duration: 1}
$data merge entity $(bone_fabric_overray) {transformation: [-1f,0f,0f,0f,0f,0.9903f,0.1387f,1.3859f,0f,0.1387f,-0.9903f,-0.0002f,0f,0f,0f,1f],start_interpolation: 0,interpolation_duration: 1}
$data merge entity $(bone_fabric) {transformation: [-1f,0f,0f,0f,0f,0.9903f,0.1387f,1.3859f,0f,0.1387f,-0.9903f,-0.0002f,0f,0f,0f,1f],start_interpolation: 0,interpolation_duration: 1}
$data merge entity $(bone_bone_overray) {transformation: [-1f,0f,0f,0f,0f,1f,-0.0036f,1.3859f,0f,-0.0036f,-1f,-0.0002f,0f,0f,0f,1f],start_interpolation: 0,interpolation_duration: 1}
$data merge entity $(bone_bone) {transformation: [-1f,0f,0f,0f,0f,1f,-0.0036f,1.3859f,0f,-0.0036f,-1f,-0.0002f,0f,0f,0f,1f],start_interpolation: 0,interpolation_duration: 1}
$data merge entity $(bone_left_arm1) {transformation: [-0.9456f,0.3175f,0.0707f,0.25f,0.2912f,0.9232f,-0.2507f,1.3234f,-0.1449f,-0.2165f,-0.9655f,0f,0f,0f,0f,1f],start_interpolation: 0,interpolation_duration: 1}
$data merge entity $(bone_right_arm1) {transformation: [-0.9287f,-0.3604f,-0.0874f,-0.25f,-0.3262f,0.9059f,-0.27f,1.3234f,0.1765f,-0.2222f,-0.9589f,0f,0f,0f,0f,1f],start_interpolation: 0,interpolation_duration: 1}
data modify entity @s data merge value {"cameras":{},"locators":{"mouse":{"posx":-3.264088490834609e-17,"posy":1.3736197495317086,"posz":0.2665330520691513,"roty":0,"rotx":23.181666666666665},"left_arm":{"posx":0.09081946066065619,"posy":0.6704344602380904,"posz":0.15791252833638256,"roty":4.189803165605042,"rotx":-14.518437313705897},"right_arm":{"posx":-0.06026382636823946,"posy":0.6801291731505221,"posz":0.1638327527563158,"roty":354.79279781307014,"rotx":-15.661582106131558}}}