# This file was generated by Animated Java via MC-Build. It is not recommended to edit this file directly.
$data merge entity $(bone_eyes) {transformation: [-1f,0f,0f,-0.0156f,0f,0.9983f,-0.058f,1.7409f,0f,-0.058f,-0.9983f,0.3354f,0f,0f,0f,1f],start_interpolation: 0,interpolation_duration: 1}
$data merge entity $(bone_head) {transformation: [-1f,0f,0f,0f,0f,0.9983f,-0.058f,1.3832f,0f,-0.058f,-0.9983f,0.1045f,0f,0f,0f,1f],start_interpolation: 0,interpolation_duration: 1}
$data merge entity $(bone_fabric_overray) {transformation: [-1f,0f,0f,0f,0f,0.9479f,0.3185f,1.3832f,0f,0.3185f,-0.9479f,0.1045f,0f,0f,0f,1f],start_interpolation: 0,interpolation_duration: 1}
$data merge entity $(bone_fabric) {transformation: [-1f,0f,0f,0f,0f,0.9479f,0.3185f,1.3832f,0f,0.3185f,-0.9479f,0.1045f,0f,0f,0f,1f],start_interpolation: 0,interpolation_duration: 1}
$data merge entity $(bone_bone_overray) {transformation: [-1f,0f,0f,0f,0f,0.9479f,0.3185f,1.3832f,0f,0.3185f,-0.9479f,0.1045f,0f,0f,0f,1f],start_interpolation: 0,interpolation_duration: 1}
$data merge entity $(bone_bone) {transformation: [-1f,0f,0f,0f,0f,0.9479f,0.3185f,1.3832f,0f,0.3185f,-0.9479f,0.1045f,0f,0f,0f,1f],start_interpolation: 0,interpolation_duration: 1}
$data merge entity $(bone_left_arm1) {transformation: [-0.9283f,-0.3357f,-0.1598f,0.25f,-0.3718f,0.8334f,0.409f,1.324f,-0.0041f,0.4391f,-0.8984f,0.0846f,0f,0f,0f,1f],start_interpolation: 0,interpolation_duration: 1}
$data merge entity $(bone_right_arm1) {transformation: [-0.8884f,0.4162f,0.1938f,-0.25f,0.4589f,0.7923f,0.4021f,1.324f,0.0138f,0.4461f,-0.8949f,0.0846f,0f,0f,0f,1f],start_interpolation: 0,interpolation_duration: 1}
data modify entity @s data merge value {"cameras":{},"locators":{"mouse":{"posx":-4.269822153885066e-17,"posy":1.4912974585417955,"posz":0.34865743795336607,"roty":0,"rotx":-3.3244805633610337},"left_arm":{"posx":0.5388187941000175,"posy":0.7742497940618197,"posz":-0.21699022910177648,"roty":349.91401932279814,"rotx":24.140116839709744},"right_arm":{"posx":-0.5916394153793156,"posy":0.8079201308271504,"posz":-0.221242551318535,"roty":12.220863056209879,"rotx":23.70717644725242},"intaract":{"posx":3.532634997540443e-18,"posy":0.19999999999999996,"posz":-0.028846153846153855,"roty":0,"rotx":0},"shadow":{"posx":3.532634997540443e-18,"posy":0,"posz":-0.028846153846153855,"roty":0,"rotx":0}}}