# This file was generated by Animated Java via MC-Build. It is not recommended to edit this file directly.
$data merge entity $(bone_eyes) {transformation: [-1f,0f,0f,-0.0156f,0f,0.9985f,-0.0555f,1.7406f,0f,-0.0555f,-0.9985f,0.3327f,0f,0f,0f,1f],start_interpolation: 0,interpolation_duration: 1}
$data merge entity $(bone_head) {transformation: [-1f,0f,0f,0f,0f,0.9985f,-0.0555f,1.3834f,0f,-0.0555f,-0.9985f,0.101f,0f,0f,0f,1f],start_interpolation: 0,interpolation_duration: 1}
$data merge entity $(bone_fabric_overray) {transformation: [-1f,0f,0f,0f,0f,0.9513f,0.3082f,1.3834f,0f,0.3082f,-0.9513f,0.101f,0f,0f,0f,1f],start_interpolation: 0,interpolation_duration: 1}
$data merge entity $(bone_fabric) {transformation: [-1f,0f,0f,0f,0f,0.9513f,0.3082f,1.3834f,0f,0.3082f,-0.9513f,0.101f,0f,0f,0f,1f],start_interpolation: 0,interpolation_duration: 1}
$data merge entity $(bone_bone_overray) {transformation: [-1f,0f,0f,0f,0f,0.9513f,0.3082f,1.3834f,0f,0.3082f,-0.9513f,0.101f,0f,0f,0f,1f],start_interpolation: 0,interpolation_duration: 1}
$data merge entity $(bone_bone) {transformation: [-1f,0f,0f,0f,0f,0.9513f,0.3082f,1.3834f,0f,0.3082f,-0.9513f,0.101f,0f,0f,0f,1f],start_interpolation: 0,interpolation_duration: 1}
$data merge entity $(bone_left_arm1) {transformation: [-0.9418f,-0.3055f,-0.1407f,0.25f,-0.3363f,0.8547f,0.3956f,1.324f,-0.0006f,0.4198f,-0.9076f,0.0817f,0f,0f,0f,1f],start_interpolation: 0,interpolation_duration: 1}
$data merge entity $(bone_right_arm1) {transformation: [-0.9034f,0.3903f,0.1773f,-0.25f,0.4286f,0.8138f,0.3924f,1.324f,0.0089f,0.4305f,-0.9026f,0.0817f,0f,0f,0f,1f],start_interpolation: 0,interpolation_duration: 1}
data modify entity @s data merge value {"cameras":{},"locators":{"mouse":{"posx":-4.229463750023506e-17,"posy":1.4908998222304786,"posz":0.3453619241864857,"roty":0,"rotx":-3.1821528501081158},"left_arm":{"posx":0.5188637263833116,"posy":0.7574029682828163,"posz":-0.20690915552658684,"roty":351.1882354504466,"rotx":23.30061602401842},"right_arm":{"posx":-0.5748298084323988,"posy":0.7912378417350616,"posz":-0.21370245401432658,"roty":11.111886590879124,"rotx":23.102339540664236},"intaract":{"posx":2.649476248155336e-18,"posy":0.19999999999999996,"posz":-0.02163461538461542,"roty":0,"rotx":0},"shadow":{"posx":2.649476248155336e-18,"posy":0,"posz":-0.02163461538461542,"roty":0,"rotx":0}}}