# This file was generated by Animated Java via MC-Build. It is not recommended to edit this file directly.
$data merge entity $(bone_eyes) {transformation: [-1f,0f,0f,-0.0156f,0f,0.9986f,-0.053f,1.7402f,0f,-0.053f,-0.9986f,0.3301f,0f,0f,0f,1f],start_interpolation: 0,interpolation_duration: 1}
$data merge entity $(bone_head) {transformation: [-1f,0f,0f,0f,0f,0.9986f,-0.053f,1.3836f,0f,-0.053f,-0.9986f,0.0975f,0f,0f,0f,1f],start_interpolation: 0,interpolation_duration: 1}
$data merge entity $(bone_fabric_overray) {transformation: [-1f,0f,0f,0f,0f,0.9545f,0.2981f,1.3836f,0f,0.2981f,-0.9545f,0.0975f,0f,0f,0f,1f],start_interpolation: 0,interpolation_duration: 1}
$data merge entity $(bone_fabric) {transformation: [-1f,0f,0f,0f,0f,0.9545f,0.2981f,1.3836f,0f,0.2981f,-0.9545f,0.0975f,0f,0f,0f,1f],start_interpolation: 0,interpolation_duration: 1}
$data merge entity $(bone_bone_overray) {transformation: [-1f,0f,0f,0f,0f,0.9545f,0.2981f,1.3836f,0f,0.2981f,-0.9545f,0.0975f,0f,0f,0f,1f],start_interpolation: 0,interpolation_duration: 1}
$data merge entity $(bone_bone) {transformation: [-1f,0f,0f,0f,0f,0.9545f,0.2981f,1.3836f,0f,0.2981f,-0.9545f,0.0975f,0f,0f,0f,1f],start_interpolation: 0,interpolation_duration: 1}
$data merge entity $(bone_left_arm1) {transformation: [-0.9539f,-0.2743f,-0.1221f,0.25f,-0.3003f,0.8745f,0.3809f,1.3239f,0.0023f,0.4f,-0.9165f,0.0788f,0f,0f,0f,1f],start_interpolation: 0,interpolation_duration: 1}
$data merge entity $(bone_right_arm1) {transformation: [-0.9175f,0.3638f,0.1609f,-0.25f,0.3978f,0.8343f,0.3818f,1.3239f,0.0046f,0.4143f,-0.9101f,0.0788f,0f,0f,0f,1f],start_interpolation: 0,interpolation_duration: 1}
data modify entity @s data merge value {"cameras":{},"locators":{"mouse":{"posx":-4.189950447054813e-17,"posy":1.490443293622403,"posz":0.3421354181444005,"roty":0,"rotx":-3.037166773973815},"left_arm":{"posx":0.49822611838118797,"posy":0.7414610162163756,"posz":-0.19629005815821376,"roty":352.4127930132443,"rotx":22.3880441453172},"right_arm":{"posx":-0.5574585504822294,"posy":0.7752125557035631,"posz":-0.2056963626028815,"roty":10.028035619368211,"rotx":22.442311944642196},"intaract":{"posx":1.7663174987702216e-18,"posy":0.19999999999999996,"posz":-0.014423076923076927,"roty":0,"rotx":0},"shadow":{"posx":1.7663174987702216e-18,"posy":0,"posz":-0.014423076923076927,"roty":0,"rotx":0}}}