# This file was generated by Animated Java via MC-Build. It is not recommended to edit this file directly.
$data merge entity $(bone_eyes) {transformation: [-1f,0f,0f,-0.0156f,0f,0.9987f,-0.0504f,1.7397f,0f,-0.0504f,-0.9987f,0.3276f,0f,0f,0f,1f],start_interpolation: 0,interpolation_duration: 1}
$data merge entity $(bone_head) {transformation: [-1f,0f,0f,0f,0f,0.9987f,-0.0504f,1.3837f,0f,-0.0504f,-0.9987f,0.094f,0f,0f,0f,1f],start_interpolation: 0,interpolation_duration: 1}
$data merge entity $(bone_fabric_overray) {transformation: [-1f,0f,0f,0f,0f,0.9576f,0.2882f,1.3837f,0f,0.2882f,-0.9576f,0.094f,0f,0f,0f,1f],start_interpolation: 0,interpolation_duration: 1}
$data merge entity $(bone_fabric) {transformation: [-1f,0f,0f,0f,0f,0.9576f,0.2882f,1.3837f,0f,0.2882f,-0.9576f,0.094f,0f,0f,0f,1f],start_interpolation: 0,interpolation_duration: 1}
$data merge entity $(bone_bone_overray) {transformation: [-1f,0f,0f,0f,0f,0.9576f,0.2882f,1.3837f,0f,0.2882f,-0.9576f,0.094f,0f,0f,0f,1f],start_interpolation: 0,interpolation_duration: 1}
$data merge entity $(bone_bone) {transformation: [-1f,0f,0f,0f,0f,0.9576f,0.2882f,1.3837f,0f,0.2882f,-0.9576f,0.094f,0f,0f,0f,1f],start_interpolation: 0,interpolation_duration: 1}
$data merge entity $(bone_left_arm1) {transformation: [-0.9646f,-0.2424f,-0.1041f,0.25f,-0.2637f,0.8929f,0.365f,1.3238f,0.0044f,0.3795f,-0.9252f,0.076f,0f,0f,0f,1f],start_interpolation: 0,interpolation_duration: 1}
$data merge entity $(bone_right_arm1) {transformation: [-0.9304f,0.3366f,0.1449f,-0.25f,0.3664f,0.8536f,0.3702f,1.3238f,0.0009f,0.3976f,-0.9176f,0.076f,0f,0f,0f,1f],start_interpolation: 0,interpolation_duration: 1}
data modify entity @s data merge value {"cameras":{},"locators":{"mouse":{"posx":-4.1513859273824093e-17,"posy":1.4899293132475715,"posz":0.3389863861378452,"roty":0,"rotx":-2.8895461618433713},"left_arm":{"posx":0.47693383656629706,"posy":0.7264826274222881,"posz":-0.18516813425879255,"roty":353.5832000193802,"rotx":21.407122993532607},"right_arm":{"posx":-0.5395411733231648,"posy":0.7598876097129659,"posz":-0.19725293015090264,"roty":8.972962389790297,"rotx":21.730097489326983},"intaract":{"posx":8.831587493851143e-19,"posy":0.19999999999999996,"posz":-0.007211538461538491,"roty":0,"rotx":0},"shadow":{"posx":8.831587493851143e-19,"posy":0,"posz":-0.007211538461538491,"roty":0,"rotx":0}}}