# This file was generated by Animated Java via MC-Build. It is not recommended to edit this file directly.
$data merge entity $(bone_eyes) {transformation: [-1f,0f,0f,-0.0156f,0f,0.9989f,-0.0478f,1.7391f,0f,-0.0478f,-0.9989f,0.3252f,0f,0f,0f,1f],start_interpolation: 0,interpolation_duration: 1}
$data merge entity $(bone_head) {transformation: [-1f,0f,0f,0f,0f,0.9989f,-0.0478f,1.3838f,0f,-0.0478f,-0.9989f,0.0907f,0f,0f,0f,1f],start_interpolation: 0,interpolation_duration: 1}
$data merge entity $(bone_fabric_overray) {transformation: [-1f,0f,0f,0f,0f,0.9605f,0.2784f,1.3838f,0f,0.2784f,-0.9605f,0.0907f,0f,0f,0f,1f],start_interpolation: 0,interpolation_duration: 1}
$data merge entity $(bone_fabric) {transformation: [-1f,0f,0f,0f,0f,0.9605f,0.2784f,1.3838f,0f,0.2784f,-0.9605f,0.0907f,0f,0f,0f,1f],start_interpolation: 0,interpolation_duration: 1}
$data merge entity $(bone_bone_overray) {transformation: [-1f,0f,0f,0f,0f,0.9605f,0.2784f,1.3838f,0f,0.2784f,-0.9605f,0.0907f,0f,0f,0f,1f],start_interpolation: 0,interpolation_duration: 1}
$data merge entity $(bone_bone) {transformation: [-1f,0f,0f,0f,0f,0.9605f,0.2784f,1.3838f,0f,0.2784f,-0.9605f,0.0907f,0f,0f,0f,1f],start_interpolation: 0,interpolation_duration: 1}
$data merge entity $(bone_left_arm1) {transformation: [-0.9739f,-0.2097f,-0.0867f,0.25f,-0.2268f,0.9097f,0.348f,1.3237f,0.0059f,0.3585f,-0.9335f,0.0733f,0f,0f,0f,1f],start_interpolation: 0,interpolation_duration: 1}
$data merge entity $(bone_right_arm1) {transformation: [-0.9424f,0.3087f,0.1291f,-0.25f,0.3346f,0.8718f,0.3579f,1.3237f,-0.0021f,0.3804f,-0.9248f,0.0733f,0f,0f,0f,1f],start_interpolation: 0,interpolation_duration: 1}
data modify entity @s data merge value {"cameras":{},"locators":{"mouse":{"posx":-4.113873332886856e-17,"posy":1.4893596228413026,"posz":0.33592325034051407,"roty":0,"rotx":-2.7393148406020114},"left_arm":{"posx":0.4550176793852559,"posy":0.7125234089875596,"posz":-0.173581363229974,"roty":354.6955908235571,"rotx":20.362820255093606},"right_arm":{"posx":-0.5210948956863037,"posy":0.7453043341609793,"posz":-0.18840310058981583,"roty":7.949974709472997,"rotx":20.968902680391764},"intaract":{"posx":0,"posy":0.19999999999999996,"posz":0,"roty":0,"rotx":0},"shadow":{"posx":0,"posy":0,"posz":0,"roty":0,"rotx":0}}}