# This file was generated by Animated Java via MC-Build. It is not recommended to edit this file directly.
$data merge entity $(bone_eyes) {transformation: [-1f,0f,0f,-0.0156f,0f,0.999f,-0.0451f,1.7385f,0f,-0.0451f,-0.999f,0.3229f,0f,0f,0f,1f],start_interpolation: 0,interpolation_duration: 1}
$data merge entity $(bone_head) {transformation: [-1f,0f,0f,0f,0f,0.999f,-0.0451f,1.3838f,0f,-0.0451f,-0.999f,0.0874f,0f,0f,0f,1f],start_interpolation: 0,interpolation_duration: 1}
$data merge entity $(bone_fabric_overray) {transformation: [-1f,0f,0f,0f,0f,0.9632f,0.2689f,1.3838f,0f,0.2689f,-0.9632f,0.0874f,0f,0f,0f,1f],start_interpolation: 0,interpolation_duration: 1}
$data merge entity $(bone_fabric) {transformation: [-1f,0f,0f,0f,0f,0.9632f,0.2689f,1.3838f,0f,0.2689f,-0.9632f,0.0874f,0f,0f,0f,1f],start_interpolation: 0,interpolation_duration: 1}
$data merge entity $(bone_bone_overray) {transformation: [-1f,0f,0f,0f,0f,0.9632f,0.2689f,1.3838f,0f,0.2689f,-0.9632f,0.0874f,0f,0f,0f,1f],start_interpolation: 0,interpolation_duration: 1}
$data merge entity $(bone_bone) {transformation: [-1f,0f,0f,0f,0f,0.9632f,0.2689f,1.3838f,0f,0.2689f,-0.9632f,0.0874f,0f,0f,0f,1f],start_interpolation: 0,interpolation_duration: 1}
$data merge entity $(bone_left_arm1) {transformation: [-0.9819f,-0.1762f,-0.07f,0.25f,-0.1895f,0.9248f,0.3299f,1.3236f,0.0066f,0.3371f,-0.9414f,0.0706f,0f,0f,0f,1f],start_interpolation: 0,interpolation_duration: 1}
$data merge entity $(bone_right_arm1) {transformation: [-0.9532f,0.2801f,0.1138f,-0.25f,0.3023f,0.8887f,0.3447f,1.3236f,-0.0046f,0.3629f,-0.9318f,0.0706f,0f,0f,0f,1f],start_interpolation: 0,interpolation_duration: 1}
data modify entity @s data merge value {"cameras":{},"locators":{"mouse":{"posx":-4.077515164989008e-17,"posy":1.4887362445943537,"posz":0.33295438062859706,"roty":0,"rotx":-2.586496637134948},"left_arm":{"posx":0.4325113333360958,"posy":0.6996355718555658,"posz":-0.16157012030386783,"roty":355.7466775687951,"rotx":19.26029928833997},"right_arm":{"posx":-0.5021386121915736,"posy":0.7315018580715879,"posz":-0.17917983837667878,"roty":6.962044286405586,"rotx":20.16210979084629}}}