# This file was generated by Animated Java via MC-Build. It is not recommended to edit this file directly.
$data merge entity $(bone_eyes) {transformation: [-1f,0f,0f,-0.0156f,0f,0.9991f,-0.0424f,1.7379f,0f,-0.0424f,-0.9991f,0.3207f,0f,0f,0f,1f],start_interpolation: 0,interpolation_duration: 1}
$data merge entity $(bone_head) {transformation: [-1f,0f,0f,0f,0f,0.9991f,-0.0424f,1.3838f,0f,-0.0424f,-0.9991f,0.0843f,0f,0f,0f,1f],start_interpolation: 0,interpolation_duration: 1}
$data merge entity $(bone_fabric_overray) {transformation: [-1f,0f,0f,0f,0f,0.9657f,0.2597f,1.3838f,0f,0.2597f,-0.9657f,0.0843f,0f,0f,0f,1f],start_interpolation: 0,interpolation_duration: 1}
$data merge entity $(bone_fabric) {transformation: [-1f,0f,0f,0f,0f,0.9657f,0.2597f,1.3838f,0f,0.2597f,-0.9657f,0.0843f,0f,0f,0f,1f],start_interpolation: 0,interpolation_duration: 1}
$data merge entity $(bone_bone_overray) {transformation: [-1f,0f,0f,0f,0f,0.9657f,0.2597f,1.3838f,0f,0.2597f,-0.9657f,0.0843f,0f,0f,0f,1f],start_interpolation: 0,interpolation_duration: 1}
$data merge entity $(bone_bone) {transformation: [-1f,0f,0f,0f,0f,0.9657f,0.2597f,1.3838f,0f,0.2597f,-0.9657f,0.0843f,0f,0f,0f,1f],start_interpolation: 0,interpolation_duration: 1}
$data merge entity $(bone_left_arm1) {transformation: [-0.9884f,-0.1421f,-0.0542f,0.25f,-0.1519f,0.9383f,0.3108f,1.3234f,0.0067f,0.3154f,-0.9489f,0.0681f,0f,0f,0f,1f],start_interpolation: 0,interpolation_duration: 1}
$data merge entity $(bone_right_arm1) {transformation: [-0.9629f,0.2509f,0.0988f,-0.25f,0.2696f,0.9044f,0.3307f,1.3234f,-0.0064f,0.3451f,-0.9385f,0.0681f,0f,0f,0f,1f],start_interpolation: 0,interpolation_duration: 1}
data modify entity @s data merge value {"cameras":{},"locators":{"mouse":{"posx":-4.0424131974940444e-17,"posy":1.4880614582574965,"posz":0.33008808746395524,"roty":0,"rotx":-2.4311153783274064},"left_arm":{"posx":0.40945131745191554,"posy":0.6878676415112349,"posz":-0.14917675873387587,"roty":356.73369074416325,"rotx":18.104874323784426},"right_arm":{"posx":-0.48269287739093436,"posy":0.7185169317514571,"posz":-0.16961783697585583,"roty":6.011822432788165,"rotx":19.313251055687417}}}