# This file was generated by Animated Java via MC-Build. It is not recommended to edit this file directly.
$data merge entity $(bone_eyes) {transformation: [-1f,0f,0f,-0.0156f,0f,0.9992f,-0.0397f,1.7372f,0f,-0.0397f,-0.9992f,0.3187f,0f,0f,0f,1f],start_interpolation: 0,interpolation_duration: 1}
$data merge entity $(bone_head) {transformation: [-1f,0f,0f,0f,0f,0.9992f,-0.0397f,1.3837f,0f,-0.0397f,-0.9992f,0.0812f,0f,0f,0f,1f],start_interpolation: 0,interpolation_duration: 1}
$data merge entity $(bone_fabric_overray) {transformation: [-1f,0f,0f,0f,0f,0.968f,0.2508f,1.3837f,0f,0.2508f,-0.968f,0.0812f,0f,0f,0f,1f],start_interpolation: 0,interpolation_duration: 1}
$data merge entity $(bone_fabric) {transformation: [-1f,0f,0f,0f,0f,0.968f,0.2508f,1.3837f,0f,0.2508f,-0.968f,0.0812f,0f,0f,0f,1f],start_interpolation: 0,interpolation_duration: 1}
$data merge entity $(bone_bone_overray) {transformation: [-1f,0f,0f,0f,0f,0.968f,0.2508f,1.3837f,0f,0.2508f,-0.968f,0.0812f,0f,0f,0f,1f],start_interpolation: 0,interpolation_duration: 1}
$data merge entity $(bone_bone) {transformation: [-1f,0f,0f,0f,0f,0.968f,0.2508f,1.3837f,0f,0.2508f,-0.968f,0.0812f,0f,0f,0f,1f],start_interpolation: 0,interpolation_duration: 1}
$data merge entity $(bone_left_arm1) {transformation: [-0.9935f,-0.1073f,-0.0392f,0.25f,-0.1141f,0.95f,0.2907f,1.3232f,0.006f,0.2933f,-0.956f,0.0656f,0f,0f,0f,1f],start_interpolation: 0,interpolation_duration: 1}
$data merge entity $(bone_right_arm1) {transformation: [-0.9716f,0.2212f,0.0844f,-0.25f,0.2366f,0.9188f,0.3161f,1.3232f,-0.0076f,0.3271f,-0.945f,0.0656f,0f,0f,0f,1f],start_interpolation: 0,interpolation_duration: 1}
data modify entity @s data merge value {"cameras":{},"locators":{"mouse":{"posx":-4.008668403267501e-17,"posy":1.4873377761456463,"posz":0.3273326159067653,"roty":0,"rotx":-2.2731948910646236},"left_arm":{"posx":0.38587691623920506,"posy":0.6772641949743852,"posz":-0.13644516414584845,"roty":357.65431305915627,"rotx":16.901971828534347},"right_arm":{"posx":-0.4627798848861086,"posy":0.7063837680622457,"posz":-0.1597532082840485,"roty":5.101661643928537,"rotx":18.42598455379344}}}