# This file was generated by Animated Java via MC-Build. It is not recommended to edit this file directly.
$data merge entity $(bone_eyes) {transformation: [-1f,0f,0f,-0.0156f,0f,0.9993f,-0.0369f,1.7364f,0f,-0.0369f,-0.9993f,0.3167f,0f,0f,0f,1f],start_interpolation: 0,interpolation_duration: 1}
$data merge entity $(bone_head) {transformation: [-1f,0f,0f,0f,0f,0.9993f,-0.0369f,1.3837f,0f,-0.0369f,-0.9993f,0.0783f,0f,0f,0f,1f],start_interpolation: 0,interpolation_duration: 1}
$data merge entity $(bone_fabric_overray) {transformation: [-1f,0f,0f,0f,0f,0.9702f,0.2422f,1.3837f,0f,0.2422f,-0.9702f,0.0783f,0f,0f,0f,1f],start_interpolation: 0,interpolation_duration: 1}
$data merge entity $(bone_fabric) {transformation: [-1f,0f,0f,0f,0f,0.9702f,0.2422f,1.3837f,0f,0.2422f,-0.9702f,0.0783f,0f,0f,0f,1f],start_interpolation: 0,interpolation_duration: 1}
$data merge entity $(bone_bone_overray) {transformation: [-1f,0f,0f,0f,0f,0.9702f,0.2422f,1.3837f,0f,0.2422f,-0.9702f,0.0783f,0f,0f,0f,1f],start_interpolation: 0,interpolation_duration: 1}
$data merge entity $(bone_bone) {transformation: [-1f,0f,0f,0f,0f,0.9702f,0.2422f,1.3837f,0f,0.2422f,-0.9702f,0.0783f,0f,0f,0f,1f],start_interpolation: 0,interpolation_duration: 1}
$data merge entity $(bone_left_arm1) {transformation: [-0.9971f,-0.072f,-0.0251f,0.25f,-0.0761f,0.9599f,0.2699f,1.323f,0.0047f,0.271f,-0.9626f,0.0632f,0f,0f,0f,1f],start_interpolation: 0,interpolation_duration: 1}
$data merge entity $(bone_right_arm1) {transformation: [-0.9791f,0.1909f,0.0704f,-0.25f,0.2033f,0.9318f,0.3008f,1.323f,-0.0082f,0.3088f,-0.9511f,0.0632f,0f,0f,0f,1f],start_interpolation: 0,interpolation_duration: 1}
data modify entity @s data merge value {"cameras":{},"locators":{"mouse":{"posx":-3.976380895582744e-17,"posy":1.486567916088686,"posz":0.3246961408261758,"roty":0,"rotx":-2.1127590022318423},"left_arm":{"posx":0.36183010116427217,"posy":0.6678656255793,"posz":-0.12342028505079133,"roty":358.5066104014435,"rotx":15.657098388462327},"right_arm":{"posx":-0.4424234415183479,"posy":0.695133903167139,"posz":-0.14962315530048648,"roty":4.233641536161002,"rotx":17.50407222364034}}}