# This file was generated by Animated Java via MC-Build. It is not recommended to edit this file directly.
$data merge entity $(bone_eyes) {transformation: [-1f,0f,0f,-0.0156f,0f,0.9994f,-0.034f,1.7357f,0f,-0.034f,-0.9994f,0.3149f,0f,0f,0f,1f],start_interpolation: 0,interpolation_duration: 1}
$data merge entity $(bone_head) {transformation: [-1f,0f,0f,0f,0f,0.9994f,-0.034f,1.3836f,0f,-0.034f,-0.9994f,0.0755f,0f,0f,0f,1f],start_interpolation: 0,interpolation_duration: 1}
$data merge entity $(bone_fabric_overray) {transformation: [-1f,0f,0f,0f,0f,0.9723f,0.2339f,1.3836f,0f,0.2339f,-0.9723f,0.0755f,0f,0f,0f,1f],start_interpolation: 0,interpolation_duration: 1}
$data merge entity $(bone_fabric) {transformation: [-1f,0f,0f,0f,0f,0.9723f,0.2339f,1.3836f,0f,0.2339f,-0.9723f,0.0755f,0f,0f,0f,1f],start_interpolation: 0,interpolation_duration: 1}
$data merge entity $(bone_bone_overray) {transformation: [-1f,0f,0f,0f,0f,0.9723f,0.2339f,1.3836f,0f,0.2339f,-0.9723f,0.0755f,0f,0f,0f,1f],start_interpolation: 0,interpolation_duration: 1}
$data merge entity $(bone_bone) {transformation: [-1f,0f,0f,0f,0f,0.9723f,0.2339f,1.3836f,0f,0.2339f,-0.9723f,0.0755f,0f,0f,0f,1f],start_interpolation: 0,interpolation_duration: 1}
$data merge entity $(bone_left_arm1) {transformation: [-0.9993f,-0.0362f,-0.012f,0.25f,-0.0381f,0.9679f,0.2483f,1.3228f,0.0026f,0.2486f,-0.9686f,0.0609f,0f,0f,0f,1f],start_interpolation: 0,interpolation_duration: 1}
$data merge entity $(bone_right_arm1) {transformation: [-0.9855f,0.1601f,0.057f,-0.25f,0.1697f,0.9434f,0.2849f,1.3228f,-0.0082f,0.2904f,-0.9569f,0.0609f,0f,0f,0f,1f],start_interpolation: 0,interpolation_duration: 1}
data modify entity @s data merge value {"cameras":{},"locators":{"mouse":{"posx":-3.945649884751055e-17,"posy":1.4857547723770312,"posz":0.32218676335888596,"roty":0,"rotx":-1.9498315387142555},"left_arm":{"posx":0.3373554408262361,"posy":0.6597079365155454,"posz":-0.11014764381682177,"roty":359.28896308588406,"rotx":14.375815138675502},"right_arm":{"posx":-0.4216489366419991,"posy":0.6847960772815871,"posz":-0.13926563049728444,"roty":3.4095976767903835,"rotx":16.551360325343612}}}