# This file was generated by Animated Java via MC-Build. It is not recommended to edit this file directly.
$data merge entity $(bone_eyes) {transformation: [-1f,0f,0f,-0.0156f,0f,0.895f,0.4461f,1.5813f,0f,0.4461f,-0.895f,0.3701f,0f,0f,0f,1f],start_interpolation: 0,interpolation_duration: 1}
$data merge entity $(bone_head) {transformation: [-1f,0f,0f,0f,0f,0.895f,0.4461f,1.3857f,0f,0.4461f,-0.895f,-0.0081f,0f,0f,0f,1f],start_interpolation: 0,interpolation_duration: 1}
$data merge entity $(bone_fabric_overray) {transformation: [-1f,0f,0f,0f,0f,0.9906f,0.1369f,1.3857f,0f,0.1369f,-0.9906f,-0.0081f,0f,0f,0f,1f],start_interpolation: 0,interpolation_duration: 1}
$data merge entity $(bone_fabric) {transformation: [-1f,0f,0f,0f,0f,0.9906f,0.1369f,1.3857f,0f,0.1369f,-0.9906f,-0.0081f,0f,0f,0f,1f],start_interpolation: 0,interpolation_duration: 1}
$data merge entity $(bone_bone_overray) {transformation: [-1f,0f,0f,0f,0f,0.9996f,-0.0291f,1.3857f,0f,-0.0291f,-0.9996f,-0.0081f,0f,0f,0f,1f],start_interpolation: 0,interpolation_duration: 1}
$data merge entity $(bone_bone) {transformation: [-1f,0f,0f,0f,0f,0.9996f,-0.0291f,1.3857f,0f,-0.0291f,-0.9996f,-0.0081f,0f,0f,0f,1f],start_interpolation: 0,interpolation_duration: 1}
$data merge entity $(bone_left_arm1) {transformation: [-0.9293f,0.3631f,0.0676f,0.25f,0.3259f,0.8923f,-0.3124f,1.3232f,-0.1738f,-0.2682f,-0.9476f,-0.0063f,0f,0f,0f,1f],start_interpolation: 0,interpolation_duration: 1}
$data merge entity $(bone_right_arm1) {transformation: [-0.9074f,-0.4118f,-0.0836f,-0.25f,-0.3636f,0.8692f,-0.3351f,1.3232f,0.2107f,-0.2737f,-0.9385f,-0.0063f,0f,0f,0f,1f],start_interpolation: 0,interpolation_duration: 1}
data modify entity @s data merge value {"cameras":{},"locators":{"mouse":{"posx":-3.1525885573377083e-17,"posy":1.3581023511631332,"posz":0.2574283915601351,"roty":0,"rotx":26.493333333333336},"left_arm":{"posx":0.058445671373172275,"posy":0.6894207215714583,"posz":0.18895601698439982,"roty":4.081684700402889,"rotx":-18.202070902232464},"right_arm":{"posx":-0.023617132493301052,"posy":0.7029503928933634,"posz":0.19503649443647253,"roty":354.91007276981054,"rotx":-19.581214870579135}}}