# This file was generated by Animated Java via MC-Build. It is not recommended to edit this file directly.
$data merge entity $(bone_eyes) {transformation: [-1f,0f,0f,-0.0156f,0f,0.8747f,0.4847f,1.5643f,0f,0.4847f,-0.8747f,0.3703f,0f,0f,0f,1f],start_interpolation: 0,interpolation_duration: 1}
$data merge entity $(bone_head) {transformation: [-1f,0f,0f,0f,0f,0.8747f,0.4847f,1.3854f,0f,0.4847f,-0.8747f,-0.0161f,0f,0f,0f,1f],start_interpolation: 0,interpolation_duration: 1}
$data merge entity $(bone_fabric_overray) {transformation: [-1f,0f,0f,0f,0f,0.9909f,0.1347f,1.3854f,0f,0.1347f,-0.9909f,-0.0161f,0f,0f,0f,1f],start_interpolation: 0,interpolation_duration: 1}
$data merge entity $(bone_fabric) {transformation: [-1f,0f,0f,0f,0f,0.9909f,0.1347f,1.3854f,0f,0.1347f,-0.9909f,-0.0161f,0f,0f,0f,1f],start_interpolation: 0,interpolation_duration: 1}
$data merge entity $(bone_bone_overray) {transformation: [-1f,0f,0f,0f,0f,0.9985f,-0.0545f,1.3854f,0f,-0.0545f,-0.9985f,-0.0161f,0f,0f,0f,1f],start_interpolation: 0,interpolation_duration: 1}
$data merge entity $(bone_bone) {transformation: [-1f,0f,0f,0f,0f,0.9985f,-0.0545f,1.3854f,0f,-0.0545f,-0.9985f,-0.0161f,0f,0f,0f,1f],start_interpolation: 0,interpolation_duration: 1}
$data merge entity $(bone_left_arm1) {transformation: [-0.911f,0.4079f,0.061f,0.25f,0.3583f,0.8559f,-0.3729f,1.323f,-0.2043f,-0.3178f,-0.9259f,-0.0127f,0f,0f,0f,1f],start_interpolation: 0,interpolation_duration: 1}
$data merge entity $(bone_right_arm1) {transformation: [-0.8837f,-0.462f,-0.0754f,-0.25f,-0.3978f,0.8262f,-0.399f,1.323f,0.2466f,-0.3226f,-0.9138f,-0.0127f,0f,0f,0f,1f],start_interpolation: 0,interpolation_duration: 1}
data modify entity @s data merge value {"cameras":{},"locators":{"mouse":{"posx":-3.037405519906631e-17,"posy":1.3462045572362735,"posz":0.2480229827915601,"roty":0,"rotx":28.994999999999997},"left_arm":{"posx":0.02648017738866168,"posy":0.7121575281354406,"posz":0.2186123999751198,"roty":3.7702910789011526,"rotx":-21.895093814754055},"right_arm":{"posx":0.01237504779652504,"posy":0.7301332015817165,"posz":0.22449807876379424,"roty":355.2807451639652,"rotx":-23.51478571855186}}}