# This file was generated by Animated Java via MC-Build. It is not recommended to edit this file directly.
$data merge entity $(bone_eyes) {transformation: [0f,0f,0f,-0.0156f,0f,0f,0f,1.4666f,0f,0f,0f,0.3814f,0f,0f,0f,1f],start_interpolation: 0,interpolation_duration: 1}
$data merge entity $(bone_head) {transformation: [-1f,0f,0f,0f,0f,0.763f,0.6464f,1.3667f,0f,0.6464f,-0.763f,-0.0325f,0f,0f,0f,1f],start_interpolation: 0,interpolation_duration: 1}
$data merge entity $(bone_fabric_overray) {transformation: [-1f,0f,0f,0f,0f,0.9512f,0.3086f,1.3667f,0f,0.3086f,-0.9512f,-0.0325f,0f,0f,0f,1f],start_interpolation: 0,interpolation_duration: 1}
$data merge entity $(bone_fabric) {transformation: [-1f,0f,0f,0f,0f,0.9512f,0.3086f,1.3667f,0f,0.3086f,-0.9512f,-0.0325f,0f,0f,0f,1f],start_interpolation: 0,interpolation_duration: 1}
$data merge entity $(bone_bone_overray) {transformation: [-1f,0f,0f,0f,0f,0.9568f,0.2908f,1.3667f,0f,0.2908f,-0.9568f,-0.0325f,0f,0f,0f,1f],start_interpolation: 0,interpolation_duration: 1}
$data merge entity $(bone_bone) {transformation: [-1f,0f,0f,0f,0f,0.9568f,0.2908f,1.3667f,0f,0.2908f,-0.9568f,-0.0325f,0f,0f,0f,1f],start_interpolation: 0,interpolation_duration: 1}
$data merge entity $(bone_left_arm1) {transformation: [-0.9724f,-0.2116f,-0.098f,0.25f,-0.2048f,0.9759f,-0.0749f,1.3046f,0.1115f,-0.0528f,-0.9924f,-0.0259f,0f,0f,0f,1f],start_interpolation: 0,interpolation_duration: 1}
$data merge entity $(bone_right_arm1) {transformation: [-0.9725f,0.2115f,0.0979f,-0.25f,0.2047f,0.976f,-0.0749f,1.3046f,-0.1114f,-0.0528f,-0.9924f,-0.0259f,0f,0f,0f,1f],start_interpolation: 0,interpolation_duration: 1}
data modify entity @s data merge value {"cameras":{},"locators":{"mouse":{"posx":-2.6802669299276298e-17,"posy":1.2766199610632147,"posz":0.2188604038155112,"roty":0,"rotx":40.274391285532076},"left_arm":{"posx":0.4562738712138413,"posy":0.6464065808176352,"posz":0.003405179335483177,"roty":354.3626785699727,"rotx":-4.296313341451868},"right_arm":{"posx":-0.4561784134869939,"posy":0.6463781998161692,"posz":0.003439490377080301,"roty":5.633252258862768,"rotx":-4.297029111013687}}}