# This file was generated by Animated Java via MC-Build. It is not recommended to edit this file directly.
$data merge entity $(bone_eyes) {transformation: [-1f,0f,0f,-0.0156f,0f,1f,0f,1.7249f,0f,0f,-1f,0.3065f,0f,0f,0f,1f],start_interpolation: 0,interpolation_duration: 1}
$data merge entity $(bone_fabric_overray) {transformation: [-1f,0f,0f,0f,0f,0.9542f,0.2992f,1.3811f,0f,0.2992f,-0.9542f,0.0552f,0f,0f,0f,1f],start_interpolation: 0,interpolation_duration: 1}
$data merge entity $(bone_fabric) {transformation: [-1f,0f,0f,0f,0f,0.9542f,0.2992f,1.3811f,0f,0.2992f,-0.9542f,0.0552f,0f,0f,0f,1f],start_interpolation: 0,interpolation_duration: 1}
$data merge entity $(bone_bone_overray) {transformation: [-1f,0f,0f,0f,0f,0.9959f,0.0904f,1.3811f,0f,0.0904f,-0.9959f,0.0552f,0f,0f,0f,1f],start_interpolation: 0,interpolation_duration: 1}
$data merge entity $(bone_bone) {transformation: [-1f,0f,0f,0f,0f,0.9959f,0.0904f,1.3811f,0f,0.0904f,-0.9959f,0.0552f,0f,0f,0f,1f],start_interpolation: 0,interpolation_duration: 1}
$data merge entity $(bone_left_arm1) {transformation: [-0.9985f,-0.0548f,0.0085f,0.25f,-0.0526f,0.9842f,0.1689f,1.3196f,-0.0176f,0.1682f,-0.9856f,0.0444f,0f,0f,0f,1f],start_interpolation: 0,interpolation_duration: 1}
$data merge entity $(bone_right_arm1) {transformation: [-0.9975f,0.0699f,-0.0024f,-0.25f,0.0685f,0.9826f,0.1725f,1.3196f,0.0144f,0.1719f,-0.985f,0.0444f,0f,0f,0f,1f],start_interpolation: 0,interpolation_duration: 1}
data modify entity @s data merge value {"cameras":{},"locators":{"left_arm":{"posx":0.3500556876868909,"posy":0.6461755932578639,"posz":-0.07014434453883393,"roty":0.4924486395880763,"rotx":9.721392911625834},"right_arm":{"posx":-0.3604226600866763,"posy":0.6482807389205583,"posz":-0.07294261970547981,"roty":359.8597649773525,"rotx":9.934618761086302}}}