# This file was generated by Animated Java via MC-Build. It is not recommended to edit this file directly.
$data merge entity $(bone_fabric_overray) {transformation: [-1f,0f,0f,0f,0f,0.9635f,0.2677f,1.3811f,0f,0.2677f,-0.9635f,0.0552f,0f,0f,0f,1f],start_interpolation: 0,interpolation_duration: 1}
$data merge entity $(bone_fabric) {transformation: [-1f,0f,0f,0f,0f,0.9635f,0.2677f,1.3811f,0f,0.2677f,-0.9635f,0.0552f,0f,0f,0f,1f],start_interpolation: 0,interpolation_duration: 1}
$data merge entity $(bone_bone_overray) {transformation: [-1f,0f,0f,0f,0f,0.9962f,0.0872f,1.3811f,0f,0.0872f,-0.9962f,0.0552f,0f,0f,0f,1f],start_interpolation: 0,interpolation_duration: 1}
$data merge entity $(bone_bone) {transformation: [-1f,0f,0f,0f,0f,0.9962f,0.0872f,1.3811f,0f,0.0872f,-0.9962f,0.0552f,0f,0f,0f,1f],start_interpolation: 0,interpolation_duration: 1}
$data merge entity $(bone_left_arm1) {transformation: [-0.9975f,-0.0697f,0.0071f,0.25f,-0.0675f,0.9832f,0.1696f,1.3196f,-0.0188f,0.1687f,-0.9855f,0.0444f,0f,0f,0f,1f],start_interpolation: 0,interpolation_duration: 1}
$data merge entity $(bone_right_arm1) {transformation: [-0.9962f,0.0872f,0f,-0.25f,0.0858f,0.9811f,0.1736f,1.3196f,0.0151f,0.173f,-0.9848f,0.0444f,0f,0f,0f,1f],start_interpolation: 0,interpolation_duration: 1}
data modify entity @s data merge value {"cameras":{},"locators":{"left_arm":{"posx":0.36026972200963625,"posy":0.6478210879002089,"posz":-0.07042828194426927,"roty":0.4111346814096919,"rotx":9.762687801908735},"right_arm":{"posx":-0.37218174176974905,"posy":0.6504404972999198,"posz":-0.07362137122619578,"roty":0,"rotx":10.000000000000002}}}