# This file was generated by Animated Java via MC-Build. It is not recommended to edit this file directly.
$data merge entity $(bone_fabric_overray) {transformation: [-1f,0f,0f,0f,0f,0.9711f,0.2385f,1.3811f,0f,0.2385f,-0.9711f,0.0552f,0f,0f,0f,1f],start_interpolation: 0,interpolation_duration: 1}
$data merge entity $(bone_fabric) {transformation: [-1f,0f,0f,0f,0f,0.9711f,0.2385f,1.3811f,0f,0.2385f,-0.9711f,0.0552f,0f,0f,0f,1f],start_interpolation: 0,interpolation_duration: 1}
$data merge entity $(bone_bone_overray) {transformation: [-1f,0f,0f,0f,0f,0.9957f,0.0926f,1.3811f,0f,0.0926f,-0.9957f,0.0552f,0f,0f,0f,1f],start_interpolation: 0,interpolation_duration: 1}
$data merge entity $(bone_bone) {transformation: [-1f,0f,0f,0f,0f,0.9957f,0.0926f,1.3811f,0f,0.0926f,-0.9957f,0.0552f,0f,0f,0f,1f],start_interpolation: 0,interpolation_duration: 1}
$data merge entity $(bone_left_arm1) {transformation: [-0.9978f,-0.0654f,0.0066f,0.25f,-0.0633f,0.9834f,0.1698f,1.3196f,-0.0176f,0.169f,-0.9855f,0.0444f,0f,0f,0f,1f],start_interpolation: 0,interpolation_duration: 1}
$data merge entity $(bone_right_arm1) {transformation: [-0.9967f,0.0817f,0f,-0.25f,0.0805f,0.9815f,0.1736f,1.3196f,0.0142f,0.1731f,-0.9848f,0.0444f,0f,0f,0f,1f],start_interpolation: 0,interpolation_duration: 1}
data modify entity @s data merge value {"cameras":{},"locators":{"left_arm":{"posx":0.35729883667047013,"posy":0.6473921319839292,"posz":-0.07073234350349955,"roty":0.3844670283032201,"rotx":9.775880862761383},"right_arm":{"posx":-0.3684741909237207,"posy":0.6497941789272489,"posz":-0.07373533459342527,"roty":0,"rotx":10.000000000000002}}}