# This file was generated by Animated Java via MC-Build. It is not recommended to edit this file directly.
$data merge entity $(bone_fabric_overray) {transformation: [-1f,0f,0f,0f,0f,0.9771f,0.2126f,1.3811f,0f,0.2126f,-0.9771f,0.0552f,0f,0f,0f,1f],start_interpolation: 0,interpolation_duration: 1}
$data merge entity $(bone_fabric) {transformation: [-1f,0f,0f,0f,0f,0.9771f,0.2126f,1.3811f,0f,0.2126f,-0.9771f,0.0552f,0f,0f,0f,1f],start_interpolation: 0,interpolation_duration: 1}
$data merge entity $(bone_bone_overray) {transformation: [-1f,0f,0f,0f,0f,0.9943f,0.1065f,1.3811f,0f,0.1065f,-0.9943f,0.0552f,0f,0f,0f,1f],start_interpolation: 0,interpolation_duration: 1}
$data merge entity $(bone_bone) {transformation: [-1f,0f,0f,0f,0f,0.9943f,0.1065f,1.3811f,0f,0.1065f,-0.9943f,0.0552f,0f,0f,0f,1f],start_interpolation: 0,interpolation_duration: 1}
$data merge entity $(bone_left_arm1) {transformation: [-0.9985f,-0.0542f,0.0054f,0.25f,-0.0525f,0.984f,0.1704f,1.3196f,-0.0146f,0.1699f,-0.9854f,0.0444f,0f,0f,0f,1f],start_interpolation: 0,interpolation_duration: 1}
$data merge entity $(bone_right_arm1) {transformation: [-0.9977f,0.0678f,0f,-0.25f,0.0668f,0.9825f,0.1736f,1.3196f,0.0118f,0.1732f,-0.9848f,0.0444f,0f,0f,0f,1f],start_interpolation: 0,interpolation_duration: 1}
data modify entity @s data merge value {"cameras":{},"locators":{"left_arm":{"posx":0.3496965764898292,"posy":0.6463540944126749,"posz":-0.07149913899700626,"roty":0.31687812430769213,"rotx":9.810604828140965},"right_arm":{"posx":-0.3589835870555875,"posy":0.6482330383838762,"posz":-0.07401060579189975,"roty":0,"rotx":10.000000000000004}}}