# This file was generated by Animated Java via MC-Build. It is not recommended to edit this file directly.
$data merge entity $(bone_fabric_overray) {transformation: [-1f,0f,0f,0f,0f,0.9817f,0.1907f,1.3811f,0f,0.1907f,-0.9817f,0.0552f,0f,0f,0f,1f],start_interpolation: 0,interpolation_duration: 1}
$data merge entity $(bone_fabric) {transformation: [-1f,0f,0f,0f,0f,0.9817f,0.1907f,1.3811f,0f,0.1907f,-0.9817f,0.0552f,0f,0f,0f,1f],start_interpolation: 0,interpolation_duration: 1}
$data merge entity $(bone_bone_overray) {transformation: [-1f,0f,0f,0f,0f,0.9921f,0.1251f,1.3811f,0f,0.1251f,-0.9921f,0.0552f,0f,0f,0f,1f],start_interpolation: 0,interpolation_duration: 1}
$data merge entity $(bone_bone) {transformation: [-1f,0f,0f,0f,0f,0.9921f,0.1251f,1.3811f,0f,0.1251f,-0.9921f,0.0552f,0f,0f,0f,1f],start_interpolation: 0,interpolation_duration: 1}
$data merge entity $(bone_left_arm1) {transformation: [-0.9992f,-0.0392f,0.0039f,0.25f,-0.038f,0.9845f,0.1712f,1.3196f,-0.0106f,0.171f,-0.9852f,0.0444f,0f,0f,0f,1f],start_interpolation: 0,interpolation_duration: 1}
$data merge entity $(bone_right_arm1) {transformation: [-0.9988f,0.0491f,0f,-0.25f,0.0483f,0.9836f,0.1736f,1.3196f,0.0085f,0.1734f,-0.9848f,0.0444f,0f,0f,0f,1f],start_interpolation: 0,interpolation_duration: 1}
data modify entity @s data merge value {"cameras":{},"locators":{"left_arm":{"posx":0.3394286907382491,"posy":0.6450875925186921,"posz":-0.0725092826696848,"roty":0.22709235611793588,"rotx":9.85968072308186},"right_arm":{"posx":-0.3461587421129232,"posy":0.6463353010893296,"posz":-0.07434522807922501,"roty":0,"rotx":10}}}