# This file was generated by Animated Java via MC-Build. It is not recommended to edit this file directly.
$data merge entity $(bone_fabric_overray) {transformation: [-1f,0f,0f,0f,0f,0.9848f,0.1736f,1.3811f,0f,0.1736f,-0.9848f,0.0552f,0f,0f,0f,1f],start_interpolation: 0,interpolation_duration: 1}
$data merge entity $(bone_fabric) {transformation: [-1f,0f,0f,0f,0f,0.9848f,0.1736f,1.3811f,0f,0.1736f,-0.9848f,0.0552f,0f,0f,0f,1f],start_interpolation: 0,interpolation_duration: 1}
$data merge entity $(bone_bone_overray) {transformation: [-1f,0f,0f,0f,0f,0.9894f,0.1449f,1.3811f,0f,0.1449f,-0.9894f,0.0552f,0f,0f,0f,1f],start_interpolation: 0,interpolation_duration: 1}
$data merge entity $(bone_bone) {transformation: [-1f,0f,0f,0f,0f,0.9894f,0.1449f,1.3811f,0f,0.1449f,-0.9894f,0.0552f,0f,0f,0f,1f],start_interpolation: 0,interpolation_duration: 1}
$data merge entity $(bone_left_arm1) {transformation: [-0.9997f,-0.0233f,0.0023f,0.25f,-0.0225f,0.9848f,0.1722f,1.3196f,-0.0063f,0.1721f,-0.9851f,0.0444f,0f,0f,0f,1f],start_interpolation: 0,interpolation_duration: 1}
$data merge entity $(bone_right_arm1) {transformation: [-0.9996f,0.0291f,0f,-0.25f,0.0286f,0.9844f,0.1736f,1.3196f,0.0051f,0.1736f,-0.9848f,0.0444f,0f,0f,0f,1f],start_interpolation: 0,interpolation_duration: 1}
data modify entity @s data merge value {"cameras":{},"locators":{"left_arm":{"posx":0.32847381770618744,"posy":0.6439070860678348,"posz":-0.07355504104345159,"roty":0.13322948055082406,"rotx":9.914757018689958},"right_arm":{"posx":-0.3324693035160266,"posy":0.6445762258951518,"posz":-0.07465540049705352,"roty":0,"rotx":10.000000000000002}}}