# This file was generated by Animated Java via MC-Build. It is not recommended to edit this file directly.
$data merge entity $(bone_bone_overray) {transformation: [-1f,0f,0f,0f,0f,0.9867f,0.1623f,1.3811f,0f,0.1623f,-0.9867f,0.0552f,0f,0f,0f,1f],start_interpolation: 0,interpolation_duration: 1}
$data merge entity $(bone_bone) {transformation: [-1f,0f,0f,0f,0f,0.9867f,0.1623f,1.3811f,0f,0.1623f,-0.9867f,0.0552f,0f,0f,0f,1f],start_interpolation: 0,interpolation_duration: 1}
$data merge entity $(bone_left_arm1) {transformation: [-1f,-0.0092f,0.0009f,0.25f,-0.0089f,0.9849f,0.1731f,1.3196f,-0.0025f,0.173f,-0.9849f,0.0444f,0f,0f,0f,1f],start_interpolation: 0,interpolation_duration: 1}
$data merge entity $(bone_right_arm1) {transformation: [-0.9999f,0.0115f,0f,-0.25f,0.0113f,0.9847f,0.1736f,1.3196f,0.002f,0.1736f,-0.9848f,0.0444f,0f,0f,0f,1f],start_interpolation: 0,interpolation_duration: 1}
data modify entity @s data merge value {"cameras":{},"locators":{"left_arm":{"posx":0.3188281111690482,"posy":0.6430127950040706,"posz":-0.07444881215200803,"roty":0.052258322774605404,"rotx":9.965537560112207},"right_arm":{"posx":-0.3204117803998837,"posy":0.6432531971730794,"posz":-0.07488868615700715,"roty":0,"rotx":10}}}