# This file was generated by Animated Java via MC-Build. It is not recommended to edit this file directly.
$data merge entity $(bone_eyes) {transformation: [0f,0f,0f,-0.0156f,0f,0f,0f,1.5184f,0f,0f,0f,0.3777f,0f,0f,0f,1f],start_interpolation: 0,interpolation_duration: 1}
$data merge entity $(bone_head) {transformation: [-1f,0f,0f,0f,0f,0.8346f,0.5509f,1.37f,0f,0.5509f,-0.8346f,-0.0214f,0f,0f,0f,1f],start_interpolation: 0,interpolation_duration: 1}
$data merge entity $(bone_fabric_overray) {transformation: [-1f,0f,0f,0f,0f,0.9468f,0.3219f,1.37f,0f,0.3219f,-0.9468f,-0.0214f,0f,0f,0f,1f],start_interpolation: 0,interpolation_duration: 1}
$data merge entity $(bone_fabric) {transformation: [-1f,0f,0f,0f,0f,0.9468f,0.3219f,1.37f,0f,0.3219f,-0.9468f,-0.0214f,0f,0f,0f,1f],start_interpolation: 0,interpolation_duration: 1}
$data merge entity $(bone_bone_overray) {transformation: [-1f,0f,0f,0f,0f,0.9608f,0.2772f,1.37f,0f,0.2772f,-0.9608f,-0.0214f,0f,0f,0f,1f],start_interpolation: 0,interpolation_duration: 1}
$data merge entity $(bone_bone) {transformation: [-1f,0f,0f,0f,0f,0.9608f,0.2772f,1.37f,0f,0.2772f,-0.9608f,-0.0214f,0f,0f,0f,1f],start_interpolation: 0,interpolation_duration: 1}
$data merge entity $(bone_left_arm1) {transformation: [-0.9807f,-0.1776f,-0.0817f,0.25f,-0.1748f,0.9838f,-0.0406f,1.3076f,0.0876f,-0.0255f,-0.9958f,-0.0171f,0f,0f,0f,1f],start_interpolation: 0,interpolation_duration: 1}
$data merge entity $(bone_right_arm1) {transformation: [-0.9808f,0.1771f,0.0815f,-0.25f,0.1743f,0.9839f,-0.0406f,1.3076f,-0.0873f,-0.0256f,-0.9958f,-0.0171f,0f,0f,0f,1f],start_interpolation: 0,interpolation_duration: 1}
data modify entity @s data merge value {"cameras":{},"locators":{"mouse":{"posx":-2.92610229542603e-17,"posy":1.310466122361768,"posz":0.23893438479268442,"roty":0,"rotx":33.43078079446063},"left_arm":{"posx":0.4334028835483429,"posy":0.6421896903897112,"posz":-0.004998125990556242,"roty":355.3107594241692,"rotx":-2.3242407714690896},"right_arm":{"posx":-0.4330783930894115,"posy":0.6421023481608344,"posz":-0.004887724196638299,"roty":4.6759340948941315,"rotx":-2.3274909364838265}}}