# This file was generated by Animated Java via MC-Build. It is not recommended to edit this file directly.
$data merge entity $(bone_eyes) {transformation: [0f,0f,0f,-0.0156f,0f,0f,0f,1.5763f,0f,0f,0f,0.3664f,0f,0f,0f,1f],start_interpolation: 0,interpolation_duration: 1}
$data merge entity $(bone_head) {transformation: [-1f,0f,0f,0f,0f,0.9037f,0.4283f,1.3733f,0f,0.4283f,-0.9037f,-0.0079f,0f,0f,0f,1f],start_interpolation: 0,interpolation_duration: 1}
$data merge entity $(bone_fabric_overray) {transformation: [-1f,0f,0f,0f,0f,0.9412f,0.3379f,1.3733f,0f,0.3379f,-0.9412f,-0.0079f,0f,0f,0f,1f],start_interpolation: 0,interpolation_duration: 1}
$data merge entity $(bone_fabric) {transformation: [-1f,0f,0f,0f,0f,0.9412f,0.3379f,1.3733f,0f,0.3379f,-0.9412f,-0.0079f,0f,0f,0f,1f],start_interpolation: 0,interpolation_duration: 1}
$data merge entity $(bone_bone_overray) {transformation: [-1f,0f,0f,0f,0f,0.9653f,0.261f,1.3733f,0f,0.261f,-0.9653f,-0.0079f,0f,0f,0f,1f],start_interpolation: 0,interpolation_duration: 1}
$data merge entity $(bone_bone) {transformation: [-1f,0f,0f,0f,0f,0.9653f,0.261f,1.3733f,0f,0.261f,-0.9653f,-0.0079f,0f,0f,0f,1f],start_interpolation: 0,interpolation_duration: 1}
$data merge entity $(bone_left_arm1) {transformation: [-0.9886f,-0.1368f,-0.0627f,0.25f,-0.137f,0.9906f,-0.0007f,1.3108f,0.0622f,0.0079f,-0.998f,-0.0063f,0f,0f,0f,1f],start_interpolation: 0,interpolation_duration: 1}
$data merge entity $(bone_right_arm1) {transformation: [-0.9888f,0.1359f,0.0623f,-0.25f,0.1361f,0.9907f,-0.0008f,1.3108f,-0.0619f,0.0077f,-0.9981f,-0.0063f,0f,0f,0f,1f],start_interpolation: 0,interpolation_duration: 1}
data modify entity @s data merge value {"cameras":{},"locators":{"mouse":{"posx":-3.161725288668663e-17,"posy":1.3509699431717324,"posz":0.2581744622914933,"roty":0,"rotx":25.357384862427104},"left_arm":{"posx":0.4058409431167208,"posy":0.6383883886013592,"posz":-0.01565486393136472,"roty":356.4031319241601,"rotx":-0.03811696183279992},"right_arm":{"posx":-0.405244412139213,"posy":0.6382477846176714,"posz":-0.015463233537828823,"roty":3.573537007419503,"rotx":-0.04581867811244855}}}