# This file was generated by Animated Java via MC-Build. It is not recommended to edit this file directly.
$data merge entity $(bone_eyes) {transformation: [0f,0f,0f,-0.0156f,0f,0f,0f,1.6319f,0f,0f,0f,0.3473f,0f,0f,0f,1f],start_interpolation: 0,interpolation_duration: 1}
$data merge entity $(bone_head) {transformation: [-1f,0f,0f,0f,0f,0.9566f,0.2914f,1.3763f,0f,0.2914f,-0.9566f,0.0068f,0f,0f,0f,1f],start_interpolation: 0,interpolation_duration: 1}
$data merge entity $(bone_fabric_overray) {transformation: [-1f,0f,0f,0f,0f,0.9353f,0.3539f,1.3763f,0f,0.3539f,-0.9353f,0.0068f,0f,0f,0f,1f],start_interpolation: 0,interpolation_duration: 1}
$data merge entity $(bone_fabric) {transformation: [-1f,0f,0f,0f,0f,0.9353f,0.3539f,1.3763f,0f,0.3539f,-0.9353f,0.0068f,0f,0f,0f,1f],start_interpolation: 0,interpolation_duration: 1}
$data merge entity $(bone_bone_overray) {transformation: [-1f,0f,0f,0f,0f,0.97f,0.243f,1.3763f,0f,0.243f,-0.97f,0.0068f,0f,0f,0f,1f],start_interpolation: 0,interpolation_duration: 1}
$data merge entity $(bone_bone) {transformation: [-1f,0f,0f,0f,0f,0.97f,0.243f,1.3763f,0f,0.243f,-0.97f,0.0068f,0f,0f,0f,1f],start_interpolation: 0,interpolation_duration: 1}
$data merge entity $(bone_left_arm1) {transformation: [-0.9947f,-0.0938f,-0.0432f,0.25f,-0.0955f,0.9946f,0.041f,1.3138f,0.0392f,0.0449f,-0.9982f,0.0055f,0f,0f,0f,1f],start_interpolation: 0,interpolation_duration: 1}
$data merge entity $(bone_right_arm1) {transformation: [-0.9948f,0.0926f,0.0427f,-0.25f,0.0943f,0.9947f,0.0408f,1.3138f,-0.0387f,0.0446f,-0.9983f,0.0055f,0f,0f,0f,1f],start_interpolation: 0,interpolation_duration: 1}
data modify entity @s data merge value {"cameras":{},"locators":{"mouse":{"posx":-3.3469754238083655e-17,"posy":1.3931175088362622,"posz":0.2733012837773846,"roty":0,"rotx":16.942419825072882},"left_arm":{"posx":0.3766209516841958,"posy":0.6359996905406118,"posz":-0.027863641504573523,"roty":357.5191700438502,"rotx":2.3503620877400766},"right_arm":{"posx":-0.3758097962372903,"posy":0.6358365233554211,"posz":-0.027615859366918155,"roty":2.4507150153079635,"rotx":2.3375106402683197}}}