# This file was generated by Animated Java via MC-Build. It is not recommended to edit this file directly.
$data merge entity $(bone_eyes) {transformation: [0f,0f,0f,-0.0156f,0f,0f,0f,1.6784f,0f,0f,0f,0.324f,0f,0f,0f,1f],start_interpolation: 0,interpolation_duration: 1}
$data merge entity $(bone_head) {transformation: [-1f,0f,0f,0f,0f,0.9875f,0.1577f,1.3786f,0f,0.1577f,-0.9875f,0.0217f,0f,0f,0f,1f],start_interpolation: 0,interpolation_duration: 1}
$data merge entity $(bone_fabric_overray) {transformation: [-1f,0f,0f,0f,0f,0.9301f,0.3672f,1.3786f,0f,0.3672f,-0.9301f,0.0217f,0f,0f,0f,1f],start_interpolation: 0,interpolation_duration: 1}
$data merge entity $(bone_fabric) {transformation: [-1f,0f,0f,0f,0f,0.9301f,0.3672f,1.3786f,0f,0.3672f,-0.9301f,0.0217f,0f,0f,0f,1f],start_interpolation: 0,interpolation_duration: 1}
$data merge entity $(bone_bone_overray) {transformation: [-1f,0f,0f,0f,0f,0.9745f,0.2243f,1.3786f,0f,0.2243f,-0.9745f,0.0217f,0f,0f,0f,1f],start_interpolation: 0,interpolation_duration: 1}
$data merge entity $(bone_bone) {transformation: [-1f,0f,0f,0f,0f,0.9745f,0.2243f,1.3786f,0f,0.2243f,-0.9745f,0.0217f,0f,0f,0f,1f],start_interpolation: 0,interpolation_duration: 1}
$data merge entity $(bone_left_arm1) {transformation: [-0.9983f,-0.0533f,-0.0252f,0.25f,-0.0552f,0.9952f,0.0813f,1.3162f,0.0207f,0.0826f,-0.9964f,0.0174f,0f,0f,0f,1f],start_interpolation: 0,interpolation_duration: 1}
$data merge entity $(bone_right_arm1) {transformation: [-0.9983f,0.052f,0.0247f,-0.25f,0.0539f,0.9953f,0.081f,1.3162f,-0.0203f,0.0822f,-0.9964f,0.0174f,0f,0f,0f,1f],start_interpolation: 0,interpolation_duration: 1}
data modify entity @s data merge value {"cameras":{},"locators":{"mouse":{"posx":-3.469830517305507e-17,"posy":1.4317119817490453,"posz":0.28333316346568976,"roty":0,"rotx":9.074102018039355},"left_arm":{"posx":0.34901228376178983,"posy":0.6354859454049596,"posz":-0.04069441584653026,"roty":358.5511380172294,"rotx":4.664660734924147},"right_arm":{"posx":-0.34815346481875875,"posy":0.6353400787965651,"posz":-0.04044171936914866,"roty":1.4185984716310713,"rotx":4.648759917721667}}}