# This file was generated by Animated Java via MC-Build. It is not recommended to edit this file directly.
$data merge entity $(bone_eyes) {transformation: [0f,0f,0f,-0.0156f,0f,0f,0f,1.7119f,0f,0f,0f,0.3023f,0f,0f,0f,1f],start_interpolation: 0,interpolation_duration: 1}
$data merge entity $(bone_head) {transformation: [-1f,0f,0f,0f,0f,0.9989f,0.0461f,1.38f,0f,0.0461f,-0.9989f,0.0355f,0f,0f,0f,1f],start_interpolation: 0,interpolation_duration: 1}
$data merge entity $(bone_fabric_overray) {transformation: [-1f,0f,0f,0f,0f,0.9269f,0.3753f,1.38f,0f,0.3753f,-0.9269f,0.0355f,0f,0f,0f,1f],start_interpolation: 0,interpolation_duration: 1}
$data merge entity $(bone_fabric) {transformation: [-1f,0f,0f,0f,0f,0.9269f,0.3753f,1.38f,0f,0.3753f,-0.9269f,0.0355f,0f,0f,0f,1f],start_interpolation: 0,interpolation_duration: 1}
$data merge entity $(bone_bone_overray) {transformation: [-1f,0f,0f,0f,0f,0.9786f,0.2058f,1.38f,0f,0.2058f,-0.9786f,0.0355f,0f,0f,0f,1f],start_interpolation: 0,interpolation_duration: 1}
$data merge entity $(bone_bone) {transformation: [-1f,0f,0f,0f,0f,0.9786f,0.2058f,1.38f,0f,0.2058f,-0.9786f,0.0355f,0f,0f,0f,1f],start_interpolation: 0,interpolation_duration: 1}
$data merge entity $(bone_left_arm1) {transformation: [-0.9997f,-0.0203f,-0.0103f,0.25f,-0.0214f,0.9928f,0.1178f,1.3179f,0.0078f,0.118f,-0.993f,0.0285f,0f,0f,0f,1f],start_interpolation: 0,interpolation_duration: 1}
$data merge entity $(bone_right_arm1) {transformation: [-0.9998f,0.0194f,0.0099f,-0.25f,0.0205f,0.9929f,0.1175f,1.3179f,-0.0076f,0.1177f,-0.993f,0.0285f,0f,0f,0f,1f],start_interpolation: 0,interpolation_duration: 1}
data modify entity @s data merge value {"cameras":{},"locators":{"mouse":{"posx":-3.5457005299145026e-17,"posy":1.462173284647509,"posz":0.28952842014392705,"roty":0,"rotx":2.6406477769679215},"left_arm":{"posx":0.3264619599138108,"posy":0.6367166516338846,"posz":-0.05312897310353665,"roty":359.4054598231024,"rotx":6.763462924209402},"right_arm":{"posx":-0.32583618442228546,"posy":0.636625203046458,"posz":-0.05294923231699638,"roty":0.5734764725878279,"rotx":6.750533801989283}}}