# This file was generated by Animated Java via MC-Build. It is not recommended to edit this file directly.
$data merge entity $(bone_eyes) {transformation: [0f,0f,0f,-0.0156f,0f,0f,0f,1.7309f,0f,0f,0f,0.2894f,0f,0f,0f,1f],start_interpolation: 0,interpolation_duration: 1}
$data merge entity $(bone_head) {transformation: [-1f,0f,0f,0f,0f,0.9997f,-0.0256f,1.3808f,0f,-0.0256f,-0.9997f,0.047f,0f,0f,0f,1f],start_interpolation: 0,interpolation_duration: 1}
$data merge entity $(bone_fabric_overray) {transformation: [-1f,0f,0f,0f,0f,0.9267f,0.3758f,1.3808f,0f,0.3758f,-0.9267f,0.047f,0f,0f,0f,1f],start_interpolation: 0,interpolation_duration: 1}
$data merge entity $(bone_fabric) {transformation: [-1f,0f,0f,0f,0f,0.9267f,0.3758f,1.3808f,0f,0.3758f,-0.9267f,0.047f,0f,0f,0f,1f],start_interpolation: 0,interpolation_duration: 1}
$data merge entity $(bone_bone_overray) {transformation: [-1f,0f,0f,0f,0f,0.9821f,0.1886f,1.3808f,0f,0.1886f,-0.9821f,0.047f,0f,0f,0f,1f],start_interpolation: 0,interpolation_duration: 1}
$data merge entity $(bone_bone) {transformation: [-1f,0f,0f,0f,0f,0.9821f,0.1886f,1.3808f,0f,0.1886f,-0.9821f,0.047f,0f,0f,0f,1f],start_interpolation: 0,interpolation_duration: 1}
$data merge entity $(bone_left_arm1) {transformation: [-1f,0f,0f,0.25f,0f,0.9889f,0.1483f,1.319f,0f,0.1483f,-0.9889f,0.0378f,0f,0f,0f,1f],start_interpolation: 0,interpolation_duration: 1}
$data merge entity $(bone_right_arm1) {transformation: [-1f,0f,0f,-0.25f,0f,0.9889f,0.1483f,1.319f,0f,0.1483f,-0.9889f,0.0378f,0f,0f,0f,1f],start_interpolation: 0,interpolation_duration: 1}
data modify entity @s data merge value {"cameras":{},"locators":{"mouse":{"posx":-3.6072990199210734e-17,"posy":1.480945102282232,"posz":0.29455831856439063,"roty":0,"rotx":-1.4697265625000053},"left_arm":{"posx":0.3125,"posy":0.6391105355229475,"posz":-0.06420383328784754,"roty":0,"rotx":8.530273437499998},"right_arm":{"posx":-0.3125,"posy":0.6391105355229475,"posz":-0.06420383328784762,"roty":0,"rotx":8.530273437499998}}}