# This file was generated by Animated Java via MC-Build. It is not recommended to edit this file directly.
$data merge entity $(bone_eyes) {transformation: [0f,0f,0f,-0.0156f,0f,0f,0f,1.7249f,0f,0f,0f,0.3065f,0f,0f,0f,1f],start_interpolation: 0,interpolation_duration: 1}
$data merge entity $(bone_head) {transformation: [-1f,0f,0f,0f,0f,1f,0f,1.3811f,0f,0f,-1f,0.0552f,0f,0f,0f,1f],start_interpolation: 0,interpolation_duration: 1}
$data merge entity $(bone_fabric_overray) {transformation: [-1f,0f,0f,0f,0f,0.9307f,0.3658f,1.3811f,0f,0.3658f,-0.9307f,0.0552f,0f,0f,0f,1f],start_interpolation: 0,interpolation_duration: 1}
$data merge entity $(bone_fabric) {transformation: [-1f,0f,0f,0f,0f,0.9307f,0.3658f,1.3811f,0f,0.3658f,-0.9307f,0.0552f,0f,0f,0f,1f],start_interpolation: 0,interpolation_duration: 1}
$data merge entity $(bone_bone_overray) {transformation: [-1f,0f,0f,0f,0f,0.9848f,0.1736f,1.3811f,0f,0.1736f,-0.9848f,0.0552f,0f,0f,0f,1f],start_interpolation: 0,interpolation_duration: 1}
$data merge entity $(bone_bone) {transformation: [-1f,0f,0f,0f,0f,0.9848f,0.1736f,1.3811f,0f,0.1736f,-0.9848f,0.0552f,0f,0f,0f,1f],start_interpolation: 0,interpolation_duration: 1}
$data merge entity $(bone_left_arm1) {transformation: [-1f,0.0013f,0.0085f,0.25f,0.0027f,0.9857f,0.1687f,1.3196f,-0.0082f,0.1688f,-0.9856f,0.0444f,0f,0f,0f,1f],start_interpolation: 0,interpolation_duration: 1}
$data merge entity $(bone_right_arm1) {transformation: [-1f,0.0027f,-0.007f,-0.25f,0.0015f,0.9855f,0.1698f,1.3196f,0.0073f,0.1698f,-0.9855f,0.0444f,0f,0f,0f,1f],start_interpolation: 0,interpolation_duration: 1}
data modify entity @s data merge value {"cameras":{},"locators":{"mouse":{"posx":-3.737800473764221e-17,"posy":1.474855433920498,"posz":0.3052145709576527,"roty":0,"rotx":0},"left_arm":{"posx":0.3116092485868461,"posy":0.6417464113648694,"posz":-0.07114768788547078,"roty":0.4942274244521343,"rotx":9.714490903083831},"right_arm":{"posx":-0.314341386009504,"posy":0.642130361724215,"posz":-0.07190801534403655,"roty":359.5938259330511,"rotx":9.776281787699117}}}