# This file was generated by Animated Java via MC-Build. It is not recommended to edit this file directly.
$data merge entity $(bone_fabric_overray) {transformation: [-1f,0f,0f,0f,0f,0.9432f,0.3322f,1.3811f,0f,0.3322f,-0.9432f,0.0552f,0f,0f,0f,1f],start_interpolation: 0,interpolation_duration: 1}
$data merge entity $(bone_fabric) {transformation: [-1f,0f,0f,0f,0f,0.9432f,0.3322f,1.3811f,0f,0.3322f,-0.9432f,0.0552f,0f,0f,0f,1f],start_interpolation: 0,interpolation_duration: 1}
$data merge entity $(bone_bone_overray) {transformation: [-1f,0f,0f,0f,0f,0.9936f,0.1129f,1.3811f,0f,0.1129f,-0.9936f,0.0552f,0f,0f,0f,1f],start_interpolation: 0,interpolation_duration: 1}
$data merge entity $(bone_bone) {transformation: [-1f,0f,0f,0f,0f,0.9936f,0.1129f,1.3811f,0f,0.1129f,-0.9936f,0.0552f,0f,0f,0f,1f],start_interpolation: 0,interpolation_duration: 1}
$data merge entity $(bone_left_arm1) {transformation: [-0.9997f,-0.024f,0.0101f,0.25f,-0.022f,0.9856f,0.1679f,1.3196f,-0.014f,0.1676f,-0.9858f,0.0444f,0f,0f,0f,1f],start_interpolation: 0,interpolation_duration: 1}
$data merge entity $(bone_right_arm1) {transformation: [-0.9994f,0.0339f,-0.0063f,-0.25f,0.0323f,0.9848f,0.1704f,1.3196f,0.012f,0.1701f,-0.9854f,0.0444f,0f,0f,0f,1f],start_interpolation: 0,interpolation_duration: 1}
data modify entity @s data merge value {"cameras":{},"locators":{"left_arm":{"posx":0.328998713276593,"posy":0.6433555945033618,"posz":-0.06998937278744954,"roty":0.5899186180435834,"rotx":9.664872259107897},"right_arm":{"posx":-0.3357635675656223,"posy":0.644496877386293,"posz":-0.07184390449864746,"roty":359.63280131409255,"rotx":9.812357221460678}}}