# This file was generated by Animated Java via MC-Build. It is not recommended to edit this file directly.
$data merge entity $(bone_eyes) {transformation: [-1f,0f,0f,-0.0156f,0f,0.9981f,0.061f,1.6839f,0f,0.061f,-0.9981f,0.327f,0f,0f,0f,1f],start_interpolation: 0,interpolation_duration: 1}
$data merge entity $(bone_head) {transformation: [-1f,0f,0f,0f,0f,0.9981f,0.061f,1.3561f,0f,0.061f,-0.9981f,0.0552f,0f,0f,0f,1f],start_interpolation: 0,interpolation_duration: 1}
$data merge entity $(bone_fabric_overray) {transformation: [-1f,0f,0f,0f,0f,0.9799f,0.1994f,1.3561f,0f,0.1994f,-0.9799f,0.0552f,0f,0f,0f,1f],start_interpolation: 0,interpolation_duration: 1}
$data merge entity $(bone_fabric) {transformation: [-1f,0f,0f,0f,0f,0.9799f,0.1994f,1.3561f,0f,0.1994f,-0.9799f,0.0552f,0f,0f,0f,1f],start_interpolation: 0,interpolation_duration: 1}
$data merge entity $(bone_bone_overray) {transformation: [-1f,0f,0f,0f,0f,0.9822f,0.188f,1.3561f,0f,0.188f,-0.9822f,0.0552f,0f,0f,0f,1f],start_interpolation: 0,interpolation_duration: 1}
$data merge entity $(bone_bone) {transformation: [-1f,0f,0f,0f,0f,0.9822f,0.188f,1.3561f,0f,0.188f,-0.9822f,0.0552f,0f,0f,0f,1f],start_interpolation: 0,interpolation_duration: 1}
$data merge entity $(bone_left_arm1) {transformation: [-1f,0f,0f,0.25f,0f,0.9872f,0.1593f,1.2946f,0f,0.1593f,-0.9872f,0.0444f,0f,0f,0f,1f],start_interpolation: 0,interpolation_duration: 1}
$data merge entity $(bone_right_arm1) {transformation: [-1f,0f,0f,-0.25f,0f,0.9872f,0.1593f,1.2946f,0f,0.1593f,-0.9872f,0.0444f,0f,0f,0f,1f],start_interpolation: 0,interpolation_duration: 1}
data modify entity @s data merge value {"cameras":{},"locators":{"mouse":{"posx":-3.802180158283767e-17,"posy":1.434418436388834,"posz":0.3104715711445123,"roty":0,"rotx":3.5},"left_arm":{"posx":0.3125,"posy":0.6158349340890407,"posz":-0.06516191194295214,"roty":0,"rotx":9.166666666666668},"right_arm":{"posx":-0.3125,"posy":0.6158349340890407,"posz":-0.06516191194295222,"roty":0,"rotx":9.166666666666668}}}