# This file was generated by Animated Java via MC-Build. It is not recommended to edit this file directly.
$data merge entity $(bone_eyes) {transformation: [-1f,0f,0f,-0.0156f,0f,0.8192f,0.5736f,1.2686f,0f,0.5736f,-0.8192f,0.4582f,0f,0f,0f,1f],start_interpolation: 0,interpolation_duration: 1}
$data merge entity $(bone_head) {transformation: [-1f,0f,0f,0f,0f,0.8192f,0.5736f,1.1311f,0f,0.5736f,-0.8192f,0.0552f,0f,0f,0f,1f],start_interpolation: 0,interpolation_duration: 1}
$data merge entity $(bone_fabric_overray) {transformation: [-1f,0f,0f,0f,0f,0.9063f,0.4226f,1.1311f,0f,0.4226f,-0.9063f,0.0552f,0f,0f,0f,1f],start_interpolation: 0,interpolation_duration: 1}
$data merge entity $(bone_fabric) {transformation: [-1f,0f,0f,0f,0f,0.9063f,0.4226f,1.1311f,0f,0.4226f,-0.9063f,0.0552f,0f,0f,0f,1f],start_interpolation: 0,interpolation_duration: 1}
$data merge entity $(bone_bone_overray) {transformation: [-1f,0f,0f,0f,0f,0.9492f,0.3145f,1.1311f,0f,0.3145f,-0.9492f,0.0552f,0f,0f,0f,1f],start_interpolation: 0,interpolation_duration: 1}
$data merge entity $(bone_bone) {transformation: [-1f,0f,0f,0f,0f,0.9492f,0.3145f,1.1311f,0f,0.3145f,-0.9492f,0.0552f,0f,0f,0f,1f],start_interpolation: 0,interpolation_duration: 1}
$data merge entity $(bone_left_arm1) {transformation: [-1f,0f,0f,0.25f,0f,0.9996f,0.0291f,1.0696f,0f,0.0291f,-0.9996f,0.0444f,0f,0f,0f,1f],start_interpolation: 0,interpolation_duration: 1}
$data merge entity $(bone_right_arm1) {transformation: [-1f,0f,0f,-0.25f,0f,0.9996f,0.0291f,1.0696f,0f,0.0291f,-0.9996f,0.0444f,0f,0f,0f,1f],start_interpolation: 0,interpolation_duration: 1}
data modify entity @s data merge value {"cameras":{},"locators":{"mouse":{"posx":-3.842640061195575e-17,"posy":1.0645068289848294,"posz":0.3137753729378112,"roty":0,"rotx":35.00000000000001},"left_arm":{"posx":0.3125,"posy":0.3823457961757223,"posz":0.024365815717580556,"roty":0,"rotx":1.6666666666666643},"right_arm":{"posx":-0.3125,"posy":0.3823457961757223,"posz":0.024365815717580487,"roty":0,"rotx":1.6666666666666643}}}