# This file was generated by Animated Java via MC-Build. It is not recommended to edit this file directly.
$data merge entity $(bone_eyes) {transformation: [-1f,0f,0f,-0.0156f,0f,0.7826f,0.6225f,1.2125f,0f,0.6225f,-0.7826f,0.4658f,0f,0f,0f,1f],start_interpolation: 0,interpolation_duration: 1}
$data merge entity $(bone_head) {transformation: [-1f,0f,0f,0f,0f,0.7826f,0.6225f,1.0999f,0f,0.6225f,-0.7826f,0.0552f,0f,0f,0f,1f],start_interpolation: 0,interpolation_duration: 1}
$data merge entity $(bone_fabric_overray) {transformation: [-1f,0f,0f,0f,0f,0.887f,0.4617f,1.0999f,0f,0.4617f,-0.887f,0.0552f,0f,0f,0f,1f],start_interpolation: 0,interpolation_duration: 1}
$data merge entity $(bone_fabric) {transformation: [-1f,0f,0f,0f,0f,0.887f,0.4617f,1.0999f,0f,0.4617f,-0.887f,0.0552f,0f,0f,0f,1f],start_interpolation: 0,interpolation_duration: 1}
$data merge entity $(bone_bone_overray) {transformation: [-1f,0f,0f,0f,0f,0.9446f,0.3283f,1.0999f,0f,0.3283f,-0.9446f,0.0552f,0f,0f,0f,1f],start_interpolation: 0,interpolation_duration: 1}
$data merge entity $(bone_bone) {transformation: [-1f,0f,0f,0f,0f,0.9446f,0.3283f,1.0999f,0f,0.3283f,-0.9446f,0.0552f,0f,0f,0f,1f],start_interpolation: 0,interpolation_duration: 1}
$data merge entity $(bone_left_arm1) {transformation: [-1f,0f,0f,0.25f,0f,0.9999f,0.0145f,1.0383f,0f,0.0145f,-0.9999f,0.0444f,0f,0f,0f,1f],start_interpolation: 0,interpolation_duration: 1}
$data merge entity $(bone_right_arm1) {transformation: [-1f,0f,0f,-0.25f,0f,0.9999f,0.0145f,1.0383f,0f,0.0145f,-0.9999f,0.0444f,0f,0f,0f,1f],start_interpolation: 0,interpolation_duration: 1}
data modify entity @s data merge value {"cameras":{},"locators":{"mouse":{"posx":-3.786942933942483e-17,"posy":1.0175962894660069,"posz":0.3092273573555331,"roty":0,"rotx":38.5},"left_arm":{"posx":0.3125,"posy":0.35087766490734873,"posz":0.03436263021800655,"roty":0,"rotx":0.8333333333333331},"right_arm":{"posx":-0.3125,"posy":0.35087766490734873,"posz":0.03436263021800648,"roty":0,"rotx":0.8333333333333331}}}