# This file was generated by Animated Java via MC-Build. It is not recommended to edit this file directly.
$data merge entity $(bone_eyes) {transformation: [-1f,0f,0f,-0.0156f,0f,0.7009f,0.7133f,1.1095f,0f,0.7133f,-0.7009f,0.4765f,0f,0f,0f,1f],start_interpolation: 0,interpolation_duration: 1}
$data merge entity $(bone_head) {transformation: [-1f,0f,0f,0f,0f,0.7009f,0.7133f,1.0478f,0f,0.7133f,-0.7009f,0.0552f,0f,0f,0f,1f],start_interpolation: 0,interpolation_duration: 1}
$data merge entity $(bone_fabric_overray) {transformation: [-1f,0f,0f,0f,0f,0.866f,0.5f,1.0478f,0f,0.5f,-0.866f,0.0552f,0f,0f,0f,1f],start_interpolation: 0,interpolation_duration: 1}
$data merge entity $(bone_fabric) {transformation: [-1f,0f,0f,0f,0f,0.866f,0.5f,1.0478f,0f,0.5f,-0.866f,0.0552f,0f,0f,0f,1f],start_interpolation: 0,interpolation_duration: 1}
$data merge entity $(bone_bone_overray) {transformation: [-1f,0f,0f,0f,0f,0.9346f,0.3557f,1.0478f,0f,0.3557f,-0.9346f,0.0552f,0f,0f,0f,1f],start_interpolation: 0,interpolation_duration: 1}
$data merge entity $(bone_bone) {transformation: [-1f,0f,0f,0f,0f,0.9346f,0.3557f,1.0478f,0f,0.3557f,-0.9346f,0.0552f,0f,0f,0f,1f],start_interpolation: 0,interpolation_duration: 1}
$data merge entity $(bone_left_arm1) {transformation: [-1f,0f,0f,0.25f,0f,0.999f,-0.0436f,0.9862f,0f,-0.0436f,-0.999f,0.0444f,0f,0f,0f,1f],start_interpolation: 0,interpolation_duration: 1}
$data merge entity $(bone_right_arm1) {transformation: [-1f,0f,0f,-0.25f,0f,0.999f,-0.0436f,0.9862f,0f,-0.0436f,-0.999f,0.0444f,0f,0f,0f,1f],start_interpolation: 0,interpolation_duration: 1}
data modify entity @s data merge value {"cameras":{},"locators":{"mouse":{"posx":-3.640986580515073e-17,"posy":0.9351697318267305,"posz":0.29730911664081994,"roty":0,"rotx":45.5},"left_arm":{"posx":0.3125,"posy":0.29937596368637465,"posz":0.07434988866713817,"roty":0,"rotx":-2.500000000000005},"right_arm":{"posx":-0.3125,"posy":0.29937596368637465,"posz":0.0743498886671381,"roty":0,"rotx":-2.500000000000005}}}