# This file was generated by Animated Java via MC-Build. It is not recommended to edit this file directly.
$data merge entity $(bone_eyes) {transformation: [-1f,0f,0f,-0.0156f,0f,0.6561f,0.7547f,1.0628f,0f,0.7547f,-0.6561f,0.4795f,0f,0f,0f,1f],start_interpolation: 0,interpolation_duration: 1}
$data merge entity $(bone_head) {transformation: [-1f,0f,0f,0f,0f,0.6561f,0.7547f,1.0269f,0f,0.7547f,-0.6561f,0.0552f,0f,0f,0f,1f],start_interpolation: 0,interpolation_duration: 1}
$data merge entity $(bone_fabric_overray) {transformation: [-1f,0f,0f,0f,0f,0.866f,0.5f,1.0269f,0f,0.5f,-0.866f,0.0552f,0f,0f,0f,1f],start_interpolation: 0,interpolation_duration: 1}
$data merge entity $(bone_fabric) {transformation: [-1f,0f,0f,0f,0f,0.866f,0.5f,1.0269f,0f,0.5f,-0.866f,0.0552f,0f,0f,0f,1f],start_interpolation: 0,interpolation_duration: 1}
$data merge entity $(bone_bone_overray) {transformation: [-1f,0f,0f,0f,0f,0.9293f,0.3692f,1.0269f,0f,0.3692f,-0.9293f,0.0552f,0f,0f,0f,1f],start_interpolation: 0,interpolation_duration: 1}
$data merge entity $(bone_bone) {transformation: [-1f,0f,0f,0f,0f,0.9293f,0.3692f,1.0269f,0f,0.3692f,-0.9293f,0.0552f,0f,0f,0f,1f],start_interpolation: 0,interpolation_duration: 1}
$data merge entity $(bone_left_arm1) {transformation: [-1f,0f,0f,0.25f,0f,0.9962f,-0.0872f,0.9654f,0f,-0.0872f,-0.9962f,0.0444f,0f,0f,0f,1f],start_interpolation: 0,interpolation_duration: 1}
$data merge entity $(bone_right_arm1) {transformation: [-1f,0f,0f,-0.25f,0f,0.9962f,-0.0872f,0.9654f,0f,-0.0872f,-0.9962f,0.0444f,0f,0f,0f,1f],start_interpolation: 0,interpolation_duration: 1}
data modify entity @s data merge value {"cameras":{},"locators":{"mouse":{"posx":-3.551271830382258e-17,"posy":0.8997669061659985,"posz":0.2899833513511644,"roty":0,"rotx":49.000000000000014},"left_arm":{"posx":0.3125,"posy":0.2805044277524935,"posz":0.1042811329924846,"roty":0,"rotx":-4.999999999999999},"right_arm":{"posx":-0.3125,"posy":0.2805044277524935,"posz":0.10428113299248451,"roty":0,"rotx":-4.999999999999999}}}