# This file was generated by Animated Java via MC-Build. It is not recommended to edit this file directly.
$data merge entity $(bone_eyes) {transformation: [-1f,0f,0f,-0.0156f,0f,0.6088f,0.7934f,1.016f,0f,0.7934f,-0.6088f,0.4809f,0f,0f,0f,1f],start_interpolation: 0,interpolation_duration: 1}
$data merge entity $(bone_head) {transformation: [-1f,0f,0f,0f,0f,0.6088f,0.7934f,1.0061f,0f,0.7934f,-0.6088f,0.0552f,0f,0f,0f,1f],start_interpolation: 0,interpolation_duration: 1}
$data merge entity $(bone_fabric_overray) {transformation: [-1f,0f,0f,0f,0f,0.866f,0.5f,1.0061f,0f,0.5f,-0.866f,0.0552f,0f,0f,0f,1f],start_interpolation: 0,interpolation_duration: 1}
$data merge entity $(bone_fabric) {transformation: [-1f,0f,0f,0f,0f,0.866f,0.5f,1.0061f,0f,0.5f,-0.866f,0.0552f,0f,0f,0f,1f],start_interpolation: 0,interpolation_duration: 1}
$data merge entity $(bone_bone_overray) {transformation: [-1f,0f,0f,0f,0f,0.9239f,0.3827f,1.0061f,0f,0.3827f,-0.9239f,0.0552f,0f,0f,0f,1f],start_interpolation: 0,interpolation_duration: 1}
$data merge entity $(bone_bone) {transformation: [-1f,0f,0f,0f,0f,0.9239f,0.3827f,1.0061f,0f,0.3827f,-0.9239f,0.0552f,0f,0f,0f,1f],start_interpolation: 0,interpolation_duration: 1}
$data merge entity $(bone_left_arm1) {transformation: [-0.9996f,0.0273f,0f,0.25f,0.0272f,0.9959f,-0.0865f,0.9446f,-0.0023f,-0.0865f,-0.9963f,0.0444f,0f,0f,0f,1f],start_interpolation: 0,interpolation_duration: 1}
$data merge entity $(bone_right_arm1) {transformation: [-0.9995f,-0.0327f,0.0001f,-0.25f,-0.0326f,0.9957f,-0.0862f,0.9446f,0.0028f,-0.0862f,-0.9963f,0.0444f,0f,0f,0f,1f],start_interpolation: 0,interpolation_duration: 1}
data modify entity @s data merge value {"cameras":{},"locators":{"mouse":{"posx":-3.450831841577324e-17,"posy":0.8648384828172568,"posz":0.28178180386213625,"roty":0,"rotx":52.49999999999999},"left_arm":{"posx":0.29372136920483216,"posy":0.258188414582475,"posz":0.10395956163324949,"roty":359.99775822257817,"rotx":-4.962753533240332},"right_arm":{"posx":-0.28995658590703854,"posy":0.2579435951454746,"posz":0.10378225919423585,"roty":0.003870257006127531,"rotx":-4.9463896227533155}}}