# This file was generated by Animated Java via MC-Build. It is not recommended to edit this file directly.
$data merge entity $(bone_eyes) {transformation: [-1f,0f,0f,-0.0156f,0f,0.5825f,0.8128f,1.0021f,0f,0.8128f,-0.5825f,0.481f,0f,0f,0f,1f],start_interpolation: 0,interpolation_duration: 1}
$data merge entity $(bone_head) {transformation: [-1f,0f,0f,0f,0f,0.5825f,0.8128f,1.0061f,0f,0.8128f,-0.5825f,0.0552f,0f,0f,0f,1f],start_interpolation: 0,interpolation_duration: 1}
$data merge entity $(bone_bone_overray) {transformation: [-1f,0f,0f,0f,0f,0.9182f,0.3961f,1.0061f,0f,0.3961f,-0.9182f,0.0552f,0f,0f,0f,1f],start_interpolation: 0,interpolation_duration: 1}
$data merge entity $(bone_bone) {transformation: [-1f,0f,0f,0f,0f,0.9182f,0.3961f,1.0061f,0f,0.3961f,-0.9182f,0.0552f,0f,0f,0f,1f],start_interpolation: 0,interpolation_duration: 1}
$data merge entity $(bone_left_arm1) {transformation: [-0.9985f,0.0545f,0f,0.25f,0.0543f,0.9948f,-0.086f,0.9446f,-0.0046f,-0.0859f,-0.9963f,0.0444f,0f,0f,0f,1f],start_interpolation: 0,interpolation_duration: 1}
$data merge entity $(bone_right_arm1) {transformation: [-0.9979f,-0.0654f,0.0001f,-0.25f,-0.0652f,0.9942f,-0.0856f,0.9446f,0.0055f,-0.0854f,-0.9963f,0.0444f,0f,0f,0f,1f],start_interpolation: 0,interpolation_duration: 1}
data modify entity @s data merge value {"cameras":{},"locators":{"mouse":{"posx":-3.392741553333022e-17,"posy":0.8575010468539507,"posz":0.2770383718550672,"roty":0,"rotx":54.37500000000001},"left_arm":{"posx":0.2749110326233581,"posy":0.2572279685778954,"posz":0.1037211584571927,"roty":359.99728494396476,"rotx":-4.9360838139660626},"right_arm":{"posx":-0.26737174941257924,"posy":0.25696874172351925,"posz":0.10340331960223675,"roty":0.00468514680974863,"rotx":-4.9079616454072355}}}