# This file was generated by Animated Java via MC-Build. It is not recommended to edit this file directly.
$data merge entity $(bone_eyes) {transformation: [-1f,0f,0f,-0.0156f,0f,0.5556f,0.8315f,0.9882f,0f,0.8315f,-0.5556f,0.4806f,0f,0f,0f,1f],start_interpolation: 0,interpolation_duration: 1}
$data merge entity $(bone_head) {transformation: [-1f,0f,0f,0f,0f,0.5556f,0.8315f,1.0061f,0f,0.8315f,-0.5556f,0.0552f,0f,0f,0f,1f],start_interpolation: 0,interpolation_duration: 1}
$data merge entity $(bone_bone_overray) {transformation: [-1f,0f,0f,0f,0f,0.9124f,0.4094f,1.0061f,0f,0.4094f,-0.9124f,0.0552f,0f,0f,0f,1f],start_interpolation: 0,interpolation_duration: 1}
$data merge entity $(bone_bone) {transformation: [-1f,0f,0f,0f,0f,0.9124f,0.4094f,1.0061f,0f,0.4094f,-0.9124f,0.0552f,0f,0f,0f,1f],start_interpolation: 0,interpolation_duration: 1}
$data merge entity $(bone_left_arm1) {transformation: [-0.9967f,0.0818f,0f,0.25f,0.0815f,0.993f,-0.0858f,0.9446f,-0.007f,-0.0855f,-0.9963f,0.0444f,0f,0f,0f,1f],start_interpolation: 0,interpolation_duration: 1}
$data merge entity $(bone_right_arm1) {transformation: [-0.9952f,-0.0981f,0.0001f,-0.25f,-0.0977f,0.9916f,-0.0852f,0.9446f,0.0083f,-0.0847f,-0.9964f,0.0444f,0f,0f,0f,1f],start_interpolation: 0,interpolation_duration: 1}
data modify entity @s data merge value {"cameras":{},"locators":{"mouse":{"posx":-3.3317423066570404e-17,"posy":0.8503227401904494,"posz":0.27205740536591694,"roty":0,"rotx":56.25},"left_arm":{"posx":0.25608387925097764,"posy":0.25679022674536345,"posz":0.10356605920845728,"roty":359.99801750533743,"rotx":-4.920051847157622},"right_arm":{"posx":-0.24477124805831085,"posy":0.25674703735558024,"posz":0.10314451946810554,"roty":0.003416137351280213,"rotx":-4.884842561798249}}}