# This file was generated by Animated Java via MC-Build. It is not recommended to edit this file directly.
$data merge entity $(bone_eyes) {transformation: [-1f,0f,0f,-0.0156f,0f,0.5281f,0.8492f,0.9743f,0f,0.8492f,-0.5281f,0.4798f,0f,0f,0f,1f],start_interpolation: 0,interpolation_duration: 1}
$data merge entity $(bone_head) {transformation: [-1f,0f,0f,0f,0f,0.5281f,0.8492f,1.0061f,0f,0.8492f,-0.5281f,0.0552f,0f,0f,0f,1f],start_interpolation: 0,interpolation_duration: 1}
$data merge entity $(bone_bone_overray) {transformation: [-1f,0f,0f,0f,0f,0.9063f,0.4226f,1.0061f,0f,0.4226f,-0.9063f,0.0552f,0f,0f,0f,1f],start_interpolation: 0,interpolation_duration: 1}
$data merge entity $(bone_bone) {transformation: [-1f,0f,0f,0f,0f,0.9063f,0.4226f,1.0061f,0f,0.4226f,-0.9063f,0.0552f,0f,0f,0f,1f],start_interpolation: 0,interpolation_duration: 1}
$data merge entity $(bone_left_arm1) {transformation: [-0.9941f,0.1089f,0f,0.25f,0.1085f,0.9904f,-0.0857f,0.9446f,-0.0093f,-0.0852f,-0.9963f,0.0444f,0f,0f,0f,1f],start_interpolation: 0,interpolation_duration: 1}
$data merge entity $(bone_right_arm1) {transformation: [-0.9914f,-0.1306f,0f,-0.25f,-0.1301f,0.9878f,-0.085f,0.9446f,0.0111f,-0.0843f,-0.9964f,0.0444f,0f,0f,0f,1f],start_interpolation: 0,interpolation_duration: 1}
data modify entity @s data merge value {"cameras":{},"locators":{"mouse":{"posx":-3.267899421070585e-17,"posy":0.8433112495373254,"posz":0.2668442381383615,"roty":0,"rotx":58.12499999999999},"left_arm":{"posx":0.23725479749449235,"posy":0.25687524509118187,"posz":0.10349432702740691,"roty":359.9993915351273,"rotx":-4.914695899653425},"right_arm":{"posx":-0.22218082009823586,"posy":0.2572781251926193,"posz":0.10300591333948632,"roty":0.0010389586911685456,"rotx":-4.877111687781131}}}