# This file was generated by Animated Java via MC-Build. It is not recommended to edit this file directly.
$data merge entity $(bone_eyes) {transformation: [-1f,0f,0f,-0.0156f,0f,0.5f,0.866f,0.9604f,0f,0.866f,-0.5f,0.4785f,0f,0f,0f,1f],start_interpolation: 0,interpolation_duration: 1}
$data merge entity $(bone_head) {transformation: [-1f,0f,0f,0f,0f,0.5f,0.866f,1.0061f,0f,0.866f,-0.5f,0.0552f,0f,0f,0f,1f],start_interpolation: 0,interpolation_duration: 1}
$data merge entity $(bone_bone_overray) {transformation: [-1f,0f,0f,0f,0f,0.9041f,0.4273f,1.0061f,0f,0.4273f,-0.9041f,0.0552f,0f,0f,0f,1f],start_interpolation: 0,interpolation_duration: 1}
$data merge entity $(bone_bone) {transformation: [-1f,0f,0f,0f,0f,0.9041f,0.4273f,1.0061f,0f,0.4273f,-0.9041f,0.0552f,0f,0f,0f,1f],start_interpolation: 0,interpolation_duration: 1}
$data merge entity $(bone_left_arm1) {transformation: [-0.9907f,0.136f,0f,0.25f,0.1355f,0.9871f,-0.0858f,0.9446f,-0.0117f,-0.085f,-0.9963f,0.0444f,0f,0f,0f,1f],start_interpolation: 0,interpolation_duration: 1}
$data merge entity $(bone_right_arm1) {transformation: [-0.9866f,-0.163f,0f,-0.25f,-0.1624f,0.983f,-0.0852f,0.9446f,0.0139f,-0.084f,-0.9964f,0.0444f,0f,0f,0f,1f],start_interpolation: 0,interpolation_duration: 1}
data modify entity @s data merge value {"cameras":{},"locators":{"mouse":{"posx":-3.20128126113463e-17,"posy":0.8364740829743884,"posz":0.2614044525624438,"roty":0,"rotx":60.000000000000014},"left_arm":{"posx":0.21843866322063965,"posy":0.257482665798234,"posz":0.10350595253543952,"roty":0.000841752546762109,"rotx":-4.92003145198132},"right_arm":{"posx":-0.19962615475163292,"posy":0.2585607905299344,"posz":0.1029874054313172,"roty":359.99853159981467,"rotx":-4.8848010174727365}}}