# This file was generated by Animated Java via MC-Build. It is not recommended to edit this file directly.
$data merge entity $(bone_eyes) {transformation: [-1f,0f,0f,-0.0156f,0f,0.9925f,0.1219f,1.6417f,0f,0.1219f,-0.9925f,0.3465f,0f,0f,0f,1f],start_interpolation: 0,interpolation_duration: 1}
$data merge entity $(bone_head) {transformation: [-1f,0f,0f,0f,0f,0.9925f,0.1219f,1.3311f,0f,0.1219f,-0.9925f,0.0552f,0f,0f,0f,1f],start_interpolation: 0,interpolation_duration: 1}
$data merge entity $(bone_fabric_overray) {transformation: [-1f,0f,0f,0f,0f,0.9744f,0.225f,1.3311f,0f,0.225f,-0.9744f,0.0552f,0f,0f,0f,1f],start_interpolation: 0,interpolation_duration: 1}
$data merge entity $(bone_fabric) {transformation: [-1f,0f,0f,0f,0f,0.9744f,0.225f,1.3311f,0f,0.225f,-0.9744f,0.0552f,0f,0f,0f,1f],start_interpolation: 0,interpolation_duration: 1}
$data merge entity $(bone_bone_overray) {transformation: [-1f,0f,0f,0f,0f,0.9793f,0.2022f,1.3311f,0f,0.2022f,-0.9793f,0.0552f,0f,0f,0f,1f],start_interpolation: 0,interpolation_duration: 1}
$data merge entity $(bone_bone) {transformation: [-1f,0f,0f,0f,0f,0.9793f,0.2022f,1.3311f,0f,0.2022f,-0.9793f,0.0552f,0f,0f,0f,1f],start_interpolation: 0,interpolation_duration: 1}
$data merge entity $(bone_left_arm1) {transformation: [-1f,0f,0f,0.25f,0f,0.9894f,0.1449f,1.2696f,0f,0.1449f,-0.9894f,0.0444f,0f,0f,0f,1f],start_interpolation: 0,interpolation_duration: 1}
$data merge entity $(bone_right_arm1) {transformation: [-1f,0f,0f,-0.25f,0f,0.9894f,0.1449f,1.2696f,0f,0.1449f,-0.9894f,0.0444f,0f,0f,0f,1f],start_interpolation: 0,interpolation_duration: 1}
data modify entity @s data merge value {"cameras":{},"locators":{"mouse":{"posx":-3.8548986149128556e-17,"posy":1.3936892997855852,"posz":0.31477635981221574,"roty":0,"rotx":7.000000000000002},"left_arm":{"posx":0.3125,"posy":0.5893138228328358,"posz":-0.05527909342026249,"roty":0,"rotx":8.333333333333334},"right_arm":{"posx":-0.3125,"posy":0.5893138228328358,"posz":-0.055279093420262576,"roty":0,"rotx":8.333333333333334}}}