# This file was generated by Animated Java via MC-Build. It is not recommended to edit this file directly.
$data merge entity $(bone_bone_overray) {transformation: [-1f,0f,0f,0f,0f,0.9019f,0.432f,1.0061f,0f,0.432f,-0.9019f,0.0552f,0f,0f,0f,1f],start_interpolation: 0,interpolation_duration: 1}
$data merge entity $(bone_bone) {transformation: [-1f,0f,0f,0f,0f,0.9019f,0.432f,1.0061f,0f,0.432f,-0.9019f,0.0552f,0f,0f,0f,1f],start_interpolation: 0,interpolation_duration: 1}
$data merge entity $(bone_left_arm1) {transformation: [-0.9866f,0.1629f,0f,0.25f,0.1623f,0.983f,-0.086f,0.9446f,-0.014f,-0.0849f,-0.9963f,0.0444f,0f,0f,0f,1f],start_interpolation: 0,interpolation_duration: 1}
$data merge entity $(bone_right_arm1) {transformation: [-0.9808f,-0.1951f,-0.0001f,-0.25f,-0.1944f,0.9772f,-0.0856f,0.9446f,0.0167f,-0.0839f,-0.9963f,0.0444f,0f,0f,0f,1f],start_interpolation: 0,interpolation_duration: 1}
data modify entity @s data merge value {"cameras":{},"locators":{"left_arm":{"posx":0.19965032783685024,"posy":0.2586117180730776,"posz":0.10360085397917773,"roty":0.0018027732382961403,"rotx":-4.936051182065102},"right_arm":{"posx":-0.1771328625980343,"posy":0.2605929640072574,"posz":0.10308875017413542,"roty":359.9968722978275,"rotx":-4.90789517495577}}}