# This file was generated by Animated Java via MC-Build. It is not recommended to edit this file directly.
$data merge entity $(bone_bone_overray) {transformation: [-1f,0f,0f,0f,0f,0.8996f,0.4367f,1.0061f,0f,0.4367f,-0.8996f,0.0552f,0f,0f,0f,1f],start_interpolation: 0,interpolation_duration: 1}
$data merge entity $(bone_bone) {transformation: [-1f,0f,0f,0f,0f,0.8996f,0.4367f,1.0061f,0f,0.4367f,-0.8996f,0.0552f,0f,0f,0f,1f],start_interpolation: 0,interpolation_duration: 1}
$data merge entity $(bone_left_arm1) {transformation: [-0.9818f,0.1898f,0f,0.25f,0.189f,0.9782f,-0.0865f,0.9446f,-0.0164f,-0.0849f,-0.9963f,0.0444f,0f,0f,0f,1f],start_interpolation: 0,interpolation_duration: 1}
$data merge entity $(bone_right_arm1) {transformation: [-0.9739f,-0.2271f,-0.0001f,-0.25f,-0.2263f,0.9702f,-0.0862f,0.9446f,0.0196f,-0.084f,-0.9963f,0.0444f,0f,0f,0f,1f],start_interpolation: 0,interpolation_duration: 1}
data modify entity @s data merge value {"cameras":{},"locators":{"left_arm":{"posx":0.18090460641410516,"posy":0.26026121932840296,"posz":0.10377887743376765,"roty":0.0017099148046213486,"rotx":-4.96272498088905},"right_arm":{"posx":-0.1547264461494406,"posy":0.2633717258057595,"posz":0.10330955293809341,"roty":359.9970375276049,"rotx":-4.9463314617984775}}}