# This file was generated by Animated Java via MC-Build. It is not recommended to edit this file directly.
$data merge entity $(bone_bone_overray) {transformation: [-1f,0f,0f,0f,0f,0.8973f,0.4414f,1.0061f,0f,0.4414f,-0.8973f,0.0552f,0f,0f,0f,1f],start_interpolation: 0,interpolation_duration: 1}
$data merge entity $(bone_bone) {transformation: [-1f,0f,0f,0f,0f,0.8973f,0.4414f,1.0061f,0f,0.4414f,-0.8973f,0.0552f,0f,0f,0f,1f],start_interpolation: 0,interpolation_duration: 1}
$data merge entity $(bone_left_arm1) {transformation: [-0.9763f,0.2164f,0f,0.25f,0.2156f,0.9726f,-0.0872f,0.9446f,-0.0189f,-0.0851f,-0.9962f,0.0444f,0f,0f,0f,1f],start_interpolation: 0,interpolation_duration: 1}
$data merge entity $(bone_right_arm1) {transformation: [-0.9659f,-0.2588f,0f,-0.25f,-0.2578f,0.9623f,-0.0872f,0.9446f,0.0226f,-0.0842f,-0.9962f,0.0444f,0f,0f,0f,1f],start_interpolation: 0,interpolation_duration: 1}
data modify entity @s data merge value {"cameras":{},"locators":{"left_arm":{"posx":0.16221626586169746,"posy":0.26242957669905354,"posz":0.10403979706497332,"roty":359.9999999999754,"rotx":-5.000000000039912},"right_arm":{"posx":-0.13243227063461355,"posy":0.26689331083323165,"posz":0.10364927093114594,"roty":359.99999999997635,"rotx":-5.000000000039604}}}