# This file was generated by Animated Java via MC-Build. It is not recommended to edit this file directly.
$data merge entity $(bone_eyes) {transformation: [-1f,0f,0f,-0.0156f,0f,0.766f,0.6428f,1.1704f,0f,0.6428f,-0.766f,0.4686f,0f,0f,0f,1f],start_interpolation: 0,interpolation_duration: 1}
$data merge entity $(bone_head) {transformation: [-1f,0f,0f,0f,0f,0.766f,0.6428f,1.0686f,0f,0.6428f,-0.766f,0.0552f,0f,0f,0f,1f],start_interpolation: 0,interpolation_duration: 1}
$data merge entity $(bone_fabric_overray) {transformation: [-1f,0f,0f,0f,0f,0.8819f,0.4714f,1.0686f,0f,0.4714f,-0.8819f,0.0552f,0f,0f,0f,1f],start_interpolation: 0,interpolation_duration: 1}
$data merge entity $(bone_fabric) {transformation: [-1f,0f,0f,0f,0f,0.8819f,0.4714f,1.0686f,0f,0.4714f,-0.8819f,0.0552f,0f,0f,0f,1f],start_interpolation: 0,interpolation_duration: 1}
$data merge entity $(bone_bone_overray) {transformation: [-1f,0f,0f,0f,0f,0.8927f,0.4507f,1.0686f,0f,0.4507f,-0.8927f,0.0552f,0f,0f,0f,1f],start_interpolation: 0,interpolation_duration: 1}
$data merge entity $(bone_bone) {transformation: [-1f,0f,0f,0f,0f,0.8927f,0.4507f,1.0686f,0f,0.4507f,-0.8927f,0.0552f,0f,0f,0f,1f],start_interpolation: 0,interpolation_duration: 1}
$data merge entity $(bone_left_arm1) {transformation: [-0.9761f,-0.2116f,-0.0491f,0.25f,-0.2167f,0.9645f,0.1512f,1.0071f,0.0153f,0.1583f,-0.9873f,0.0444f,0f,0f,0f,1f],start_interpolation: 0,interpolation_duration: 1}
$data merge entity $(bone_right_arm1) {transformation: [-0.9847f,0.1604f,-0.0683f,-0.25f,0.1522f,0.982f,0.1116f,1.0071f,0.085f,0.0995f,-0.9914f,0.0444f,0f,0f,0f,1f],start_interpolation: 0,interpolation_duration: 1}
data modify entity @s data merge value {"cameras":{},"locators":{"mouse":{"posx":-3.759506716009832e-17,"posy":0.9797251980412673,"posz":0.30698702014551027,"roty":0,"rotx":39.99999999999999},"left_arm":{"posx":0.4564816766467989,"posy":0.3575312552022407,"posz":-0.0653963006412391,"roty":357.1547353568982,"rotx":8.698444565393297},"right_arm":{"posx":-0.4218172784767992,"posy":0.34142535839698285,"posz":-0.0187143504048303,"roty":356.05849204570416,"rotx":6.40635699917658}}}
execute on vehicle unless entity @s[tag=aj.transforms_only] at @s run function animated_java:ginunga/animations/animation.model.chain_blast.cry/zzz/frames/24_root_commands