# This file was generated by Animated Java via MC-Build. It is not recommended to edit this file directly.
$data merge entity $(bone_eyes) {transformation: [-1f,0f,0f,-0.0156f,0f,0.9397f,0.342f,1.3682f,0f,0.342f,-0.9397f,0.4089f,0f,0f,0f,1f],start_interpolation: 0,interpolation_duration: 1}
$data merge entity $(bone_head) {transformation: [-1f,0f,0f,0f,0f,0.9397f,0.342f,1.1311f,0f,0.342f,-0.9397f,0.0552f,0f,0f,0f,1f],start_interpolation: 0,interpolation_duration: 1}
$data merge entity $(bone_fabric_overray) {transformation: [-1f,0f,0f,0f,0f,0.8969f,0.4423f,1.1311f,0f,0.4423f,-0.8969f,0.0552f,0f,0f,0f,1f],start_interpolation: 0,interpolation_duration: 1}
$data merge entity $(bone_fabric) {transformation: [-1f,0f,0f,0f,0f,0.8969f,0.4423f,1.1311f,0f,0.4423f,-0.8969f,0.0552f,0f,0f,0f,1f],start_interpolation: 0,interpolation_duration: 1}
$data merge entity $(bone_bone_overray) {transformation: [-1f,0f,0f,0f,0f,0.8903f,0.4553f,1.1311f,0f,0.4553f,-0.8903f,0.0552f,0f,0f,0f,1f],start_interpolation: 0,interpolation_duration: 1}
$data merge entity $(bone_bone) {transformation: [-1f,0f,0f,0f,0f,0.8903f,0.4553f,1.1311f,0f,0.4553f,-0.8903f,0.0552f,0f,0f,0f,1f],start_interpolation: 0,interpolation_duration: 1}
$data merge entity $(bone_left_arm1) {transformation: [-0.9059f,-0.3782f,-0.1907f,0.25f,-0.4223f,0.841f,0.3382f,1.0696f,0.0324f,0.3869f,-0.9216f,0.0444f,0f,0f,0f,1f],start_interpolation: 0,interpolation_duration: 1}
$data merge entity $(bone_right_arm1) {transformation: [-0.9394f,0.3357f,-0.0696f,-0.25f,0.2985f,0.9007f,0.3158f,1.0696f,0.1687f,0.2759f,-0.9463f,0.0444f,0f,0f,0f,1f],start_interpolation: 0,interpolation_duration: 1}
data modify entity @s data merge value {"cameras":{},"locators":{"mouse":{"posx":-3.9458378831226814e-17,"posy":1.1336965812877597,"posz":0.3222021145909112,"roty":0,"rotx":20},"left_arm":{"posx":0.5666202534968754,"posy":0.517747562837234,"posz":-0.22363605815374393,"roty":348.3114526395287,"rotx":19.766237021959803},"right_arm":{"posx":-0.5395107739437058,"posy":0.46900177760089956,"posz":-0.1347526485832754,"roty":355.7924924174661,"rotx":18.408168872828686}}}