# This file was generated by Animated Java via MC-Build. It is not recommended to edit this file directly.
$data merge entity $(bone_eyes) {transformation: [-1f,0f,0f,-0.0156f,0f,1f,0f,1.5374f,0f,0f,-1f,0.3065f,0f,0f,0f,1f],start_interpolation: 0,interpolation_duration: 1}
$data merge entity $(bone_head) {transformation: [-1f,0f,0f,0f,0f,1f,0f,1.1936f,0f,0f,-1f,0.0552f,0f,0f,0f,1f],start_interpolation: 0,interpolation_duration: 1}
$data merge entity $(bone_fabric_overray) {transformation: [-1f,0f,0f,0f,0f,0.9109f,0.4127f,1.1936f,0f,0.4127f,-0.9109f,0.0552f,0f,0f,0f,1f],start_interpolation: 0,interpolation_duration: 1}
$data merge entity $(bone_fabric) {transformation: [-1f,0f,0f,0f,0f,0.9109f,0.4127f,1.1936f,0f,0.4127f,-0.9109f,0.0552f,0f,0f,0f,1f],start_interpolation: 0,interpolation_duration: 1}
$data merge entity $(bone_bone_overray) {transformation: [-1f,0f,0f,0f,0f,0.888f,0.4599f,1.1936f,0f,0.4599f,-0.888f,0.0552f,0f,0f,0f,1f],start_interpolation: 0,interpolation_duration: 1}
$data merge entity $(bone_bone) {transformation: [-1f,0f,0f,0f,0f,0.888f,0.4599f,1.1936f,0f,0.4599f,-0.888f,0.0552f,0f,0f,0f,1f],start_interpolation: 0,interpolation_duration: 1}
$data merge entity $(bone_left_arm1) {transformation: [-0.7934f,-0.4663f,-0.3913f,0.25f,-0.6064f,0.6615f,0.4413f,1.1321f,0.0531f,0.5874f,-0.8076f,0.0444f,0f,0f,0f,1f],start_interpolation: 0,interpolation_duration: 1}
$data merge entity $(bone_right_arm1) {transformation: [-0.866f,0.5f,0f,-0.25f,0.433f,0.75f,0.5f,1.1321f,0.25f,0.433f,-0.866f,0.0444f,0f,0f,0f,1f],start_interpolation: 0,interpolation_duration: 1}
data modify entity @s data merge value {"cameras":{},"locators":{"mouse":{"posx":-3.737800473764221e-17,"posy":1.287355433920498,"posz":0.3052145709576527,"roty":0,"rotx":0},"left_arm":{"posx":0.6201921718096279,"posy":0.7152081997039904,"posz":-0.36277360595070895,"roty":334.1478500470435,"rotx":26.18378981670008},"right_arm":{"posx":-0.6478765877369865,"posy":0.6434932432246703,"posz":-0.2377096726953486,"roty":359.99999999994105,"rotx":29.999999999810736}}}