# This file was generated by Animated Java via MC-Build. It is not recommended to edit this file directly.
$data merge entity $(bone_eyes) {transformation: [-1f,0f,0f,-0.0156f,0f,0.9941f,-0.1089f,1.5648f,0f,-0.1089f,-0.9941f,0.2675f,0f,0f,0f,1f],start_interpolation: 0,interpolation_duration: 1}
$data merge entity $(bone_head) {transformation: [-1f,0f,0f,0f,0f,0.9941f,-0.1089f,1.1957f,0f,-0.1089f,-0.9941f,0.0552f,0f,0f,0f,1f],start_interpolation: 0,interpolation_duration: 1}
$data merge entity $(bone_fabric_overray) {transformation: [-1f,0f,0f,0f,0f,0.9239f,0.3827f,1.1957f,0f,0.3827f,-0.9239f,0.0552f,0f,0f,0f,1f],start_interpolation: 0,interpolation_duration: 1}
$data merge entity $(bone_fabric) {transformation: [-1f,0f,0f,0f,0f,0.9239f,0.3827f,1.1957f,0f,0.3827f,-0.9239f,0.0552f,0f,0f,0f,1f],start_interpolation: 0,interpolation_duration: 1}
$data merge entity $(bone_bone_overray) {transformation: [-1f,0f,0f,0f,0f,0.8856f,0.4645f,1.1957f,0f,0.4645f,-0.8856f,0.0552f,0f,0f,0f,1f],start_interpolation: 0,interpolation_duration: 1}
$data merge entity $(bone_bone) {transformation: [-1f,0f,0f,0f,0f,0.8856f,0.4645f,1.1957f,0f,0.4645f,-0.8856f,0.0552f,0f,0f,0f,1f],start_interpolation: 0,interpolation_duration: 1}
$data merge entity $(bone_left_arm1) {transformation: [-0.7935f,-0.4655f,-0.3919f,0.25f,-0.6062f,0.6609f,0.4424f,1.1342f,0.053f,0.5886f,-0.8067f,0.0444f,0f,0f,0f,1f],start_interpolation: 0,interpolation_duration: 1}
$data merge entity $(bone_right_arm1) {transformation: [-0.8661f,0.4998f,0.0008f,-0.25f,0.4328f,0.7493f,0.5012f,1.1342f,0.2499f,0.4344f,-0.8653f,0.0444f,0f,0f,0f,1f],start_interpolation: 0,interpolation_duration: 1}
data modify entity @s data merge value {"cameras":{},"locators":{"mouse":{"posx":-3.5946125048792494e-17,"posy":1.3161216759148655,"posz":0.2935223859958609,"roty":0,"rotx":-6.250000000000008},"left_arm":{"posx":0.6196523864451575,"posy":0.7176843057658371,"posz":-0.36364113724790686,"roty":334.08935899357965,"rotx":26.258675197352588},"right_arm":{"posx":-0.6477361753626524,"posy":0.6460589485479676,"posz":-0.23870053172144673,"roty":0.052782185386888614,"rotx":30.078232466743156}}}