# This file was generated by Animated Java via MC-Build. It is not recommended to edit this file directly.
$data merge entity $(bone_eyes) {transformation: [-1f,0f,0f,-0.0156f,0f,0.9763f,-0.2164f,1.5878f,0f,-0.2164f,-0.9763f,0.2261f,0f,0f,0f,1f],start_interpolation: 0,interpolation_duration: 1}
$data merge entity $(bone_head) {transformation: [-1f,0f,0f,0f,0f,0.9763f,-0.2164f,1.1978f,0f,-0.2164f,-0.9763f,0.0552f,0f,0f,0f,1f],start_interpolation: 0,interpolation_duration: 1}
$data merge entity $(bone_fabric_overray) {transformation: [-1f,0f,0f,0f,0f,0.887f,0.4617f,1.1978f,0f,0.4617f,-0.887f,0.0552f,0f,0f,0f,1f],start_interpolation: 0,interpolation_duration: 1}
$data merge entity $(bone_fabric) {transformation: [-1f,0f,0f,0f,0f,0.887f,0.4617f,1.1978f,0f,0.4617f,-0.887f,0.0552f,0f,0f,0f,1f],start_interpolation: 0,interpolation_duration: 1}
$data merge entity $(bone_bone_overray) {transformation: [-1f,0f,0f,0f,0f,0.8831f,0.4691f,1.1978f,0f,0.4691f,-0.8831f,0.0552f,0f,0f,0f,1f],start_interpolation: 0,interpolation_duration: 1}
$data merge entity $(bone_bone) {transformation: [-1f,0f,0f,0f,0f,0.8831f,0.4691f,1.1978f,0f,0.4691f,-0.8831f,0.0552f,0f,0f,0f,1f],start_interpolation: 0,interpolation_duration: 1}
$data merge entity $(bone_left_arm1) {transformation: [-0.7941f,-0.4646f,-0.3919f,0.25f,-0.6055f,0.6608f,0.4435f,1.1363f,0.0529f,0.5895f,-0.806f,0.0444f,0f,0f,0f,1f],start_interpolation: 0,interpolation_duration: 1}
$data merge entity $(bone_right_arm1) {transformation: [-0.8665f,0.4991f,0.0014f,-0.25f,0.4323f,0.7491f,0.502f,1.1363f,0.2495f,0.4356f,-0.8649f,0.0444f,0f,0f,0f,1f],start_interpolation: 0,interpolation_duration: 1}
data modify entity @s data merge value {"cameras":{},"locators":{"mouse":{"posx":-3.4167322258533964e-17,"posy":1.343456571218585,"posz":0.2789973589309389,"roty":0,"rotx":-12.499999999999988},"left_arm":{"posx":0.6190137195986378,"posy":0.71980204412711,"posz":-0.36423007258761225,"roty":334.070232148164,"rotx":26.329868137679743},"right_arm":{"posx":-0.647319937517938,"posy":0.6482976641727715,"posz":-0.23951146899156345,"roty":0.09097976188206758,"rotx":30.132946440426203}}}