# This file was generated by Animated Java via MC-Build. It is not recommended to edit this file directly.
$data merge entity $(bone_eyes) {transformation: [-1f,0f,0f,-0.0156f,0f,0.9469f,-0.3214f,1.6062f,0f,-0.3214f,-0.9469f,0.1826f,0f,0f,0f,1f],start_interpolation: 0,interpolation_duration: 1}
$data merge entity $(bone_head) {transformation: [-1f,0f,0f,0f,0f,0.9469f,-0.3214f,1.1999f,0f,-0.3214f,-0.9469f,0.0552f,0f,0f,0f,1f],start_interpolation: 0,interpolation_duration: 1}
$data merge entity $(bone_fabric_overray) {transformation: [-1f,0f,0f,0f,0f,0.8434f,0.5373f,1.1999f,0f,0.5373f,-0.8434f,0.0552f,0f,0f,0f,1f],start_interpolation: 0,interpolation_duration: 1}
$data merge entity $(bone_fabric) {transformation: [-1f,0f,0f,0f,0f,0.8434f,0.5373f,1.1999f,0f,0.5373f,-0.8434f,0.0552f,0f,0f,0f,1f],start_interpolation: 0,interpolation_duration: 1}
$data merge entity $(bone_bone_overray) {transformation: [-1f,0f,0f,0f,0f,0.8807f,0.4737f,1.1999f,0f,0.4737f,-0.8807f,0.0552f,0f,0f,0f,1f],start_interpolation: 0,interpolation_duration: 1}
$data merge entity $(bone_bone) {transformation: [-1f,0f,0f,0f,0f,0.8807f,0.4737f,1.1999f,0f,0.4737f,-0.8807f,0.0552f,0f,0f,0f,1f],start_interpolation: 0,interpolation_duration: 1}
$data merge entity $(bone_left_arm1) {transformation: [-0.795f,-0.4634f,-0.3914f,0.25f,-0.6043f,0.6612f,0.4446f,1.1384f,0.0528f,0.59f,-0.8057f,0.0444f,0f,0f,0f,1f],start_interpolation: 0,interpolation_duration: 1}
$data merge entity $(bone_right_arm1) {transformation: [-0.8671f,0.4981f,0.0017f,-0.25f,0.4314f,0.7493f,0.5025f,1.1384f,0.249f,0.4365f,-0.8646f,0.0444f,0f,0f,0f,1f],start_interpolation: 0,interpolation_duration: 1}
data modify entity @s data merge value {"cameras":{},"locators":{"mouse":{"posx":-3.206274157117557e-17,"posy":1.3690602246055557,"posz":0.2618121534592578,"roty":0,"rotx":-18.749999999999996},"left_arm":{"posx":0.6182789840143106,"posy":0.7215704048866497,"posz":-0.36454781190770597,"roty":334.08962390381305,"rotx":26.397425640887548},"right_arm":{"posx":-0.6466349933267772,"posy":0.6502174475530489,"posz":-0.24014716778820205,"roty":0.11486780055335544,"rotx":30.16477726980602}}}