# This file was generated by Animated Java via MC-Build. It is not recommended to edit this file directly.
$data merge entity $(bone_eyes) {transformation: [-1f,0f,0f,-0.0156f,0f,0.9833f,0.1822f,1.5983f,0f,0.1822f,-0.9833f,0.3649f,0f,0f,0f,1f],start_interpolation: 0,interpolation_duration: 1}
$data merge entity $(bone_head) {transformation: [-1f,0f,0f,0f,0f,0.9833f,0.1822f,1.3061f,0f,0.1822f,-0.9833f,0.0552f,0f,0f,0f,1f],start_interpolation: 0,interpolation_duration: 1}
$data merge entity $(bone_fabric_overray) {transformation: [-1f,0f,0f,0f,0f,0.9681f,0.2504f,1.3061f,0f,0.2504f,-0.9681f,0.0552f,0f,0f,0f,1f],start_interpolation: 0,interpolation_duration: 1}
$data merge entity $(bone_fabric) {transformation: [-1f,0f,0f,0f,0f,0.9681f,0.2504f,1.3061f,0f,0.2504f,-0.9681f,0.0552f,0f,0f,0f,1f],start_interpolation: 0,interpolation_duration: 1}
$data merge entity $(bone_bone_overray) {transformation: [-1f,0f,0f,0f,0f,0.9763f,0.2164f,1.3061f,0f,0.2164f,-0.9763f,0.0552f,0f,0f,0f,1f],start_interpolation: 0,interpolation_duration: 1}
$data merge entity $(bone_bone) {transformation: [-1f,0f,0f,0f,0f,0.9763f,0.2164f,1.3061f,0f,0.2164f,-0.9763f,0.0552f,0f,0f,0f,1f],start_interpolation: 0,interpolation_duration: 1}
$data merge entity $(bone_left_arm1) {transformation: [-1f,0f,0f,0.25f,0f,0.9914f,0.1305f,1.2446f,0f,0.1305f,-0.9914f,0.0444f,0f,0f,0f,1f],start_interpolation: 0,interpolation_duration: 1}
$data merge entity $(bone_right_arm1) {transformation: [-1f,0f,0f,-0.25f,0f,0.9914f,0.1305f,1.2446f,0f,0.1305f,-0.9914f,0.0444f,0f,0f,0f,1f],start_interpolation: 0,interpolation_duration: 1}
data modify entity @s data merge value {"cameras":{},"locators":{"mouse":{"posx":-3.8957591825544854e-17,"posy":1.3527267001315821,"posz":0.3181128783635302,"roty":0,"rotx":10.5},"left_arm":{"posx":0.3125,"posy":0.5629366071627405,"posz":-0.045375197297815834,"roty":0,"rotx":7.5},"right_arm":{"posx":-0.3125,"posy":0.5629366071627405,"posz":-0.04537519729781592,"roty":0,"rotx":7.5}}}