# This file was generated by Animated Java via MC-Build. It is not recommended to edit this file directly.
$data merge entity $(bone_eyes) {transformation: [-1f,0f,0f,-0.0156f,0f,0.9063f,-0.4226f,1.6198f,0f,-0.4226f,-0.9063f,0.1376f,0f,0f,0f,1f],start_interpolation: 0,interpolation_duration: 1}
$data merge entity $(bone_head) {transformation: [-1f,0f,0f,0f,0f,0.9063f,-0.4226f,1.202f,0f,-0.4226f,-0.9063f,0.0552f,0f,0f,0f,1f],start_interpolation: 0,interpolation_duration: 1}
$data merge entity $(bone_fabric_overray) {transformation: [-1f,0f,0f,0f,0f,0.7934f,0.6088f,1.202f,0f,0.6088f,-0.7934f,0.0552f,0f,0f,0f,1f],start_interpolation: 0,interpolation_duration: 1}
$data merge entity $(bone_fabric) {transformation: [-1f,0f,0f,0f,0f,0.7934f,0.6088f,1.202f,0f,0.6088f,-0.7934f,0.0552f,0f,0f,0f,1f],start_interpolation: 0,interpolation_duration: 1}
$data merge entity $(bone_bone_overray) {transformation: [-1f,0f,0f,0f,0f,0.8782f,0.4783f,1.202f,0f,0.4783f,-0.8782f,0.0552f,0f,0f,0f,1f],start_interpolation: 0,interpolation_duration: 1}
$data merge entity $(bone_bone) {transformation: [-1f,0f,0f,0f,0f,0.8782f,0.4783f,1.202f,0f,0.4783f,-0.8782f,0.0552f,0f,0f,0f,1f],start_interpolation: 0,interpolation_duration: 1}
$data merge entity $(bone_left_arm1) {transformation: [-0.7963f,-0.4621f,-0.3904f,0.25f,-0.6026f,0.662f,0.4456f,1.1405f,0.0525f,0.5901f,-0.8056f,0.0444f,0f,0f,0f,1f],start_interpolation: 0,interpolation_duration: 1}
$data merge entity $(bone_right_arm1) {transformation: [-0.868f,0.4966f,0.0019f,-0.25f,0.4302f,0.7499f,0.5026f,1.1405f,0.2482f,0.4371f,-0.8645f,0.0444f,0f,0f,0f,1f],start_interpolation: 0,interpolation_duration: 1}
data modify entity @s data merge value {"cameras":{},"locators":{"mouse":{"posx":-2.965740081829631e-17,"posy":1.3926533206824936,"posz":0.24217105567862465,"roty":0,"rotx":-25},"left_arm":{"posx":0.6174498263055234,"posy":0.7229984525405072,"posz":-0.36460137633839546,"roty":334.1466497404042,"rotx":26.461293105485666},"right_arm":{"posx":-0.6456879882025766,"posy":0.6518270626941562,"posz":-0.24061203659980884,"roty":0.12481724808770878,"rotx":30.17433210398761}}}