# This file was generated by Animated Java via MC-Build. It is not recommended to edit this file directly.
$data merge entity $(bone_eyes) {transformation: [-1f,0f,0f,-0.0156f,0f,0.9026f,-0.4305f,1.6226f,0f,-0.4305f,-0.9026f,0.134f,0f,0f,0f,1f],start_interpolation: 0,interpolation_duration: 1}
$data merge entity $(bone_head) {transformation: [-1f,0f,0f,0f,0f,0.9026f,-0.4305f,1.2041f,0f,-0.4305f,-0.9026f,0.0552f,0f,0f,0f,1f],start_interpolation: 0,interpolation_duration: 1}
$data merge entity $(bone_fabric_overray) {transformation: [-1f,0f,0f,0f,0f,0.7716f,0.6361f,1.2041f,0f,0.6361f,-0.7716f,0.0552f,0f,0f,0f,1f],start_interpolation: 0,interpolation_duration: 1}
$data merge entity $(bone_fabric) {transformation: [-1f,0f,0f,0f,0f,0.7716f,0.6361f,1.2041f,0f,0.6361f,-0.7716f,0.0552f,0f,0f,0f,1f],start_interpolation: 0,interpolation_duration: 1}
$data merge entity $(bone_bone_overray) {transformation: [-1f,0f,0f,0f,0f,0.8757f,0.4828f,1.2041f,0f,0.4828f,-0.8757f,0.0552f,0f,0f,0f,1f],start_interpolation: 0,interpolation_duration: 1}
$data merge entity $(bone_bone) {transformation: [-1f,0f,0f,0f,0f,0.8757f,0.4828f,1.2041f,0f,0.4828f,-0.8757f,0.0552f,0f,0f,0f,1f],start_interpolation: 0,interpolation_duration: 1}
$data merge entity $(bone_left_arm1) {transformation: [-0.7979f,-0.4606f,-0.3889f,0.25f,-0.6005f,0.6633f,0.4465f,1.1426f,0.0523f,0.5898f,-0.8059f,0.0444f,0f,0f,0f,1f],start_interpolation: 0,interpolation_duration: 1}
$data merge entity $(bone_right_arm1) {transformation: [-0.869f,0.4948f,0.0018f,-0.25f,0.4286f,0.7509f,0.5024f,1.1426f,0.2472f,0.4374f,-0.8646f,0.0444f,0f,0f,0f,1f],start_interpolation: 0,interpolation_duration: 1}
data modify entity @s data merge value {"cameras":{},"locators":{"mouse":{"posx":-2.945281390077525e-17,"posy":1.39638428639554,"posz":0.2405004767193402,"roty":0,"rotx":-25.5},"left_arm":{"posx":0.6165268260710479,"posy":0.7240953263608938,"posz":-0.3643974373499222,"roty":334.2403879327345,"rotx":26.521313688481477},"right_arm":{"posx":-0.6444851366962503,"posy":0.6531359196236097,"posz":-0.2409102308703711,"roty":0.12128707541063477,"rotx":30.16219231740355}}}