# This file was generated by Animated Java via MC-Build. It is not recommended to edit this file directly.
$data merge entity $(bone_eyes) {transformation: [-1f,0f,0f,-0.0156f,0f,0.8988f,-0.4384f,1.6253f,0f,-0.4384f,-0.8988f,0.1303f,0f,0f,0f,1f],start_interpolation: 0,interpolation_duration: 1}
$data merge entity $(bone_head) {transformation: [-1f,0f,0f,0f,0f,0.8988f,-0.4384f,1.2062f,0f,-0.4384f,-0.8988f,0.0552f,0f,0f,0f,1f],start_interpolation: 0,interpolation_duration: 1}
$data merge entity $(bone_fabric_overray) {transformation: [-1f,0f,0f,0f,0f,0.749f,0.6626f,1.2062f,0f,0.6626f,-0.749f,0.0552f,0f,0f,0f,1f],start_interpolation: 0,interpolation_duration: 1}
$data merge entity $(bone_fabric) {transformation: [-1f,0f,0f,0f,0f,0.749f,0.6626f,1.2062f,0f,0.6626f,-0.749f,0.0552f,0f,0f,0f,1f],start_interpolation: 0,interpolation_duration: 1}
$data merge entity $(bone_bone_overray) {transformation: [-1f,0f,0f,0f,0f,0.8732f,0.4874f,1.2062f,0f,0.4874f,-0.8732f,0.0552f,0f,0f,0f,1f],start_interpolation: 0,interpolation_duration: 1}
$data merge entity $(bone_bone) {transformation: [-1f,0f,0f,0f,0f,0.8732f,0.4874f,1.2062f,0f,0.4874f,-0.8732f,0.0552f,0f,0f,0f,1f],start_interpolation: 0,interpolation_duration: 1}
$data merge entity $(bone_left_arm1) {transformation: [-0.7998f,-0.4589f,-0.3869f,0.25f,-0.598f,0.665f,0.4474f,1.1447f,0.0519f,0.5892f,-0.8063f,0.0444f,0f,0f,0f,1f],start_interpolation: 0,interpolation_duration: 1}
$data merge entity $(bone_right_arm1) {transformation: [-0.8703f,0.4926f,0.0016f,-0.25f,0.4267f,0.7523f,0.5019f,1.1447f,0.2461f,0.4375f,-0.8649f,0.0444f,0f,0f,0f,1f],start_interpolation: 0,interpolation_duration: 1}
data modify entity @s data merge value {"cameras":{},"locators":{"mouse":{"posx":-2.9246498977340847e-17,"posy":1.4001006118965167,"posz":0.23881578752096846,"roty":0,"rotx":-26.000000000000004},"left_arm":{"posx":0.6155095925598801,"posy":0.7248702465187487,"posz":-0.3639423456661391,"roty":334.3698804937759,"rotx":26.57723750208954},"right_arm":{"posx":-0.6430322672088634,"posy":0.654154016837831,"posz":-0.24104567467253601,"roty":0.10481639103988982,"rotx":30.12891619066322}}}