# This file was generated by Animated Java via MC-Build. It is not recommended to edit this file directly.
$data merge entity $(bone_eyes) {transformation: [-1f,0f,0f,-0.0156f,0f,0.8949f,-0.4462f,1.6281f,0f,-0.4462f,-0.8949f,0.1267f,0f,0f,0f,1f],start_interpolation: 0,interpolation_duration: 1}
$data merge entity $(bone_head) {transformation: [-1f,0f,0f,0f,0f,0.8949f,-0.4462f,1.2084f,0f,-0.4462f,-0.8949f,0.0552f,0f,0f,0f,1f],start_interpolation: 0,interpolation_duration: 1}
$data merge entity $(bone_fabric_overray) {transformation: [-1f,0f,0f,0f,0f,0.7254f,0.6884f,1.2084f,0f,0.6884f,-0.7254f,0.0552f,0f,0f,0f,1f],start_interpolation: 0,interpolation_duration: 1}
$data merge entity $(bone_fabric) {transformation: [-1f,0f,0f,0f,0f,0.7254f,0.6884f,1.2084f,0f,0.6884f,-0.7254f,0.0552f,0f,0f,0f,1f],start_interpolation: 0,interpolation_duration: 1}
$data merge entity $(bone_bone_overray) {transformation: [-1f,0f,0f,0f,0f,0.8707f,0.4919f,1.2084f,0f,0.4919f,-0.8707f,0.0552f,0f,0f,0f,1f],start_interpolation: 0,interpolation_duration: 1}
$data merge entity $(bone_bone) {transformation: [-1f,0f,0f,0f,0f,0.8707f,0.4919f,1.2084f,0f,0.4919f,-0.8707f,0.0552f,0f,0f,0f,1f],start_interpolation: 0,interpolation_duration: 1}
$data merge entity $(bone_left_arm1) {transformation: [-0.8021f,-0.4571f,-0.3844f,0.25f,-0.595f,0.6671f,0.4482f,1.1468f,0.0515f,0.5882f,-0.8071f,0.0444f,0f,0f,0f,1f],start_interpolation: 0,interpolation_duration: 1}
$data merge entity $(bone_right_arm1) {transformation: [-0.8717f,0.49f,0.0011f,-0.25f,0.4245f,0.7541f,0.5011f,1.1468f,0.2447f,0.4373f,-0.8654f,0.0444f,0f,0f,0f,1f],start_interpolation: 0,interpolation_duration: 1}
data modify entity @s data merge value {"cameras":{},"locators":{"mouse":{"posx":-2.903847175967329e-17,"posy":1.403802174609376,"posz":0.2371171163791144,"roty":0,"rotx":-26.5},"left_arm":{"posx":0.614396858974998,"posy":0.7253325248134516,"posz":-0.36324215987079805,"roty":334.5341334913613,"rotx":26.628730651555195},"right_arm":{"posx":-0.6413348679906903,"posy":0.6548918864341136,"posz":-0.2410220822302082,"roty":0.07601655838232091,"rotx":30.075041783712393}}}