# This file was generated by Animated Java via MC-Build. It is not recommended to edit this file directly.
$data merge entity $(bone_eyes) {transformation: [-1f,0f,0f,-0.0156f,0f,0.891f,-0.454f,1.6308f,0f,-0.454f,-0.891f,0.123f,0f,0f,0f,1f],start_interpolation: 0,interpolation_duration: 1}
$data merge entity $(bone_head) {transformation: [-1f,0f,0f,0f,0f,0.891f,-0.454f,1.2105f,0f,-0.454f,-0.891f,0.0552f,0f,0f,0f,1f],start_interpolation: 0,interpolation_duration: 1}
$data merge entity $(bone_fabric_overray) {transformation: [-1f,0f,0f,0f,0f,0.7009f,0.7133f,1.2105f,0f,0.7133f,-0.7009f,0.0552f,0f,0f,0f,1f],start_interpolation: 0,interpolation_duration: 1}
$data merge entity $(bone_fabric) {transformation: [-1f,0f,0f,0f,0f,0.7009f,0.7133f,1.2105f,0f,0.7133f,-0.7009f,0.0552f,0f,0f,0f,1f],start_interpolation: 0,interpolation_duration: 1}
$data merge entity $(bone_bone_overray) {transformation: [-1f,0f,0f,0f,0f,0.8681f,0.4964f,1.2105f,0f,0.4964f,-0.8681f,0.0552f,0f,0f,0f,1f],start_interpolation: 0,interpolation_duration: 1}
$data merge entity $(bone_bone) {transformation: [-1f,0f,0f,0f,0f,0.8681f,0.4964f,1.2105f,0f,0.4964f,-0.8681f,0.0552f,0f,0f,0f,1f],start_interpolation: 0,interpolation_duration: 1}
$data merge entity $(bone_left_arm1) {transformation: [-0.8046f,-0.4551f,-0.3814f,0.25f,-0.5916f,0.6697f,0.4489f,1.1489f,0.0511f,0.5869f,-0.8081f,0.0444f,0f,0f,0f,1f],start_interpolation: 0,interpolation_duration: 1}
$data merge entity $(bone_right_arm1) {transformation: [-0.8734f,0.487f,0.0005f,-0.25f,0.422f,0.7563f,0.5f,1.1489f,0.2431f,0.4369f,-0.866f,0.0444f,0f,0f,0f,1f],start_interpolation: 0,interpolation_duration: 1}
data modify entity @s data merge value {"cameras":{},"locators":{"mouse":{"posx":-2.882874808985062e-17,"posy":1.4074888530823138,"posz":0.2354045926541622,"roty":0,"rotx":-27},"left_arm":{"posx":0.6131865745274832,"posy":0.7254915789578821,"posz":-0.36230267464111665,"roty":334.7321168704226,"rotx":26.675384125423008},"right_arm":{"posx":-0.639398133894172,"posy":0.6553605416455242,"posz":-0.2408429792247494,"roty":0.0355633533959292,"rotx":30.001089940874994}}}