# This file was generated by Animated Java via MC-Build. It is not recommended to edit this file directly.
$data merge entity $(bone_eyes) {transformation: [-1f,0f,0f,-0.0156f,0f,0.887f,-0.4617f,1.6335f,0f,-0.4617f,-0.887f,0.1193f,0f,0f,0f,1f],start_interpolation: 0,interpolation_duration: 1}
$data merge entity $(bone_head) {transformation: [-1f,0f,0f,0f,0f,0.887f,-0.4617f,1.2126f,0f,-0.4617f,-0.887f,0.0552f,0f,0f,0f,1f],start_interpolation: 0,interpolation_duration: 1}
$data merge entity $(bone_fabric_overray) {transformation: [-1f,0f,0f,0f,0f,0.6756f,0.7373f,1.2126f,0f,0.7373f,-0.6756f,0.0552f,0f,0f,0f,1f],start_interpolation: 0,interpolation_duration: 1}
$data merge entity $(bone_fabric) {transformation: [-1f,0f,0f,0f,0f,0.6756f,0.7373f,1.2126f,0f,0.7373f,-0.6756f,0.0552f,0f,0f,0f,1f],start_interpolation: 0,interpolation_duration: 1}
$data merge entity $(bone_bone_overray) {transformation: [-1f,0f,0f,0f,0f,0.8655f,0.5009f,1.2126f,0f,0.5009f,-0.8655f,0.0552f,0f,0f,0f,1f],start_interpolation: 0,interpolation_duration: 1}
$data merge entity $(bone_bone) {transformation: [-1f,0f,0f,0f,0f,0.8655f,0.5009f,1.2126f,0f,0.5009f,-0.8655f,0.0552f,0f,0f,0f,1f],start_interpolation: 0,interpolation_duration: 1}
$data merge entity $(bone_left_arm1) {transformation: [-0.8074f,-0.453f,-0.378f,0.25f,-0.5878f,0.6726f,0.4496f,1.151f,0.0506f,0.5852f,-0.8093f,0.0444f,0f,0f,0f,1f],start_interpolation: 0,interpolation_duration: 1}
$data merge entity $(bone_right_arm1) {transformation: [-0.8752f,0.4837f,-0.0002f,-0.25f,0.4192f,0.7588f,0.4986f,1.151f,0.2413f,0.4363f,-0.8668f,0.0444f,0f,0f,0f,1f],start_interpolation: 0,interpolation_duration: 1}
data modify entity @s data merge value {"cameras":{},"locators":{"mouse":{"posx":-2.861734393914228e-17,"posy":1.4111605269970184,"posz":0.2336783467614237,"roty":0,"rotx":-27.500000000000004},"left_arm":{"posx":0.6118759943614188,"posy":0.7253569494470612,"posz":-0.3611294485499861,"roty":334.9627639071056,"rotx":26.716722551366967},"right_arm":{"posx":-0.637227013391127,"posy":0.6555714265094402,"posz":-0.2405117238257149,"roty":359.9841891966035,"rotx":29.907567370770156}}}