# This file was generated by Animated Java via MC-Build. It is not recommended to edit this file directly.
$data merge entity $(bone_eyes) {transformation: [-1f,0f,0f,-0.0156f,0f,0.8829f,-0.4695f,1.6361f,0f,-0.4695f,-0.8829f,0.1157f,0f,0f,0f,1f],start_interpolation: 0,interpolation_duration: 1}
$data merge entity $(bone_head) {transformation: [-1f,0f,0f,0f,0f,0.8829f,-0.4695f,1.2147f,0f,-0.4695f,-0.8829f,0.0552f,0f,0f,0f,1f],start_interpolation: 0,interpolation_duration: 1}
$data merge entity $(bone_fabric_overray) {transformation: [-1f,0f,0f,0f,0f,0.6782f,0.7349f,1.2147f,0f,0.7349f,-0.6782f,0.0552f,0f,0f,0f,1f],start_interpolation: 0,interpolation_duration: 1}
$data merge entity $(bone_fabric) {transformation: [-1f,0f,0f,0f,0f,0.6782f,0.7349f,1.2147f,0f,0.7349f,-0.6782f,0.0552f,0f,0f,0f,1f],start_interpolation: 0,interpolation_duration: 1}
$data merge entity $(bone_bone_overray) {transformation: [-1f,0f,0f,0f,0f,0.8629f,0.5054f,1.2147f,0f,0.5054f,-0.8629f,0.0552f,0f,0f,0f,1f],start_interpolation: 0,interpolation_duration: 1}
$data merge entity $(bone_bone) {transformation: [-1f,0f,0f,0f,0f,0.8629f,0.5054f,1.2147f,0f,0.5054f,-0.8629f,0.0552f,0f,0f,0f,1f],start_interpolation: 0,interpolation_duration: 1}
$data merge entity $(bone_left_arm1) {transformation: [-0.8105f,-0.4506f,-0.3742f,0.25f,-0.5836f,0.6759f,0.4501f,1.1531f,0.0501f,0.5832f,-0.8108f,0.0444f,0f,0f,0f,1f],start_interpolation: 0,interpolation_duration: 1}
$data merge entity $(bone_right_arm1) {transformation: [-0.8773f,0.48f,-0.0012f,-0.25f,0.416f,0.7616f,0.4969f,1.1531f,0.2394f,0.4354f,-0.8678f,0.0444f,0f,0f,0f,1f],start_interpolation: 0,interpolation_duration: 1}
data modify entity @s data merge value {"cameras":{},"locators":{"mouse":{"posx":-2.840427540679282e-17,"posy":1.4148170771778323,"posz":0.23193851016120717,"roty":0,"rotx":-28.000000000000007},"left_arm":{"posx":0.6104617674688912,"posy":0.7249383181142689,"posz":-0.3597278313841214,"roty":335.22497041558114,"rotx":26.75221283077749},"right_arm":{"posx":-0.6348262554048263,"posy":0.655536367417114,"posz":-0.2400315273926767,"roty":359.9226754913909,"rotx":29.79496974792486}}}