# This file was generated by Animated Java via MC-Build. It is not recommended to edit this file directly.
$data merge entity $(bone_eyes) {transformation: [-1f,0f,0f,-0.0156f,0f,0.8788f,-0.4772f,1.6388f,0f,-0.4772f,-0.8788f,0.112f,0f,0f,0f,1f],start_interpolation: 0,interpolation_duration: 1}
$data merge entity $(bone_head) {transformation: [-1f,0f,0f,0f,0f,0.8788f,-0.4772f,1.2168f,0f,-0.4772f,-0.8788f,0.0552f,0f,0f,0f,1f],start_interpolation: 0,interpolation_duration: 1}
$data merge entity $(bone_fabric_overray) {transformation: [-1f,0f,0f,0f,0f,0.6934f,0.7206f,1.2168f,0f,0.7206f,-0.6934f,0.0552f,0f,0f,0f,1f],start_interpolation: 0,interpolation_duration: 1}
$data merge entity $(bone_fabric) {transformation: [-1f,0f,0f,0f,0f,0.6934f,0.7206f,1.2168f,0f,0.7206f,-0.6934f,0.0552f,0f,0f,0f,1f],start_interpolation: 0,interpolation_duration: 1}
$data merge entity $(bone_bone_overray) {transformation: [-1f,0f,0f,0f,0f,0.8603f,0.5099f,1.2168f,0f,0.5099f,-0.8603f,0.0552f,0f,0f,0f,1f],start_interpolation: 0,interpolation_duration: 1}
$data merge entity $(bone_bone) {transformation: [-1f,0f,0f,0f,0f,0.8603f,0.5099f,1.2168f,0f,0.5099f,-0.8603f,0.0552f,0f,0f,0f,1f],start_interpolation: 0,interpolation_duration: 1}
$data merge entity $(bone_left_arm1) {transformation: [-0.8138f,-0.4481f,-0.37f,0.25f,-0.579f,0.6795f,0.4506f,1.1552f,0.0495f,0.5809f,-0.8125f,0.0444f,0f,0f,0f,1f],start_interpolation: 0,interpolation_duration: 1}
$data merge entity $(bone_right_arm1) {transformation: [-0.8795f,0.476f,-0.0022f,-0.25f,0.4126f,0.7647f,0.4949f,1.1552f,0.2373f,0.4343f,-0.8689f,0.0444f,0f,0f,0f,1f],start_interpolation: 0,interpolation_duration: 1}
data modify entity @s data merge value {"cameras":{},"locators":{"mouse":{"posx":-2.818955871879592e-17,"posy":1.4184583856008302,"posz":0.2301852153488058,"roty":0,"rotx":-28.499999999999993},"left_arm":{"posx":0.608940022704913,"posy":0.7242455275502876,"posz":-0.3581029909306416,"roty":335.5175938230641,"rotx":26.781272663893876},"right_arm":{"posx":-0.6322004555454508,"posy":0.6552675263114465,"posz":-0.2394054747992903,"roty":359.85184509878485,"rotx":29.6637847870591}}}