# This file was generated by Animated Java via MC-Build. It is not recommended to edit this file directly.
$data merge entity $(bone_eyes) {transformation: [-1f,0f,0f,-0.0156f,0f,0.8746f,-0.4848f,1.6413f,0f,-0.4848f,-0.8746f,0.1083f,0f,0f,0f,1f],start_interpolation: 0,interpolation_duration: 1}
$data merge entity $(bone_head) {transformation: [-1f,0f,0f,0f,0f,0.8746f,-0.4848f,1.2189f,0f,-0.4848f,-0.8746f,0.0552f,0f,0f,0f,1f],start_interpolation: 0,interpolation_duration: 1}
$data merge entity $(bone_fabric_overray) {transformation: [-1f,0f,0f,0f,0f,0.7133f,0.7009f,1.2189f,0f,0.7009f,-0.7133f,0.0552f,0f,0f,0f,1f],start_interpolation: 0,interpolation_duration: 1}
$data merge entity $(bone_fabric) {transformation: [-1f,0f,0f,0f,0f,0.7133f,0.7009f,1.2189f,0f,0.7009f,-0.7133f,0.0552f,0f,0f,0f,1f],start_interpolation: 0,interpolation_duration: 1}
$data merge entity $(bone_bone_overray) {transformation: [-1f,0f,0f,0f,0f,0.8576f,0.5143f,1.2189f,0f,0.5143f,-0.8576f,0.0552f,0f,0f,0f,1f],start_interpolation: 0,interpolation_duration: 1}
$data merge entity $(bone_bone) {transformation: [-1f,0f,0f,0f,0f,0.8576f,0.5143f,1.2189f,0f,0.5143f,-0.8576f,0.0552f,0f,0f,0f,1f],start_interpolation: 0,interpolation_duration: 1}
$data merge entity $(bone_left_arm1) {transformation: [-0.8174f,-0.4454f,-0.3653f,0.25f,-0.574f,0.6835f,0.4509f,1.1573f,0.0489f,0.5783f,-0.8144f,0.0444f,0f,0f,0f,1f],start_interpolation: 0,interpolation_duration: 1}
$data merge entity $(bone_right_arm1) {transformation: [-0.8818f,0.4716f,-0.0035f,-0.25f,0.4089f,0.7682f,0.4926f,1.1573f,0.235f,0.433f,-0.8702f,0.0444f,0f,0f,0f,1f],start_interpolation: 0,interpolation_duration: 1}
data modify entity @s data merge value {"cameras":{},"locators":{"mouse":{"posx":-2.797321022665866e-17,"posy":1.4220843354028052,"posz":0.22841859584440757,"roty":0,"rotx":-29.000000000000007},"left_arm":{"posx":0.6073064529956491,"posy":0.7232886006296874,"posz":-0.3562599391890823,"roty":335.83945222326776,"rotx":26.80327897459751},"right_arm":{"posx":-0.6293541013732192,"posy":0.6547773553222762,"posz":-0.23863654433448506,"roty":359.77255497740316,"rotx":29.514495245434485}}}