# This file was generated by Animated Java via MC-Build. It is not recommended to edit this file directly.
$data merge entity $(bone_eyes) {transformation: [-1f,0f,0f,-0.0156f,0f,0.8704f,-0.4924f,1.6439f,0f,-0.4924f,-0.8704f,0.1046f,0f,0f,0f,1f],start_interpolation: 0,interpolation_duration: 1}
$data merge entity $(bone_head) {transformation: [-1f,0f,0f,0f,0f,0.8704f,-0.4924f,1.221f,0f,-0.4924f,-0.8704f,0.0552f,0f,0f,0f,1f],start_interpolation: 0,interpolation_duration: 1}
$data merge entity $(bone_fabric_overray) {transformation: [-1f,0f,0f,0f,0f,0.7302f,0.6833f,1.221f,0f,0.6833f,-0.7302f,0.0552f,0f,0f,0f,1f],start_interpolation: 0,interpolation_duration: 1}
$data merge entity $(bone_fabric) {transformation: [-1f,0f,0f,0f,0f,0.7302f,0.6833f,1.221f,0f,0.6833f,-0.7302f,0.0552f,0f,0f,0f,1f],start_interpolation: 0,interpolation_duration: 1}
$data merge entity $(bone_bone_overray) {transformation: [-1f,0f,0f,0f,0f,0.8549f,0.5188f,1.221f,0f,0.5188f,-0.8549f,0.0552f,0f,0f,0f,1f],start_interpolation: 0,interpolation_duration: 1}
$data merge entity $(bone_bone) {transformation: [-1f,0f,0f,0f,0f,0.8549f,0.5188f,1.221f,0f,0.5188f,-0.8549f,0.0552f,0f,0f,0f,1f],start_interpolation: 0,interpolation_duration: 1}
$data merge entity $(bone_left_arm1) {transformation: [-0.8212f,-0.4425f,-0.3603f,0.25f,-0.5686f,0.6879f,0.4512f,1.1594f,0.0482f,0.5754f,-0.8165f,0.0444f,0f,0f,0f,1f],start_interpolation: 0,interpolation_duration: 1}
$data merge entity $(bone_right_arm1) {transformation: [-0.8843f,0.4669f,-0.0048f,-0.25f,0.4049f,0.7719f,0.4901f,1.1594f,0.2325f,0.4315f,-0.8716f,0.0444f,0f,0f,0f,1f],start_interpolation: 0,interpolation_duration: 1}
data modify entity @s data merge value {"cameras":{},"locators":{"mouse":{"posx":-2.7755246406156368e-17,"posy":1.4256948108901688,"posz":0.22663878618292763,"roty":0,"rotx":-29.499999999999996},"left_arm":{"posx":0.6055563978113907,"posy":0.7220777594533869,"posz":-0.35420355796974007,"roty":336.18932351305904,"rotx":26.817576240247842},"right_arm":{"posx":-0.626291616347381,"posy":0.6540785526524766,"posz":-0.2377276271386713,"roty":359.6856890159124,"rotx":29.347581813261794}}}