# This file was generated by Animated Java via MC-Build. It is not recommended to edit this file directly.
$data merge entity $(bone_eyes) {transformation: [-1f,0f,0f,-0.0156f,0f,0.9703f,0.2419f,1.5539f,0f,0.2419f,-0.9703f,0.3822f,0f,0f,0f,1f],start_interpolation: 0,interpolation_duration: 1}
$data merge entity $(bone_head) {transformation: [-1f,0f,0f,0f,0f,0.9703f,0.2419f,1.2811f,0f,0.2419f,-0.9703f,0.0552f,0f,0f,0f,1f],start_interpolation: 0,interpolation_duration: 1}
$data merge entity $(bone_fabric_overray) {transformation: [-1f,0f,0f,0f,0f,0.9613f,0.2756f,1.2811f,0f,0.2756f,-0.9613f,0.0552f,0f,0f,0f,1f],start_interpolation: 0,interpolation_duration: 1}
$data merge entity $(bone_fabric) {transformation: [-1f,0f,0f,0f,0f,0.9613f,0.2756f,1.2811f,0f,0.2756f,-0.9613f,0.0552f,0f,0f,0f,1f],start_interpolation: 0,interpolation_duration: 1}
$data merge entity $(bone_bone_overray) {transformation: [-1f,0f,0f,0f,0f,0.973f,0.2306f,1.2811f,0f,0.2306f,-0.973f,0.0552f,0f,0f,0f,1f],start_interpolation: 0,interpolation_duration: 1}
$data merge entity $(bone_bone) {transformation: [-1f,0f,0f,0f,0f,0.973f,0.2306f,1.2811f,0f,0.2306f,-0.973f,0.0552f,0f,0f,0f,1f],start_interpolation: 0,interpolation_duration: 1}
$data merge entity $(bone_left_arm1) {transformation: [-1f,0f,0f,0.25f,0f,0.9932f,0.1161f,1.2196f,0f,0.1161f,-0.9932f,0.0444f,0f,0f,0f,1f],start_interpolation: 0,interpolation_duration: 1}
$data merge entity $(bone_right_arm1) {transformation: [-1f,0f,0f,-0.25f,0f,0.9932f,0.1161f,1.2196f,0f,0.1161f,-0.9932f,0.0444f,0f,0f,0f,1f],start_interpolation: 0,interpolation_duration: 1}
data modify entity @s data merge value {"cameras":{},"locators":{"mouse":{"posx":-3.9246094348181574e-17,"posy":1.311590184358956,"posz":0.3204686802391207,"roty":0,"rotx":14.000000000000004},"left_arm":{"posx":0.3125,"posy":0.5367035784096493,"posz":-0.03545231860762614,"roty":0,"rotx":6.666666666666666},"right_arm":{"posx":-0.3125,"posy":0.5367035784096493,"posz":-0.035452318607626224,"roty":0,"rotx":6.666666666666666}}}