# This file was generated by Animated Java via MC-Build. It is not recommended to edit this file directly.
$data merge entity $(bone_eyes) {transformation: [-1f,0f,0f,-0.0156f,0f,0.866f,-0.5f,1.6464f,0f,-0.5f,-0.866f,0.1009f,0f,0f,0f,1f],start_interpolation: 0,interpolation_duration: 1}
$data merge entity $(bone_head) {transformation: [-1f,0f,0f,0f,0f,0.866f,-0.5f,1.2231f,0f,-0.5f,-0.866f,0.0552f,0f,0f,0f,1f],start_interpolation: 0,interpolation_duration: 1}
$data merge entity $(bone_fabric_overray) {transformation: [-1f,0f,0f,0f,0f,0.7373f,0.6756f,1.2231f,0f,0.6756f,-0.7373f,0.0552f,0f,0f,0f,1f],start_interpolation: 0,interpolation_duration: 1}
$data merge entity $(bone_fabric) {transformation: [-1f,0f,0f,0f,0f,0.7373f,0.6756f,1.2231f,0f,0.6756f,-0.7373f,0.0552f,0f,0f,0f,1f],start_interpolation: 0,interpolation_duration: 1}
$data merge entity $(bone_bone_overray) {transformation: [-1f,0f,0f,0f,0f,0.8522f,0.5232f,1.2231f,0f,0.5232f,-0.8522f,0.0552f,0f,0f,0f,1f],start_interpolation: 0,interpolation_duration: 1}
$data merge entity $(bone_bone) {transformation: [-1f,0f,0f,0f,0f,0.8522f,0.5232f,1.2231f,0f,0.5232f,-0.8522f,0.0552f,0f,0f,0f,1f],start_interpolation: 0,interpolation_duration: 1}
$data merge entity $(bone_left_arm1) {transformation: [-0.8252f,-0.4394f,-0.3549f,0.25f,-0.5629f,0.6925f,0.4512f,1.1615f,0.0475f,0.5721f,-0.8188f,0.0444f,0f,0f,0f,1f],start_interpolation: 0,interpolation_duration: 1}
$data merge entity $(bone_right_arm1) {transformation: [-0.8869f,0.4619f,-0.0062f,-0.25f,0.4007f,0.7759f,0.4873f,1.1615f,0.2299f,0.4297f,-0.8732f,0.0444f,0f,0f,0f,1f],start_interpolation: 0,interpolation_duration: 1}
data modify entity @s data merge value {"cameras":{},"locators":{"mouse":{"posx":-2.753568385607784e-17,"posy":1.4292896975477611,"posz":0.2248459219037624,"roty":0,"rotx":-30},"left_arm":{"posx":0.6036849239495196,"posy":0.7206234430795478,"posz":-0.35193862384259955,"roty":336.5659447112033,"rotx":26.823484727359215},"right_arm":{"posx":-0.6230174021515489,"posy":0.6531840195533497,"posz":-0.23668154613527387,"roty":359.5921510840117,"rotx":29.16352585688991}}}