# This file was generated by Animated Java via MC-Build. It is not recommended to edit this file directly.
$data merge entity $(bone_eyes) {transformation: [-1f,0f,0f,-0.0156f,0f,0.8616f,-0.5075f,1.6489f,0f,-0.5075f,-0.8616f,0.0972f,0f,0f,0f,1f],start_interpolation: 0,interpolation_duration: 1}
$data merge entity $(bone_head) {transformation: [-1f,0f,0f,0f,0f,0.8616f,-0.5075f,1.2252f,0f,-0.5075f,-0.8616f,0.0552f,0f,0f,0f,1f],start_interpolation: 0,interpolation_duration: 1}
$data merge entity $(bone_fabric_overray) {transformation: [-1f,0f,0f,0f,0f,0.7242f,0.6895f,1.2252f,0f,0.6895f,-0.7242f,0.0552f,0f,0f,0f,1f],start_interpolation: 0,interpolation_duration: 1}
$data merge entity $(bone_fabric) {transformation: [-1f,0f,0f,0f,0f,0.7242f,0.6895f,1.2252f,0f,0.6895f,-0.7242f,0.0552f,0f,0f,0f,1f],start_interpolation: 0,interpolation_duration: 1}
$data merge entity $(bone_bone_overray) {transformation: [-1f,0f,0f,0f,0f,0.8495f,0.5276f,1.2252f,0f,0.5276f,-0.8495f,0.0552f,0f,0f,0f,1f],start_interpolation: 0,interpolation_duration: 1}
$data merge entity $(bone_bone) {transformation: [-1f,0f,0f,0f,0f,0.8495f,0.5276f,1.2252f,0f,0.5276f,-0.8495f,0.0552f,0f,0f,0f,1f],start_interpolation: 0,interpolation_duration: 1}
$data merge entity $(bone_left_arm1) {transformation: [-0.8294f,-0.4361f,-0.3492f,0.25f,-0.5567f,0.6975f,0.4512f,1.1637f,0.0467f,0.5686f,-0.8213f,0.0444f,0f,0f,0f,1f],start_interpolation: 0,interpolation_duration: 1}
$data merge entity $(bone_right_arm1) {transformation: [-0.8896f,0.4566f,-0.0077f,-0.25f,0.3962f,0.7801f,0.4842f,1.1637f,0.2272f,0.4277f,-0.8749f,0.0444f,0f,0f,0f,1f],start_interpolation: 0,interpolation_duration: 1}
data modify entity @s data merge value {"cameras":{},"locators":{"mouse":{"posx":-2.731453929696133e-17,"posy":1.4328688820475728,"posz":0.22304013954046814,"roty":0,"rotx":-30.500000000000007},"left_arm":{"posx":0.601686904643445,"posy":0.718936323475716,"posz":-0.34946983240393364,"roty":336.9680115515652,"rotx":26.82030862868712},"right_arm":{"posx":-0.6195358791167357,"posy":0.6521068182538214,"posz":-0.2355010744198493,"roty":359.49285832660973,"rotx":28.962811984284997}}}