# This file was generated by Animated Java via MC-Build. It is not recommended to edit this file directly.
$data merge entity $(bone_eyes) {transformation: [-1f,0f,0f,-0.0156f,0f,0.8572f,-0.515f,1.6514f,0f,-0.515f,-0.8572f,0.0935f,0f,0f,0f,1f],start_interpolation: 0,interpolation_duration: 1}
$data merge entity $(bone_head) {transformation: [-1f,0f,0f,0f,0f,0.8572f,-0.515f,1.2273f,0f,-0.515f,-0.8572f,0.0552f,0f,0f,0f,1f],start_interpolation: 0,interpolation_duration: 1}
$data merge entity $(bone_fabric_overray) {transformation: [-1f,0f,0f,0f,0f,0.6756f,0.7373f,1.2273f,0f,0.7373f,-0.6756f,0.0552f,0f,0f,0f,1f],start_interpolation: 0,interpolation_duration: 1}
$data merge entity $(bone_fabric) {transformation: [-1f,0f,0f,0f,0f,0.6756f,0.7373f,1.2273f,0f,0.7373f,-0.6756f,0.0552f,0f,0f,0f,1f],start_interpolation: 0,interpolation_duration: 1}
$data merge entity $(bone_bone_overray) {transformation: [-1f,0f,0f,0f,0f,0.8467f,0.532f,1.2273f,0f,0.532f,-0.8467f,0.0552f,0f,0f,0f,1f],start_interpolation: 0,interpolation_duration: 1}
$data merge entity $(bone_bone) {transformation: [-1f,0f,0f,0f,0f,0.8467f,0.532f,1.2273f,0f,0.532f,-0.8467f,0.0552f,0f,0f,0f,1f],start_interpolation: 0,interpolation_duration: 1}
$data merge entity $(bone_left_arm1) {transformation: [-0.8337f,-0.4327f,-0.3431f,0.25f,-0.5503f,0.7027f,0.451f,1.1658f,0.046f,0.5648f,-0.824f,0.0444f,0f,0f,0f,1f],start_interpolation: 0,interpolation_duration: 1}
$data merge entity $(bone_right_arm1) {transformation: [-0.8925f,0.451f,-0.0094f,-0.25f,0.3914f,0.7845f,0.4809f,1.1658f,0.2242f,0.4256f,-0.8767f,0.0444f,0f,0f,0f,1f],start_interpolation: 0,interpolation_duration: 1}
data modify entity @s data merge value {"cameras":{},"locators":{"mouse":{"posx":-2.709182956982123e-17,"posy":1.436432252257374,"posz":0.22122157661036324,"roty":0,"rotx":-30.999999999999996},"left_arm":{"posx":0.5995570969822235,"posy":0.7170273191844054,"posz":-0.34680182183006253,"roty":337.3941784357312,"rotx":26.807344091629055},"right_arm":{"posx":-0.6158515244931653,"posy":0.6508601307342219,"posz":-0.23418895307063797,"roty":359.38873472438183,"rotx":28.745930407094402}}}