# This file was generated by Animated Java via MC-Build. It is not recommended to edit this file directly.
$data merge entity $(bone_eyes) {transformation: [-1f,0f,0f,-0.0156f,0f,0.8526f,-0.5225f,1.6538f,0f,-0.5225f,-0.8526f,0.0898f,0f,0f,0f,1f],start_interpolation: 0,interpolation_duration: 1}
$data merge entity $(bone_head) {transformation: [-1f,0f,0f,0f,0f,0.8526f,-0.5225f,1.2294f,0f,-0.5225f,-0.8526f,0.0552f,0f,0f,0f,1f],start_interpolation: 0,interpolation_duration: 1}
$data merge entity $(bone_fabric_overray) {transformation: [-1f,0f,0f,0f,0f,0.6673f,0.7448f,1.2294f,0f,0.7448f,-0.6673f,0.0552f,0f,0f,0f,1f],start_interpolation: 0,interpolation_duration: 1}
$data merge entity $(bone_fabric) {transformation: [-1f,0f,0f,0f,0f,0.6673f,0.7448f,1.2294f,0f,0.7448f,-0.6673f,0.0552f,0f,0f,0f,1f],start_interpolation: 0,interpolation_duration: 1}
$data merge entity $(bone_bone_overray) {transformation: [-1f,0f,0f,0f,0f,0.8439f,0.5364f,1.2294f,0f,0.5364f,-0.8439f,0.0552f,0f,0f,0f,1f],start_interpolation: 0,interpolation_duration: 1}
$data merge entity $(bone_bone) {transformation: [-1f,0f,0f,0f,0f,0.8439f,0.5364f,1.2294f,0f,0.5364f,-0.8439f,0.0552f,0f,0f,0f,1f],start_interpolation: 0,interpolation_duration: 1}
$data merge entity $(bone_left_arm1) {transformation: [-0.8382f,-0.4289f,-0.3367f,0.25f,-0.5434f,0.7083f,0.4506f,1.1679f,0.0452f,0.5607f,-0.8268f,0.0444f,0f,0f,0f,1f],start_interpolation: 0,interpolation_duration: 1}
$data merge entity $(bone_right_arm1) {transformation: [-0.8954f,0.4451f,-0.011f,-0.25f,0.3864f,0.7892f,0.4774f,1.1679f,0.2212f,0.4232f,-0.8786f,0.0444f,0f,0f,0f,1f],start_interpolation: 0,interpolation_duration: 1}
data modify entity @s data merge value {"cameras":{},"locators":{"mouse":{"posx":-2.6867571634865498e-17,"posy":1.4399796972492545,"posz":0.21939037160405553,"roty":0,"rotx":-31.499999999999996},"left_arm":{"posx":0.5972902175933041,"posy":0.7149076062524895,"posz":-0.34393919568972603,"roty":337.84305882155684,"rotx":26.78388712195928},"right_arm":{"posx":-0.6119689083506712,"posy":0.6494572182616684,"posz":-0.23274790834575065,"roty":359.28070494223675,"rotx":28.51337907831622}}}