# This file was generated by Animated Java via MC-Build. It is not recommended to edit this file directly.
$data merge entity $(bone_eyes) {transformation: [-1f,0f,0f,-0.0156f,0f,0.848f,-0.5299f,1.6562f,0f,-0.5299f,-0.848f,0.0861f,0f,0f,0f,1f],start_interpolation: 0,interpolation_duration: 1}
$data merge entity $(bone_head) {transformation: [-1f,0f,0f,0f,0f,0.848f,-0.5299f,1.2315f,0f,-0.5299f,-0.848f,0.0552f,0f,0f,0f,1f],start_interpolation: 0,interpolation_duration: 1}
$data merge entity $(bone_fabric_overray) {transformation: [-1f,0f,0f,0f,0f,0.6564f,0.7544f,1.2315f,0f,0.7544f,-0.6564f,0.0552f,0f,0f,0f,1f],start_interpolation: 0,interpolation_duration: 1}
$data merge entity $(bone_fabric) {transformation: [-1f,0f,0f,0f,0f,0.6564f,0.7544f,1.2315f,0f,0.7544f,-0.6564f,0.0552f,0f,0f,0f,1f],start_interpolation: 0,interpolation_duration: 1}
$data merge entity $(bone_bone_overray) {transformation: [-1f,0f,0f,0f,0f,0.8412f,0.5408f,1.2315f,0f,0.5408f,-0.8412f,0.0552f,0f,0f,0f,1f],start_interpolation: 0,interpolation_duration: 1}
$data merge entity $(bone_bone) {transformation: [-1f,0f,0f,0f,0f,0.8412f,0.5408f,1.2315f,0f,0.5408f,-0.8412f,0.0552f,0f,0f,0f,1f],start_interpolation: 0,interpolation_duration: 1}
$data merge entity $(bone_left_arm1) {transformation: [-0.8429f,-0.425f,-0.33f,0.25f,-0.5363f,0.714f,0.4501f,1.17f,0.0443f,0.5563f,-0.8298f,0.0444f,0f,0f,0f,1f],start_interpolation: 0,interpolation_duration: 1}
$data merge entity $(bone_right_arm1) {transformation: [-0.8984f,0.4389f,-0.0128f,-0.25f,0.3812f,0.794f,0.4736f,1.17f,0.218f,0.4206f,-0.8807f,0.0444f,0f,0f,0f,1f],start_interpolation: 0,interpolation_duration: 1}
data modify entity @s data merge value {"cameras":{},"locators":{"mouse":{"posx":-2.664178257020415e-17,"posy":1.4435111073080709,"posz":0.21754666397489625,"roty":0,"rotx":-31.999999999999996},"left_arm":{"posx":0.5948810165084772,"posy":0.712588626032097,"posz":-0.34088654498814047,"roty":338.3132261144593,"rotx":26.749241341027176},"right_arm":{"posx":-0.6078927269154056,"posy":0.6479113816297861,"posz":-0.23118066823336303,"roty":359.16968848533844,"rotx":28.26566558920771}}}