# This file was generated by Animated Java via MC-Build. It is not recommended to edit this file directly.
$data merge entity $(bone_eyes) {transformation: [-1f,0f,0f,-0.0156f,0f,0.8434f,-0.5373f,1.6585f,0f,-0.5373f,-0.8434f,0.0824f,0f,0f,0f,1f],start_interpolation: 0,interpolation_duration: 1}
$data merge entity $(bone_head) {transformation: [-1f,0f,0f,0f,0f,0.8434f,-0.5373f,1.2336f,0f,-0.5373f,-0.8434f,0.0552f,0f,0f,0f,1f],start_interpolation: 0,interpolation_duration: 1}
$data merge entity $(bone_fabric_overray) {transformation: [-1f,0f,0f,0f,0f,0.6431f,0.7658f,1.2336f,0f,0.7658f,-0.6431f,0.0552f,0f,0f,0f,1f],start_interpolation: 0,interpolation_duration: 1}
$data merge entity $(bone_fabric) {transformation: [-1f,0f,0f,0f,0f,0.6431f,0.7658f,1.2336f,0f,0.7658f,-0.6431f,0.0552f,0f,0f,0f,1f],start_interpolation: 0,interpolation_duration: 1}
$data merge entity $(bone_bone_overray) {transformation: [-1f,0f,0f,0f,0f,0.8383f,0.5452f,1.2336f,0f,0.5452f,-0.8383f,0.0552f,0f,0f,0f,1f],start_interpolation: 0,interpolation_duration: 1}
$data merge entity $(bone_bone) {transformation: [-1f,0f,0f,0f,0f,0.8383f,0.5452f,1.2336f,0f,0.5452f,-0.8383f,0.0552f,0f,0f,0f,1f],start_interpolation: 0,interpolation_duration: 1}
$data merge entity $(bone_left_arm1) {transformation: [-0.8477f,-0.4209f,-0.323f,0.25f,-0.5287f,0.7201f,0.4494f,1.1721f,0.0435f,0.5517f,-0.8329f,0.0444f,0f,0f,0f,1f],start_interpolation: 0,interpolation_duration: 1}
$data merge entity $(bone_right_arm1) {transformation: [-0.9016f,0.4324f,-0.0145f,-0.25f,0.3757f,0.799f,0.4695f,1.1721f,0.2146f,0.4178f,-0.8828f,0.0444f,0f,0f,0f,1f],start_interpolation: 0,interpolation_duration: 1}
data modify entity @s data merge value {"cameras":{},"locators":{"mouse":{"posx":-2.6414479570548626e-17,"posy":1.4470263739398024,"posz":0.21569059412835948,"roty":0,"rotx":-32.49999999999999},"left_arm":{"posx":0.5923243491014861,"posy":0.7100820895175455,"posz":-0.3376484694170835,"roty":338.80321511729807,"rotx":26.702725568871895},"right_arm":{"posx":-0.6036278331778473,"posy":0.646235922070458,"posz":-0.22948997832240953,"roty":359.05659418019394,"rotx":28.00330881351496}}}