# This file was generated by Animated Java via MC-Build. It is not recommended to edit this file directly.
$data merge entity $(bone_eyes) {transformation: [-1f,0f,0f,-0.0156f,0f,0.8387f,-0.5446f,1.6609f,0f,-0.5446f,-0.8387f,0.0787f,0f,0f,0f,1f],start_interpolation: 0,interpolation_duration: 1}
$data merge entity $(bone_head) {transformation: [-1f,0f,0f,0f,0f,0.8387f,-0.5446f,1.2357f,0f,-0.5446f,-0.8387f,0.0552f,0f,0f,0f,1f],start_interpolation: 0,interpolation_duration: 1}
$data merge entity $(bone_fabric_overray) {transformation: [-1f,0f,0f,0f,0f,0.6277f,0.7784f,1.2357f,0f,0.7784f,-0.6277f,0.0552f,0f,0f,0f,1f],start_interpolation: 0,interpolation_duration: 1}
$data merge entity $(bone_fabric) {transformation: [-1f,0f,0f,0f,0f,0.6277f,0.7784f,1.2357f,0f,0.7784f,-0.6277f,0.0552f,0f,0f,0f,1f],start_interpolation: 0,interpolation_duration: 1}
$data merge entity $(bone_bone_overray) {transformation: [-1f,0f,0f,0f,0f,0.8355f,0.5495f,1.2357f,0f,0.5495f,-0.8355f,0.0552f,0f,0f,0f,1f],start_interpolation: 0,interpolation_duration: 1}
$data merge entity $(bone_bone) {transformation: [-1f,0f,0f,0f,0f,0.8355f,0.5495f,1.2357f,0f,0.5495f,-0.8355f,0.0552f,0f,0f,0f,1f],start_interpolation: 0,interpolation_duration: 1}
$data merge entity $(bone_left_arm1) {transformation: [-0.8525f,-0.4165f,-0.3158f,0.25f,-0.5209f,0.7263f,0.4484f,1.1742f,0.0426f,0.5468f,-0.8362f,0.0444f,0f,0f,0f,1f],start_interpolation: 0,interpolation_duration: 1}
$data merge entity $(bone_right_arm1) {transformation: [-0.9047f,0.4256f,-0.0163f,-0.25f,0.3699f,0.8042f,0.4653f,1.1742f,0.2112f,0.4149f,-0.885f,0.0444f,0f,0f,0f,1f],start_interpolation: 0,interpolation_duration: 1}
data modify entity @s data merge value {"cameras":{},"locators":{"mouse":{"posx":-2.618567994590239e-17,"posy":1.4505253898798127,"posz":0.21382230341134992,"roty":0,"rotx":-33},"left_arm":{"posx":0.5896152459556645,"posy":0.707399977939341,"posz":-0.3342295977863527,"roty":339.3115240824012,"rotx":26.643681200458843},"right_arm":{"posx":-0.5991792646337797,"posy":0.6444441028291042,"posz":-0.22767861696237152,"roty":358.94231499593997,"rotx":27.726840291344335}}}