# This file was generated by Animated Java via MC-Build. It is not recommended to edit this file directly.
$data merge entity $(bone_eyes) {transformation: [-1f,0f,0f,-0.0156f,0f,0.8339f,-0.5519f,1.6632f,0f,-0.5519f,-0.8339f,0.075f,0f,0f,0f,1f],start_interpolation: 0,interpolation_duration: 1}
$data merge entity $(bone_head) {transformation: [-1f,0f,0f,0f,0f,0.8339f,-0.5519f,1.2378f,0f,-0.5519f,-0.8339f,0.0552f,0f,0f,0f,1f],start_interpolation: 0,interpolation_duration: 1}
$data merge entity $(bone_fabric_overray) {transformation: [-1f,0f,0f,0f,0f,0.6106f,0.792f,1.2378f,0f,0.792f,-0.6106f,0.0552f,0f,0f,0f,1f],start_interpolation: 0,interpolation_duration: 1}
$data merge entity $(bone_fabric) {transformation: [-1f,0f,0f,0f,0f,0.6106f,0.792f,1.2378f,0f,0.792f,-0.6106f,0.0552f,0f,0f,0f,1f],start_interpolation: 0,interpolation_duration: 1}
$data merge entity $(bone_bone_overray) {transformation: [-1f,0f,0f,0f,0f,0.8326f,0.5538f,1.2378f,0f,0.5538f,-0.8326f,0.0552f,0f,0f,0f,1f],start_interpolation: 0,interpolation_duration: 1}
$data merge entity $(bone_bone) {transformation: [-1f,0f,0f,0f,0f,0.8326f,0.5538f,1.2378f,0f,0.5538f,-0.8326f,0.0552f,0f,0f,0f,1f],start_interpolation: 0,interpolation_duration: 1}
$data merge entity $(bone_left_arm1) {transformation: [-0.8575f,-0.4119f,-0.3083f,0.25f,-0.5128f,0.7328f,0.4473f,1.1763f,0.0417f,0.5417f,-0.8396f,0.0444f,0f,0f,0f,1f],start_interpolation: 0,interpolation_duration: 1}
$data merge entity $(bone_right_arm1) {transformation: [-0.908f,0.4186f,-0.0182f,-0.25f,0.364f,0.8094f,0.4608f,1.1763f,0.2076f,0.4118f,-0.8873f,0.0444f,0f,0f,0f,1f],start_interpolation: 0,interpolation_duration: 1}
data modify entity @s data merge value {"cameras":{},"locators":{"mouse":{"posx":-2.595540112024269e-17,"posy":1.4540080491010177,"posz":0.21194193410143933,"roty":0,"rotx":-33.5},"left_arm":{"posx":0.586748980492076,"posy":0.7045545393925755,"posz":-0.3306346076126998,"roty":339.83661739576945,"rotx":26.571479337633733},"right_arm":{"posx":-0.5945522680461499,"posy":0.6425491114174563,"posz":-0.2257494096819308,"roty":358.8277232183484,"rotx":27.43680534898422}}}