# This file was generated by Animated Java via MC-Build. It is not recommended to edit this file directly.
$data merge entity $(bone_eyes) {transformation: [-1f,0f,0f,-0.0156f,0f,0.829f,-0.5592f,1.6654f,0f,-0.5592f,-0.829f,0.0713f,0f,0f,0f,1f],start_interpolation: 0,interpolation_duration: 1}
$data merge entity $(bone_head) {transformation: [-1f,0f,0f,0f,0f,0.829f,-0.5592f,1.24f,0f,-0.5592f,-0.829f,0.0552f,0f,0f,0f,1f],start_interpolation: 0,interpolation_duration: 1}
$data merge entity $(bone_fabric_overray) {transformation: [-1f,0f,0f,0f,0f,0.592f,0.806f,1.24f,0f,0.806f,-0.592f,0.0552f,0f,0f,0f,1f],start_interpolation: 0,interpolation_duration: 1}
$data merge entity $(bone_fabric) {transformation: [-1f,0f,0f,0f,0f,0.592f,0.806f,1.24f,0f,0.806f,-0.592f,0.0552f,0f,0f,0f,1f],start_interpolation: 0,interpolation_duration: 1}
$data merge entity $(bone_bone_overray) {transformation: [-1f,0f,0f,0f,0f,0.8297f,0.5582f,1.24f,0f,0.5582f,-0.8297f,0.0552f,0f,0f,0f,1f],start_interpolation: 0,interpolation_duration: 1}
$data merge entity $(bone_bone) {transformation: [-1f,0f,0f,0f,0f,0.8297f,0.5582f,1.24f,0f,0.5582f,-0.8297f,0.0552f,0f,0f,0f,1f],start_interpolation: 0,interpolation_duration: 1}
$data merge entity $(bone_left_arm1) {transformation: [-0.8626f,-0.407f,-0.3006f,0.25f,-0.5043f,0.7394f,0.446f,1.1784f,0.0408f,0.5363f,-0.8431f,0.0444f,0f,0f,0f,1f],start_interpolation: 0,interpolation_duration: 1}
$data merge entity $(bone_right_arm1) {transformation: [-0.9113f,0.4113f,-0.02f,-0.25f,0.3578f,0.8148f,0.4561f,1.1784f,0.2039f,0.4084f,-0.8897f,0.0444f,0f,0f,0f,1f],start_interpolation: 0,interpolation_duration: 1}
data modify entity @s data merge value {"cameras":{},"locators":{"mouse":{"posx":-2.5723660630193668e-17,"posy":1.4574742468219615,"posz":0.2100496293960306,"roty":0,"rotx":-34.00000000000001},"left_arm":{"posx":0.5837211341635962,"posy":0.7015582813332315,"posz":-0.3268682438429031,"roty":340.3769289089021,"rotx":26.485527635614748},"right_arm":{"posx":-0.589752321141505,"posy":0.6405640225786247,"posz":-0.22370524283755483,"roty":358.7136659862638,"rotx":27.133763954687588}}}