# This file was generated by Animated Java via MC-Build. It is not recommended to edit this file directly.
$data merge entity $(bone_eyes) {transformation: [-1f,0f,0f,-0.0156f,0f,0.8241f,-0.5664f,1.6677f,0f,-0.5664f,-0.8241f,0.0676f,0f,0f,0f,1f],start_interpolation: 0,interpolation_duration: 1}
$data merge entity $(bone_head) {transformation: [-1f,0f,0f,0f,0f,0.8241f,-0.5664f,1.2421f,0f,-0.5664f,-0.8241f,0.0552f,0f,0f,0f,1f],start_interpolation: 0,interpolation_duration: 1}
$data merge entity $(bone_fabric_overray) {transformation: [-1f,0f,0f,0f,0f,0.5723f,0.8201f,1.2421f,0f,0.8201f,-0.5723f,0.0552f,0f,0f,0f,1f],start_interpolation: 0,interpolation_duration: 1}
$data merge entity $(bone_fabric) {transformation: [-1f,0f,0f,0f,0f,0.5723f,0.8201f,1.2421f,0f,0.8201f,-0.5723f,0.0552f,0f,0f,0f,1f],start_interpolation: 0,interpolation_duration: 1}
$data merge entity $(bone_bone_overray) {transformation: [-1f,0f,0f,0f,0f,0.8268f,0.5625f,1.2421f,0f,0.5625f,-0.8268f,0.0552f,0f,0f,0f,1f],start_interpolation: 0,interpolation_duration: 1}
$data merge entity $(bone_bone) {transformation: [-1f,0f,0f,0f,0f,0.8268f,0.5625f,1.2421f,0f,0.5625f,-0.8268f,0.0552f,0f,0f,0f,1f],start_interpolation: 0,interpolation_duration: 1}
$data merge entity $(bone_left_arm1) {transformation: [-0.8677f,-0.4019f,-0.2927f,0.25f,-0.4956f,0.7463f,0.4444f,1.1805f,0.0398f,0.5306f,-0.8467f,0.0444f,0f,0f,0f,1f],start_interpolation: 0,interpolation_duration: 1}
$data merge entity $(bone_right_arm1) {transformation: [-0.9146f,0.4038f,-0.0218f,-0.25f,0.3515f,0.8203f,0.4512f,1.1805f,0.2001f,0.405f,-0.8922f,0.0444f,0f,0f,0f,1f],start_interpolation: 0,interpolation_duration: 1}
data modify entity @s data merge value {"cameras":{},"locators":{"mouse":{"posx":-2.5490476123690858e-17,"posy":1.4609238795147956,"posz":0.20814553340145356,"roty":0,"rotx":-34.5},"left_arm":{"posx":0.5805276589987483,"posy":0.6984239588318933,"posz":-0.3229353366880596,"roty":340.93086591827443,"rotx":26.385276820076218},"right_arm":{"posx":-0.5847851511801255,"posy":0.6385017620182906,"posz":-0.22154907646454747,"roty":358.60096119723283,"rotx":26.818291313814907}}}