# This file was generated by Animated Java via MC-Build. It is not recommended to edit this file directly.
$data merge entity $(bone_eyes) {transformation: [-1f,0f,0f,-0.0156f,0f,0.8192f,-0.5736f,1.6699f,0f,-0.5736f,-0.8192f,0.0639f,0f,0f,0f,1f],start_interpolation: 0,interpolation_duration: 1}
$data merge entity $(bone_head) {transformation: [-1f,0f,0f,0f,0f,0.8192f,-0.5736f,1.2442f,0f,-0.5736f,-0.8192f,0.0552f,0f,0f,0f,1f],start_interpolation: 0,interpolation_duration: 1}
$data merge entity $(bone_fabric_overray) {transformation: [-1f,0f,0f,0f,0f,0.5518f,0.834f,1.2442f,0f,0.834f,-0.5518f,0.0552f,0f,0f,0f,1f],start_interpolation: 0,interpolation_duration: 1}
$data merge entity $(bone_fabric) {transformation: [-1f,0f,0f,0f,0f,0.5518f,0.834f,1.2442f,0f,0.834f,-0.5518f,0.0552f,0f,0f,0f,1f],start_interpolation: 0,interpolation_duration: 1}
$data merge entity $(bone_bone_overray) {transformation: [-1f,0f,0f,0f,0f,0.8239f,0.5667f,1.2442f,0f,0.5667f,-0.8239f,0.0552f,0f,0f,0f,1f],start_interpolation: 0,interpolation_duration: 1}
$data merge entity $(bone_bone) {transformation: [-1f,0f,0f,0f,0f,0.8239f,0.5667f,1.2442f,0f,0.5667f,-0.8239f,0.0552f,0f,0f,0f,1f],start_interpolation: 0,interpolation_duration: 1}
$data merge entity $(bone_left_arm1) {transformation: [-0.8728f,-0.3965f,-0.2846f,0.25f,-0.4865f,0.7533f,0.4426f,1.1826f,0.0389f,0.5248f,-0.8504f,0.0444f,0f,0f,0f,1f],start_interpolation: 0,interpolation_duration: 1}
$data merge entity $(bone_right_arm1) {transformation: [-0.9179f,0.3961f,-0.0236f,-0.25f,0.3449f,0.8259f,0.4461f,1.1826f,0.1961f,0.4013f,-0.8947f,0.0444f,0f,0f,0f,1f],start_interpolation: 0,interpolation_duration: 1}
data modify entity @s data merge value {"cameras":{},"locators":{"mouse":{"posx":-2.5255865358637234e-17,"posy":1.4643568449131616,"posz":0.20622979112199005,"roty":0,"rotx":-35.00000000000001},"left_arm":{"posx":0.577164937261385,"posy":0.6951645585301174,"posz":-0.31884081854649826,"roty":341.49681377660505,"rotx":26.27022682926654},"right_arm":{"posx":-0.5796567503639696,"posy":0.6363750709728948,"posz":-0.2192839563047711,"roty":358.49039378604834,"rotx":26.490978209789326}}}