# This file was generated by Animated Java via MC-Build. It is not recommended to edit this file directly.
$data merge entity $(bone_eyes) {transformation: [-1f,0f,0f,-0.0156f,0f,0.8141f,-0.5807f,1.672f,0f,-0.5807f,-0.8141f,0.0601f,0f,0f,0f,1f],start_interpolation: 0,interpolation_duration: 1}
$data merge entity $(bone_head) {transformation: [-1f,0f,0f,0f,0f,0.8141f,-0.5807f,1.2463f,0f,-0.5807f,-0.8141f,0.0552f,0f,0f,0f,1f],start_interpolation: 0,interpolation_duration: 1}
$data merge entity $(bone_fabric_overray) {transformation: [-1f,0f,0f,0f,0f,0.531f,0.8474f,1.2463f,0f,0.8474f,-0.531f,0.0552f,0f,0f,0f,1f],start_interpolation: 0,interpolation_duration: 1}
$data merge entity $(bone_fabric) {transformation: [-1f,0f,0f,0f,0f,0.531f,0.8474f,1.2463f,0f,0.8474f,-0.531f,0.0552f,0f,0f,0f,1f],start_interpolation: 0,interpolation_duration: 1}
$data merge entity $(bone_bone_overray) {transformation: [-1f,0f,0f,0f,0f,0.8209f,0.571f,1.2463f,0f,0.571f,-0.8209f,0.0552f,0f,0f,0f,1f],start_interpolation: 0,interpolation_duration: 1}
$data merge entity $(bone_bone) {transformation: [-1f,0f,0f,0f,0f,0.8209f,0.571f,1.2463f,0f,0.571f,-0.8209f,0.0552f,0f,0f,0f,1f],start_interpolation: 0,interpolation_duration: 1}
$data merge entity $(bone_left_arm1) {transformation: [-0.878f,-0.3909f,-0.2763f,0.25f,-0.4772f,0.7604f,0.4406f,1.1847f,0.0379f,0.5187f,-0.8541f,0.0444f,0f,0f,0f,1f],start_interpolation: 0,interpolation_duration: 1}
$data merge entity $(bone_right_arm1) {transformation: [-0.9213f,0.3881f,-0.0253f,-0.25f,0.3381f,0.8315f,0.4408f,1.1847f,0.1921f,0.3975f,-0.8973f,0.0444f,0f,0f,0f,1f],start_interpolation: 0,interpolation_duration: 1}
data modify entity @s data merge value {"cameras":{},"locators":{"mouse":{"posx":-2.501984620155091e-17,"posy":1.4677730420199806,"posz":0.20430254844883192,"roty":0,"rotx":-35.50000000000001},"left_arm":{"posx":0.5736298379788889,"posy":0.6917932783000049,"posz":-0.31458973999298245,"roty":342.07314110407697,"rotx":26.139932535259916},"right_arm":{"posx":-0.574373388071123,"posy":0.6341964717006096,"posz":-0.21691302498716453,"roty":358.38271237686513,"rotx":26.152431100020596}}}