# This file was generated by Animated Java via MC-Build. It is not recommended to edit this file directly.
$data merge entity $(bone_eyes) {transformation: [-1f,0f,0f,-0.0156f,0f,0.809f,-0.5878f,1.6742f,0f,-0.5878f,-0.809f,0.0564f,0f,0f,0f,1f],start_interpolation: 0,interpolation_duration: 1}
$data merge entity $(bone_head) {transformation: [-1f,0f,0f,0f,0f,0.809f,-0.5878f,1.2484f,0f,-0.5878f,-0.809f,0.0552f,0f,0f,0f,1f],start_interpolation: 0,interpolation_duration: 1}
$data merge entity $(bone_fabric_overray) {transformation: [-1f,0f,0f,0f,0f,0.5102f,0.8601f,1.2484f,0f,0.8601f,-0.5102f,0.0552f,0f,0f,0f,1f],start_interpolation: 0,interpolation_duration: 1}
$data merge entity $(bone_fabric) {transformation: [-1f,0f,0f,0f,0f,0.5102f,0.8601f,1.2484f,0f,0.8601f,-0.5102f,0.0552f,0f,0f,0f,1f],start_interpolation: 0,interpolation_duration: 1}
$data merge entity $(bone_bone_overray) {transformation: [-1f,0f,0f,0f,0f,0.818f,0.5753f,1.2484f,0f,0.5753f,-0.818f,0.0552f,0f,0f,0f,1f],start_interpolation: 0,interpolation_duration: 1}
$data merge entity $(bone_bone) {transformation: [-1f,0f,0f,0f,0f,0.818f,0.5753f,1.2484f,0f,0.5753f,-0.818f,0.0552f,0f,0f,0f,1f],start_interpolation: 0,interpolation_duration: 1}
$data merge entity $(bone_left_arm1) {transformation: [-0.8832f,-0.3851f,-0.2679f,0.25f,-0.4676f,0.7676f,0.4383f,1.1868f,0.0369f,0.5124f,-0.858f,0.0444f,0f,0f,0f,1f],start_interpolation: 0,interpolation_duration: 1}
$data merge entity $(bone_right_arm1) {transformation: [-0.9247f,0.3799f,-0.027f,-0.25f,0.3312f,0.8372f,0.4353f,1.1868f,0.188f,0.3935f,-0.8999f,0.0444f,0f,0f,0f,1f],start_interpolation: 0,interpolation_duration: 1}
data modify entity @s data merge value {"cameras":{},"locators":{"mouse":{"posx":-2.478243662620445e-17,"posy":1.471172371115144,"posz":0.20236395214897024,"roty":0,"rotx":-36},"left_arm":{"posx":0.5699197700828271,"posy":0.68832350266217,"posz":-0.3101872848121571,"roty":342.65820555209245,"rotx":25.99400899943673},"right_arm":{"posx":-0.568941619929541,"posy":0.6319782339935766,"posz":-0.2144395323393573,"roty":358.27862630654045,"rotx":25.803271978301538}}}