# This file was generated by Animated Java via MC-Build. It is not recommended to edit this file directly.
$data merge entity $(bone_eyes) {transformation: [-1f,0f,0f,-0.0156f,0f,0.8039f,-0.5948f,1.6763f,0f,-0.5948f,-0.8039f,0.0527f,0f,0f,0f,1f],start_interpolation: 0,interpolation_duration: 1}
$data merge entity $(bone_head) {transformation: [-1f,0f,0f,0f,0f,0.8039f,-0.5948f,1.2505f,0f,-0.5948f,-0.8039f,0.0552f,0f,0f,0f,1f],start_interpolation: 0,interpolation_duration: 1}
$data merge entity $(bone_fabric_overray) {transformation: [-1f,0f,0f,0f,0f,0.49f,0.8717f,1.2505f,0f,0.8717f,-0.49f,0.0552f,0f,0f,0f,1f],start_interpolation: 0,interpolation_duration: 1}
$data merge entity $(bone_fabric) {transformation: [-1f,0f,0f,0f,0f,0.49f,0.8717f,1.2505f,0f,0.8717f,-0.49f,0.0552f,0f,0f,0f,1f],start_interpolation: 0,interpolation_duration: 1}
$data merge entity $(bone_bone_overray) {transformation: [-1f,0f,0f,0f,0f,0.815f,0.5795f,1.2505f,0f,0.5795f,-0.815f,0.0552f,0f,0f,0f,1f],start_interpolation: 0,interpolation_duration: 1}
$data merge entity $(bone_bone) {transformation: [-1f,0f,0f,0f,0f,0.815f,0.5795f,1.2505f,0f,0.5795f,-0.815f,0.0552f,0f,0f,0f,1f],start_interpolation: 0,interpolation_duration: 1}
$data merge entity $(bone_left_arm1) {transformation: [-0.8883f,-0.3789f,-0.2594f,0.25f,-0.4578f,0.775f,0.4357f,1.1889f,0.0359f,0.5058f,-0.8619f,0.0444f,0f,0f,0f,1f],start_interpolation: 0,interpolation_duration: 1}
$data merge entity $(bone_right_arm1) {transformation: [-0.928f,0.3714f,-0.0287f,-0.25f,0.3241f,0.8428f,0.4296f,1.1889f,0.1838f,0.3894f,-0.9025f,0.0444f,0f,0f,0f,1f],start_interpolation: 0,interpolation_duration: 1}
data modify entity @s data merge value {"cameras":{},"locators":{"mouse":{"posx":-2.4543654712256217e-17,"posy":1.4745547337631075,"posz":0.20041414985401884,"roty":0,"rotx":-36.49999999999999},"left_arm":{"posx":0.5660327319021701,"posy":0.6847687740709577,"posz":-0.30563878405452183,"roty":343.2503600574224,"rotx":25.832136219641548},"right_arm":{"posx":-0.5633682937663937,"posy":0.6297323428202549,"posz":-0.21186684481113544,"roty":358.1788030139488,"rotx":25.444138017171852}}}