# This file was generated by Animated Java via MC-Build. It is not recommended to edit this file directly.
$data merge entity $(bone_eyes) {transformation: [-1f,0f,0f,-0.0156f,0f,0.7986f,-0.6018f,1.6783f,0f,-0.6018f,-0.7986f,0.049f,0f,0f,0f,1f],start_interpolation: 0,interpolation_duration: 1}
$data merge entity $(bone_head) {transformation: [-1f,0f,0f,0f,0f,0.7986f,-0.6018f,1.2526f,0f,-0.6018f,-0.7986f,0.0552f,0f,0f,0f,1f],start_interpolation: 0,interpolation_duration: 1}
$data merge entity $(bone_fabric_overray) {transformation: [-1f,0f,0f,0f,0f,0.4708f,0.8823f,1.2526f,0f,0.8823f,-0.4708f,0.0552f,0f,0f,0f,1f],start_interpolation: 0,interpolation_duration: 1}
$data merge entity $(bone_fabric) {transformation: [-1f,0f,0f,0f,0f,0.4708f,0.8823f,1.2526f,0f,0.8823f,-0.4708f,0.0552f,0f,0f,0f,1f],start_interpolation: 0,interpolation_duration: 1}
$data merge entity $(bone_bone_overray) {transformation: [-1f,0f,0f,0f,0f,0.8119f,0.5837f,1.2526f,0f,0.5837f,-0.8119f,0.0552f,0f,0f,0f,1f],start_interpolation: 0,interpolation_duration: 1}
$data merge entity $(bone_bone) {transformation: [-1f,0f,0f,0f,0f,0.8119f,0.5837f,1.2526f,0f,0.5837f,-0.8119f,0.0552f,0f,0f,0f,1f],start_interpolation: 0,interpolation_duration: 1}
$data merge entity $(bone_left_arm1) {transformation: [-0.8935f,-0.3725f,-0.2508f,0.25f,-0.4477f,0.7824f,0.4329f,1.191f,0.0349f,0.4991f,-0.8658f,0.0444f,0f,0f,0f,1f],start_interpolation: 0,interpolation_duration: 1}
$data merge entity $(bone_right_arm1) {transformation: [-0.9314f,0.3628f,-0.0303f,-0.25f,0.3168f,0.8485f,0.4238f,1.191f,0.1795f,0.3851f,-0.9052f,0.0444f,0f,0f,0f,1f],start_interpolation: 0,interpolation_duration: 1}
data modify entity @s data merge value {"cameras":{},"locators":{"mouse":{"posx":-2.4303518643873414e-17,"posy":1.4779200328203879,"posz":0.19845329004897141,"roty":0,"rotx":-37},"left_arm":{"posx":0.561967356750467,"posy":0.6811427602281381,"posz":-0.30094972909366474,"roty":343.8479595112724,"rotx":25.654063330156053},"right_arm":{"posx":-0.5576605524922091,"posy":0.6274704672147482,"posz":-0.2091984539932531,"roty":358.08386578730995,"rotx":25.075681005385565}}}