# This file was generated by Animated Java via MC-Build. It is not recommended to edit this file directly.
$data merge entity $(bone_eyes) {transformation: [-1f,0f,0f,-0.0156f,0f,0.7934f,-0.6088f,1.6804f,0f,-0.6088f,-0.7934f,0.0453f,0f,0f,0f,1f],start_interpolation: 0,interpolation_duration: 1}
$data merge entity $(bone_head) {transformation: [-1f,0f,0f,0f,0f,0.7934f,-0.6088f,1.2547f,0f,-0.6088f,-0.7934f,0.0552f,0f,0f,0f,1f],start_interpolation: 0,interpolation_duration: 1}
$data merge entity $(bone_fabric_overray) {transformation: [-1f,0f,0f,0f,0f,0.453f,0.8915f,1.2547f,0f,0.8915f,-0.453f,0.0552f,0f,0f,0f,1f],start_interpolation: 0,interpolation_duration: 1}
$data merge entity $(bone_fabric) {transformation: [-1f,0f,0f,0f,0f,0.453f,0.8915f,1.2547f,0f,0.8915f,-0.453f,0.0552f,0f,0f,0f,1f],start_interpolation: 0,interpolation_duration: 1}
$data merge entity $(bone_bone_overray) {transformation: [-1f,0f,0f,0f,0f,0.8089f,0.588f,1.2547f,0f,0.588f,-0.8089f,0.0552f,0f,0f,0f,1f],start_interpolation: 0,interpolation_duration: 1}
$data merge entity $(bone_bone) {transformation: [-1f,0f,0f,0f,0f,0.8089f,0.588f,1.2547f,0f,0.588f,-0.8089f,0.0552f,0f,0f,0f,1f],start_interpolation: 0,interpolation_duration: 1}
$data merge entity $(bone_left_arm1) {transformation: [-0.8986f,-0.3659f,-0.2421f,0.25f,-0.4374f,0.7899f,0.4299f,1.1932f,0.0339f,0.4922f,-0.8698f,0.0444f,0f,0f,0f,1f],start_interpolation: 0,interpolation_duration: 1}
$data merge entity $(bone_right_arm1) {transformation: [-0.9347f,0.354f,-0.0318f,-0.25f,0.3094f,0.8542f,0.4178f,1.1932f,0.1751f,0.3807f,-0.908f,0.0444f,0f,0f,0f,1f],start_interpolation: 0,interpolation_duration: 1}
data modify entity @s data merge value {"cameras":{},"locators":{"mouse":{"posx":-2.4062046708347385e-17,"posy":1.481268172442959,"posz":0.19648152206089395,"roty":0,"rotx":-37.5},"left_arm":{"posx":0.5577229543548736,"posy":0.6774592176369595,"posz":-0.29612578366409764,"roty":344.4493677562772,"rotx":25.459612220563876},"right_arm":{"posx":-0.5518258340011222,"posy":0.6252039305356181,"posz":-0.20643798421811005,"roty":357.9943918590848,"rotx":24.698566596922966}}}