# This file was generated by Animated Java via MC-Build. It is not recommended to edit this file directly.
$data merge entity $(bone_eyes) {transformation: [-1f,0f,0f,-0.0156f,0f,0.788f,-0.6157f,1.6824f,0f,-0.6157f,-0.788f,0.0416f,0f,0f,0f,1f],start_interpolation: 0,interpolation_duration: 1}
$data merge entity $(bone_head) {transformation: [-1f,0f,0f,0f,0f,0.788f,-0.6157f,1.2568f,0f,-0.6157f,-0.788f,0.0552f,0f,0f,0f,1f],start_interpolation: 0,interpolation_duration: 1}
$data merge entity $(bone_fabric_overray) {transformation: [-1f,0f,0f,0f,0f,0.4372f,0.8994f,1.2568f,0f,0.8994f,-0.4372f,0.0552f,0f,0f,0f,1f],start_interpolation: 0,interpolation_duration: 1}
$data merge entity $(bone_fabric) {transformation: [-1f,0f,0f,0f,0f,0.4372f,0.8994f,1.2568f,0f,0.8994f,-0.4372f,0.0552f,0f,0f,0f,1f],start_interpolation: 0,interpolation_duration: 1}
$data merge entity $(bone_bone_overray) {transformation: [-1f,0f,0f,0f,0f,0.8058f,0.5921f,1.2568f,0f,0.5921f,-0.8058f,0.0552f,0f,0f,0f,1f],start_interpolation: 0,interpolation_duration: 1}
$data merge entity $(bone_bone) {transformation: [-1f,0f,0f,0f,0f,0.8058f,0.5921f,1.2568f,0f,0.5921f,-0.8058f,0.0552f,0f,0f,0f,1f],start_interpolation: 0,interpolation_duration: 1}
$data merge entity $(bone_left_arm1) {transformation: [-0.9037f,-0.359f,-0.2333f,0.25f,-0.4269f,0.7974f,0.4265f,1.1953f,0.0329f,0.4851f,-0.8739f,0.0444f,0f,0f,0f,1f],start_interpolation: 0,interpolation_duration: 1}
$data merge entity $(bone_right_arm1) {transformation: [-0.938f,0.3451f,-0.0332f,-0.25f,0.3018f,0.8599f,0.4117f,1.1953f,0.1706f,0.3762f,-0.9107f,0.0444f,0f,0f,0f,1f],start_interpolation: 0,interpolation_duration: 1}
data modify entity @s data merge value {"cameras":{},"locators":{"mouse":{"posx":-2.381925729470092e-17,"posy":1.484599058093554,"posz":0.19449899604755275,"roty":0,"rotx":-38.00000000000001},"left_arm":{"posx":0.5532995478866368,"posy":0.6737319516569971,"posz":-0.29117279485985054,"roty":345.05296481519827,"rotx":25.24868054564882},"right_arm":{"posx":-0.5458718681897685,"posy":0.6229436822199708,"posz":-0.20358919923210955,"roty":357.91091083579715,"rotx":24.313473388973097}}}