# This file was generated by Animated Java via MC-Build. It is not recommended to edit this file directly.
$data merge entity $(bone_eyes) {transformation: [-1f,0f,0f,-0.0156f,0f,0.7826f,-0.6225f,1.6843f,0f,-0.6225f,-0.7826f,0.0379f,0f,0f,0f,1f],start_interpolation: 0,interpolation_duration: 1}
$data merge entity $(bone_head) {transformation: [-1f,0f,0f,0f,0f,0.7826f,-0.6225f,1.2589f,0f,-0.6225f,-0.7826f,0.0552f,0f,0f,0f,1f],start_interpolation: 0,interpolation_duration: 1}
$data merge entity $(bone_fabric_overray) {transformation: [-1f,0f,0f,0f,0f,0.4239f,0.9057f,1.2589f,0f,0.9057f,-0.4239f,0.0552f,0f,0f,0f,1f],start_interpolation: 0,interpolation_duration: 1}
$data merge entity $(bone_fabric) {transformation: [-1f,0f,0f,0f,0f,0.4239f,0.9057f,1.2589f,0f,0.9057f,-0.4239f,0.0552f,0f,0f,0f,1f],start_interpolation: 0,interpolation_duration: 1}
$data merge entity $(bone_bone_overray) {transformation: [-1f,0f,0f,0f,0f,0.8027f,0.5963f,1.2589f,0f,0.5963f,-0.8027f,0.0552f,0f,0f,0f,1f],start_interpolation: 0,interpolation_duration: 1}
$data merge entity $(bone_bone) {transformation: [-1f,0f,0f,0f,0f,0.8027f,0.5963f,1.2589f,0f,0.5963f,-0.8027f,0.0552f,0f,0f,0f,1f],start_interpolation: 0,interpolation_duration: 1}
$data merge entity $(bone_left_arm1) {transformation: [-0.9087f,-0.3519f,-0.2245f,0.25f,-0.4161f,0.8049f,0.423f,1.1974f,0.0319f,0.4778f,-0.8779f,0.0444f,0f,0f,0f,1f],start_interpolation: 0,interpolation_duration: 1}
$data merge entity $(bone_right_arm1) {transformation: [-0.9412f,0.336f,-0.0345f,-0.25f,0.2941f,0.8655f,0.4055f,1.1974f,0.1661f,0.3715f,-0.9135f,0.0444f,0f,0f,0f,1f],start_interpolation: 0,interpolation_duration: 1}
data modify entity @s data merge value {"cameras":{},"locators":{"mouse":{"posx":-2.3575168892287862e-17,"posy":1.487912596548862,"posz":0.19250586298597938,"roty":0,"rotx":-38.5},"left_arm":{"posx":0.5486979063695219,"posy":0.6699747733662077,"posz":-0.2860968030750715,"roty":345.65715424845064,"rotx":25.021244105483017},"right_arm":{"posx":-0.5398066712175881,"posy":0.620700271159552,"posz":-0.2006560079330747,"roty":357.83390344825784,"rotx":23.921091847001293}}}