# This file was generated by Animated Java via MC-Build. It is not recommended to edit this file directly.
$data merge entity $(bone_eyes) {transformation: [-1f,0f,0f,-0.0156f,0f,0.7771f,-0.6293f,1.6863f,0f,-0.6293f,-0.7771f,0.0341f,0f,0f,0f,1f],start_interpolation: 0,interpolation_duration: 1}
$data merge entity $(bone_head) {transformation: [-1f,0f,0f,0f,0f,0.7771f,-0.6293f,1.261f,0f,-0.6293f,-0.7771f,0.0552f,0f,0f,0f,1f],start_interpolation: 0,interpolation_duration: 1}
$data merge entity $(bone_fabric_overray) {transformation: [-1f,0f,0f,0f,0f,0.4135f,0.9105f,1.261f,0f,0.9105f,-0.4135f,0.0552f,0f,0f,0f,1f],start_interpolation: 0,interpolation_duration: 1}
$data merge entity $(bone_fabric) {transformation: [-1f,0f,0f,0f,0f,0.4135f,0.9105f,1.261f,0f,0.9105f,-0.4135f,0.0552f,0f,0f,0f,1f],start_interpolation: 0,interpolation_duration: 1}
$data merge entity $(bone_bone_overray) {transformation: [-1f,0f,0f,0f,0f,0.7996f,0.6005f,1.261f,0f,0.6005f,-0.7996f,0.0552f,0f,0f,0f,1f],start_interpolation: 0,interpolation_duration: 1}
$data merge entity $(bone_bone) {transformation: [-1f,0f,0f,0f,0f,0.7996f,0.6005f,1.261f,0f,0.6005f,-0.7996f,0.0552f,0f,0f,0f,1f],start_interpolation: 0,interpolation_duration: 1}
$data merge entity $(bone_left_arm1) {transformation: [-0.9137f,-0.3445f,-0.2156f,0.25f,-0.4052f,0.8125f,0.4191f,1.1995f,0.0309f,0.4703f,-0.882f,0.0444f,0f,0f,0f,1f],start_interpolation: 0,interpolation_duration: 1}
$data merge entity $(bone_right_arm1) {transformation: [-0.9444f,0.3267f,-0.0358f,-0.25f,0.2862f,0.8711f,0.3991f,1.1995f,0.1616f,0.3667f,-0.9162f,0.0444f,0f,0f,0f,1f],start_interpolation: 0,interpolation_duration: 1}
data modify entity @s data merge value {"cameras":{},"locators":{"mouse":{"posx":-2.3329800089385072e-17,"posy":1.4912086959066273,"posz":0.19050227466097316,"roty":0,"rotx":-39.00000000000001},"left_arm":{"posx":0.5439195722645414,"posy":0.666201453579582,"posz":-0.28090405086925063,"roty":346.2603705337816,"rotx":24.777358582613967},"right_arm":{"posx":-0.5336385371503851,"posy":0.6184838208243006,"posz":-0.19764246916990252,"roty":357.76380060613315,"rotx":23.522123095434296}}}