# This file was generated by Animated Java via MC-Build. It is not recommended to edit this file directly.
$data merge entity $(bone_eyes) {transformation: [-1f,0f,0f,-0.0156f,0f,0.7716f,-0.6361f,1.6882f,0f,-0.6361f,-0.7716f,0.0304f,0f,0f,0f,1f],start_interpolation: 0,interpolation_duration: 1}
$data merge entity $(bone_head) {transformation: [-1f,0f,0f,0f,0f,0.7716f,-0.6361f,1.2631f,0f,-0.6361f,-0.7716f,0.0552f,0f,0f,0f,1f],start_interpolation: 0,interpolation_duration: 1}
$data merge entity $(bone_fabric_overray) {transformation: [-1f,0f,0f,0f,0f,0.4066f,0.9136f,1.2631f,0f,0.9136f,-0.4066f,0.0552f,0f,0f,0f,1f],start_interpolation: 0,interpolation_duration: 1}
$data merge entity $(bone_fabric) {transformation: [-1f,0f,0f,0f,0f,0.4066f,0.9136f,1.2631f,0f,0.9136f,-0.4066f,0.0552f,0f,0f,0f,1f],start_interpolation: 0,interpolation_duration: 1}
$data merge entity $(bone_bone_overray) {transformation: [-1f,0f,0f,0f,0f,0.7965f,0.6046f,1.2631f,0f,0.6046f,-0.7965f,0.0552f,0f,0f,0f,1f],start_interpolation: 0,interpolation_duration: 1}
$data merge entity $(bone_bone) {transformation: [-1f,0f,0f,0f,0f,0.7965f,0.6046f,1.2631f,0f,0.6046f,-0.7965f,0.0552f,0f,0f,0f,1f],start_interpolation: 0,interpolation_duration: 1}
$data merge entity $(bone_left_arm1) {transformation: [-0.9186f,-0.3368f,-0.2068f,0.25f,-0.3941f,0.82f,0.415f,1.2016f,0.0298f,0.4627f,-0.886f,0.0444f,0f,0f,0f,1f],start_interpolation: 0,interpolation_duration: 1}
$data merge entity $(bone_right_arm1) {transformation: [-0.9476f,0.3173f,-0.0369f,-0.25f,0.2782f,0.8766f,0.3926f,1.2016f,0.1569f,0.3618f,-0.919f,0.0444f,0f,0f,0f,1f],start_interpolation: 0,interpolation_duration: 1}
data modify entity @s data merge value {"cameras":{},"locators":{"mouse":{"posx":-2.3083169571776888e-17,"posy":1.49448726559265,"posz":0.18848838365354237,"roty":0,"rotx":-39.5},"left_arm":{"posx":0.5389668840559783,"posy":0.66242567441328,"posz":-0.27560099074141875,"roty":346.86108636057884,"rotx":24.51716063151138},"right_arm":{"posx":-0.5273760271467873,"posy":0.6163040062553385,"posz":-0.19455279560564753,"roty":357.70098273961844,"rotx":23.11727759266954}}}