# This file was generated by Animated Java via MC-Build. It is not recommended to edit this file directly.
$data merge entity $(bone_eyes) {transformation: [-1f,0f,0f,-0.0156f,0f,0.9336f,0.3584f,1.462f,0f,0.3584f,-0.9336f,0.413f,0f,0f,0f,1f],start_interpolation: 0,interpolation_duration: 1}
$data merge entity $(bone_head) {transformation: [-1f,0f,0f,0f,0f,0.9336f,0.3584f,1.2311f,0f,0.3584f,-0.9336f,0.0552f,0f,0f,0f,1f],start_interpolation: 0,interpolation_duration: 1}
$data merge entity $(bone_fabric_overray) {transformation: [-1f,0f,0f,0f,0f,0.9455f,0.3256f,1.2311f,0f,0.3256f,-0.9455f,0.0552f,0f,0f,0f,1f],start_interpolation: 0,interpolation_duration: 1}
$data merge entity $(bone_fabric) {transformation: [-1f,0f,0f,0f,0f,0.9455f,0.3256f,1.2311f,0f,0.3256f,-0.9455f,0.0552f,0f,0f,0f,1f],start_interpolation: 0,interpolation_duration: 1}
$data merge entity $(bone_bone_overray) {transformation: [-1f,0f,0f,0f,0f,0.9659f,0.2588f,1.2311f,0f,0.2588f,-0.9659f,0.0552f,0f,0f,0f,1f],start_interpolation: 0,interpolation_duration: 1}
$data merge entity $(bone_bone) {transformation: [-1f,0f,0f,0f,0f,0.9659f,0.2588f,1.2311f,0f,0.2588f,-0.9659f,0.0552f,0f,0f,0f,1f],start_interpolation: 0,interpolation_duration: 1}
$data merge entity $(bone_left_arm1) {transformation: [-1f,0f,0f,0.25f,0f,0.9962f,0.0872f,1.1696f,0f,0.0872f,-0.9962f,0.0444f,0f,0f,0f,1f],start_interpolation: 0,interpolation_duration: 1}
$data merge entity $(bone_right_arm1) {transformation: [-1f,0f,0f,-0.25f,0f,0.9962f,0.0872f,1.1696f,0f,0.0872f,-0.9962f,0.0444f,0f,0f,0f,1f],start_interpolation: 0,interpolation_duration: 1}
data modify entity @s data merge value {"cameras":{},"locators":{"mouse":{"posx":-3.945893705719059e-17,"posy":1.2290366115182856,"posz":0.322206672851825,"roty":0,"rotx":21},"left_arm":{"posx":0.3125,"posy":0.48467109441916,"posz":-0.015558013285545354,"roty":0,"rotx":4.999999999999998},"right_arm":{"posx":-0.3125,"posy":0.48467109441916,"posz":-0.015558013285545423,"roty":0,"rotx":4.999999999999998}}}