# This file was generated by Animated Java via MC-Build. It is not recommended to edit this file directly.
$data merge entity $(bone_eyes) {transformation: [-1f,0f,0f,-0.0156f,0f,0.766f,-0.6428f,1.6901f,0f,-0.6428f,-0.766f,0.0267f,0f,0f,0f,1f],start_interpolation: 0,interpolation_duration: 1}
$data merge entity $(bone_head) {transformation: [-1f,0f,0f,0f,0f,0.766f,-0.6428f,1.2652f,0f,-0.6428f,-0.766f,0.0552f,0f,0f,0f,1f],start_interpolation: 0,interpolation_duration: 1}
$data merge entity $(bone_fabric_overray) {transformation: [-1f,0f,0f,0f,0f,0.4036f,0.9149f,1.2652f,0f,0.9149f,-0.4036f,0.0552f,0f,0f,0f,1f],start_interpolation: 0,interpolation_duration: 1}
$data merge entity $(bone_fabric) {transformation: [-1f,0f,0f,0f,0f,0.4036f,0.9149f,1.2652f,0f,0.9149f,-0.4036f,0.0552f,0f,0f,0f,1f],start_interpolation: 0,interpolation_duration: 1}
$data merge entity $(bone_bone_overray) {transformation: [-1f,0f,0f,0f,0f,0.7934f,0.6088f,1.2652f,0f,0.6088f,-0.7934f,0.0552f,0f,0f,0f,1f],start_interpolation: 0,interpolation_duration: 1}
$data merge entity $(bone_bone) {transformation: [-1f,0f,0f,0f,0f,0.7934f,0.6088f,1.2652f,0f,0.6088f,-0.7934f,0.0552f,0f,0f,0f,1f],start_interpolation: 0,interpolation_duration: 1}
$data merge entity $(bone_left_arm1) {transformation: [-0.9234f,-0.3289f,-0.198f,0.25f,-0.3828f,0.8276f,0.4106f,1.2037f,0.0288f,0.4549f,-0.8901f,0.0444f,0f,0f,0f,1f],start_interpolation: 0,interpolation_duration: 1}
$data merge entity $(bone_right_arm1) {transformation: [-0.9507f,0.3078f,-0.0379f,-0.25f,0.2702f,0.882f,0.386f,1.2037f,0.1522f,0.3568f,-0.9217f,0.0444f,0f,0f,0f,1f],start_interpolation: 0,interpolation_duration: 1}
data modify entity @s data merge value {"cameras":{},"locators":{"mouse":{"posx":-2.2835296121332094e-17,"posy":1.4977482163676832,"posz":0.18646434332928416,"roty":0,"rotx":-40.00000000000001},"left_arm":{"posx":0.5338429936947799,"posy":0.6586609788187336,"posz":-0.270194291799763,"roty":347.45781973339456,"rotx":24.24086832392792},"right_arm":{"posx":-0.5210279563636522,"posy":0.6141700330438848,"posz":-0.19139135664942758,"roty":357.6457794101571,"rotx":22.70727370907747}}}