# This file was generated by Animated Java via MC-Build. It is not recommended to edit this file directly.
$data merge entity $(bone_eyes) {transformation: [-1f,0f,0f,-0.0156f,0f,0.766f,-0.6428f,1.6922f,0f,-0.6428f,-0.766f,0.0267f,0f,0f,0f,1f],start_interpolation: 0,interpolation_duration: 1}
$data merge entity $(bone_head) {transformation: [-1f,0f,0f,0f,0f,0.766f,-0.6428f,1.2673f,0f,-0.6428f,-0.766f,0.0552f,0f,0f,0f,1f],start_interpolation: 0,interpolation_duration: 1}
$data merge entity $(bone_fabric_overray) {transformation: [-1f,0f,0f,0f,0f,0.405f,0.9143f,1.2673f,0f,0.9143f,-0.405f,0.0552f,0f,0f,0f,1f],start_interpolation: 0,interpolation_duration: 1}
$data merge entity $(bone_fabric) {transformation: [-1f,0f,0f,0f,0f,0.405f,0.9143f,1.2673f,0f,0.9143f,-0.405f,0.0552f,0f,0f,0f,1f],start_interpolation: 0,interpolation_duration: 1}
$data merge entity $(bone_bone_overray) {transformation: [-1f,0f,0f,0f,0f,0.8033f,0.5955f,1.2673f,0f,0.5955f,-0.8033f,0.0552f,0f,0f,0f,1f],start_interpolation: 0,interpolation_duration: 1}
$data merge entity $(bone_bone) {transformation: [-1f,0f,0f,0f,0f,0.8033f,0.5955f,1.2673f,0f,0.5955f,-0.8033f,0.0552f,0f,0f,0f,1f],start_interpolation: 0,interpolation_duration: 1}
$data merge entity $(bone_left_arm1) {transformation: [-0.928f,-0.3208f,-0.1892f,0.25f,-0.3714f,0.835f,0.4059f,1.2058f,0.0278f,0.447f,-0.8941f,0.0444f,0f,0f,0f,1f],start_interpolation: 0,interpolation_duration: 1}
$data merge entity $(bone_right_arm1) {transformation: [-0.9537f,0.2982f,-0.0388f,-0.25f,0.262f,0.8874f,0.3793f,1.2058f,0.1475f,0.3516f,-0.9244f,0.0444f,0f,0f,0f,1f],start_interpolation: 0,interpolation_duration: 1}
data modify entity @s data merge value {"cameras":{},"locators":{"mouse":{"posx":-2.2835296121332094e-17,"posy":1.499854957940717,"posz":0.18646434332928416,"roty":0,"rotx":-40.00000000000001},"left_arm":{"posx":0.5285518787905271,"posy":0.6549207185424801,"posz":-0.2646908453156039,"roty":348.04914078420427,"rotx":23.94878096230019},"right_arm":{"posx":-0.514603378771323,"posy":0.6120906184051953,"posz":-0.18816268046688484,"roty":357.598469171671,"rotx":22.29283622644386}}}