# This file was generated by Animated Java via MC-Build. It is not recommended to edit this file directly.
$data merge entity $(bone_eyes) {transformation: [-1f,0f,0f,-0.0156f,0f,0.766f,-0.6428f,1.6943f,0f,-0.6428f,-0.766f,0.0267f,0f,0f,0f,1f],start_interpolation: 0,interpolation_duration: 1}
$data merge entity $(bone_head) {transformation: [-1f,0f,0f,0f,0f,0.766f,-0.6428f,1.2694f,0f,-0.6428f,-0.766f,0.0552f,0f,0f,0f,1f],start_interpolation: 0,interpolation_duration: 1}
$data merge entity $(bone_fabric_overray) {transformation: [-1f,0f,0f,0f,0f,0.4112f,0.9115f,1.2694f,0f,0.9115f,-0.4112f,0.0552f,0f,0f,0f,1f],start_interpolation: 0,interpolation_duration: 1}
$data merge entity $(bone_fabric) {transformation: [-1f,0f,0f,0f,0f,0.4112f,0.9115f,1.2694f,0f,0.9115f,-0.4112f,0.0552f,0f,0f,0f,1f],start_interpolation: 0,interpolation_duration: 1}
$data merge entity $(bone_bone_overray) {transformation: [-1f,0f,0f,0f,0f,0.8131f,0.5822f,1.2694f,0f,0.5822f,-0.8131f,0.0552f,0f,0f,0f,1f],start_interpolation: 0,interpolation_duration: 1}
$data merge entity $(bone_bone) {transformation: [-1f,0f,0f,0f,0f,0.8131f,0.5822f,1.2694f,0f,0.5822f,-0.8131f,0.0552f,0f,0f,0f,1f],start_interpolation: 0,interpolation_duration: 1}
$data merge entity $(bone_left_arm1) {transformation: [-0.9326f,-0.3125f,-0.1805f,0.25f,-0.3599f,0.8424f,0.401f,1.2079f,0.0268f,0.439f,-0.8981f,0.0444f,0f,0f,0f,1f],start_interpolation: 0,interpolation_duration: 1}
$data merge entity $(bone_right_arm1) {transformation: [-0.9567f,0.2885f,-0.0395f,-0.25f,0.2538f,0.8926f,0.3726f,1.2079f,0.1428f,0.3464f,-0.9272f,0.0444f,0f,0f,0f,1f],start_interpolation: 0,interpolation_duration: 1}
data modify entity @s data merge value {"cameras":{},"locators":{"mouse":{"posx":-2.2835296121332094e-17,"posy":1.5019616995137506,"posz":0.18646434332928416,"roty":0,"rotx":-40.00000000000001},"left_arm":{"posx":0.5230983494818804,"posy":0.6512180009940507,"posz":-0.2590977691535831,"roty":348.63367820042345,"rotx":23.64127828151387},"right_arm":{"posx":-0.5081115700828474,"posy":0.6100739744474831,"posz":-0.18487145508338154,"roty":357.55927966363174,"rotx":21.874694776923867}}}