# This file was generated by Animated Java via MC-Build. It is not recommended to edit this file directly.
$data merge entity $(bone_eyes) {transformation: [-1f,0f,0f,-0.0156f,0f,0.766f,-0.6428f,1.6964f,0f,-0.6428f,-0.766f,0.0267f,0f,0f,0f,1f],start_interpolation: 0,interpolation_duration: 1}
$data merge entity $(bone_head) {transformation: [-1f,0f,0f,0f,0f,0.766f,-0.6428f,1.2716f,0f,-0.6428f,-0.766f,0.0552f,0f,0f,0f,1f],start_interpolation: 0,interpolation_duration: 1}
$data merge entity $(bone_fabric_overray) {transformation: [-1f,0f,0f,0f,0f,0.4226f,0.9063f,1.2716f,0f,0.9063f,-0.4226f,0.0552f,0f,0f,0f,1f],start_interpolation: 0,interpolation_duration: 1}
$data merge entity $(bone_fabric) {transformation: [-1f,0f,0f,0f,0f,0.4226f,0.9063f,1.2716f,0f,0.9063f,-0.4226f,0.0552f,0f,0f,0f,1f],start_interpolation: 0,interpolation_duration: 1}
$data merge entity $(bone_bone_overray) {transformation: [-1f,0f,0f,0f,0f,0.8226f,0.5686f,1.2716f,0f,0.5686f,-0.8226f,0.0552f,0f,0f,0f,1f],start_interpolation: 0,interpolation_duration: 1}
$data merge entity $(bone_bone) {transformation: [-1f,0f,0f,0f,0f,0.8226f,0.5686f,1.2716f,0f,0.5686f,-0.8226f,0.0552f,0f,0f,0f,1f],start_interpolation: 0,interpolation_duration: 1}
$data merge entity $(bone_left_arm1) {transformation: [-0.9371f,-0.3039f,-0.1719f,0.25f,-0.3482f,0.8497f,0.3958f,1.21f,0.0258f,0.4308f,-0.9021f,0.0444f,0f,0f,0f,1f],start_interpolation: 0,interpolation_duration: 1}
$data merge entity $(bone_right_arm1) {transformation: [-0.9595f,0.2787f,-0.0401f,-0.25f,0.2454f,0.8978f,0.3657f,1.21f,0.138f,0.3411f,-0.9298f,0.0444f,0f,0f,0f,1f],start_interpolation: 0,interpolation_duration: 1}
data modify entity @s data merge value {"cameras":{},"locators":{"mouse":{"posx":-2.2835296121332094e-17,"posy":1.5040684410867842,"posz":0.18646434332928416,"roty":0,"rotx":-40.00000000000001},"left_arm":{"posx":0.5174880499571636,"posy":0.6475656355257845,"posz":-0.2534224110732585,"roty":349.21012518542636,"rotx":23.3188190670428},"right_arm":{"posx":-0.5015620090127278,"posy":0.6081277937251237,"posz":-0.18152252859861812,"roty":357.52838791746365,"rotx":21.453582239079953}}}