# This file was generated by Animated Java via MC-Build. It is not recommended to edit this file directly.
$data merge entity $(bone_eyes) {transformation: [-1f,0f,0f,-0.0156f,0f,0.766f,-0.6428f,1.6985f,0f,-0.6428f,-0.766f,0.0267f,0f,0f,0f,1f],start_interpolation: 0,interpolation_duration: 1}
$data merge entity $(bone_head) {transformation: [-1f,0f,0f,0f,0f,0.766f,-0.6428f,1.2737f,0f,-0.6428f,-0.766f,0.0552f,0f,0f,0f,1f],start_interpolation: 0,interpolation_duration: 1}
$data merge entity $(bone_fabric_overray) {transformation: [-1f,0f,0f,0f,0f,0.4473f,0.8944f,1.2737f,0f,0.8944f,-0.4473f,0.0552f,0f,0f,0f,1f],start_interpolation: 0,interpolation_duration: 1}
$data merge entity $(bone_fabric) {transformation: [-1f,0f,0f,0f,0f,0.4473f,0.8944f,1.2737f,0f,0.8944f,-0.4473f,0.0552f,0f,0f,0f,1f],start_interpolation: 0,interpolation_duration: 1}
$data merge entity $(bone_bone_overray) {transformation: [-1f,0f,0f,0f,0f,0.8319f,0.5549f,1.2737f,0f,0.5549f,-0.8319f,0.0552f,0f,0f,0f,1f],start_interpolation: 0,interpolation_duration: 1}
$data merge entity $(bone_bone) {transformation: [-1f,0f,0f,0f,0f,0.8319f,0.5549f,1.2737f,0f,0.5549f,-0.8319f,0.0552f,0f,0f,0f,1f],start_interpolation: 0,interpolation_duration: 1}
$data merge entity $(bone_left_arm1) {transformation: [-0.9414f,-0.2951f,-0.1634f,0.25f,-0.3364f,0.857f,0.3904f,1.2121f,0.0248f,0.4225f,-0.906f,0.0444f,0f,0f,0f,1f],start_interpolation: 0,interpolation_duration: 1}
$data merge entity $(bone_right_arm1) {transformation: [-0.9623f,0.2688f,-0.0406f,-0.25f,0.237f,0.9028f,0.3589f,1.2121f,0.1331f,0.3357f,-0.9325f,0.0444f,0f,0f,0f,1f],start_interpolation: 0,interpolation_duration: 1}
data modify entity @s data merge value {"cameras":{},"locators":{"mouse":{"posx":-2.2835296121332094e-17,"posy":1.506175182659818,"posz":0.18646434332928416,"roty":0,"rotx":-40.00000000000001},"left_arm":{"posx":0.5117274546409316,"posy":0.643976079644634,"posz":-0.247672350901054,"roty":349.77724487981516,"rotx":22.981939224439362},"right_arm":{"posx":-0.494964357090377,"posy":0.6062592371533949,"posz":-0.17812090853587942,"roty":357.5059208582135,"rotx":21.030233107977008}}}