# This file was generated by Animated Java via MC-Build. It is not recommended to edit this file directly.
$data merge entity $(bone_eyes) {transformation: [-1f,0f,0f,-0.0156f,0f,0.766f,-0.6428f,1.7006f,0f,-0.6428f,-0.766f,0.0267f,0f,0f,0f,1f],start_interpolation: 0,interpolation_duration: 1}
$data merge entity $(bone_head) {transformation: [-1f,0f,0f,0f,0f,0.766f,-0.6428f,1.2758f,0f,-0.6428f,-0.766f,0.0552f,0f,0f,0f,1f],start_interpolation: 0,interpolation_duration: 1}
$data merge entity $(bone_fabric_overray) {transformation: [-1f,0f,0f,0f,0f,0.4717f,0.8818f,1.2758f,0f,0.8818f,-0.4717f,0.0552f,0f,0f,0f,1f],start_interpolation: 0,interpolation_duration: 1}
$data merge entity $(bone_fabric) {transformation: [-1f,0f,0f,0f,0f,0.4717f,0.8818f,1.2758f,0f,0.8818f,-0.4717f,0.0552f,0f,0f,0f,1f],start_interpolation: 0,interpolation_duration: 1}
$data merge entity $(bone_bone_overray) {transformation: [-1f,0f,0f,0f,0f,0.841f,0.5411f,1.2758f,0f,0.5411f,-0.841f,0.0552f,0f,0f,0f,1f],start_interpolation: 0,interpolation_duration: 1}
$data merge entity $(bone_bone) {transformation: [-1f,0f,0f,0f,0f,0.841f,0.5411f,1.2758f,0f,0.5411f,-0.841f,0.0552f,0f,0f,0f,1f],start_interpolation: 0,interpolation_duration: 1}
$data merge entity $(bone_left_arm1) {transformation: [-0.9456f,-0.2861f,-0.155f,0.25f,-0.3245f,0.8641f,0.3848f,1.2142f,0.0238f,0.4142f,-0.9099f,0.0444f,0f,0f,0f,1f],start_interpolation: 0,interpolation_duration: 1}
$data merge entity $(bone_right_arm1) {transformation: [-0.965f,0.2589f,-0.041f,-0.25f,0.2286f,0.9077f,0.3519f,1.2142f,0.1283f,0.3303f,-0.9351f,0.0444f,0f,0f,0f,1f],start_interpolation: 0,interpolation_duration: 1}
data modify entity @s data merge value {"cameras":{},"locators":{"mouse":{"posx":-2.2835296121332094e-17,"posy":1.5082819242328518,"posz":0.18646434332928416,"roty":0,"rotx":-40.00000000000001},"left_arm":{"posx":0.5058238591083757,"posy":0.6404613856867274,"posz":-0.24185540157569496,"roty":350.33387518446784,"rotx":22.63124934123368},"right_arm":{"posx":-0.48832843726113717,"posy":0.6044749243488616,"posz":-0.17467176035359205,"roty":357.49195598409665,"rotx":20.60538185563596}}}