# This file was generated by Animated Java via MC-Build. It is not recommended to edit this file directly.
$data merge entity $(bone_eyes) {transformation: [-1f,0f,0f,-0.0156f,0f,0.766f,-0.6428f,1.7027f,0f,-0.6428f,-0.766f,0.0267f,0f,0f,0f,1f],start_interpolation: 0,interpolation_duration: 1}
$data merge entity $(bone_head) {transformation: [-1f,0f,0f,0f,0f,0.766f,-0.6428f,1.2779f,0f,-0.6428f,-0.766f,0.0552f,0f,0f,0f,1f],start_interpolation: 0,interpolation_duration: 1}
$data merge entity $(bone_fabric_overray) {transformation: [-1f,0f,0f,0f,0f,0.4957f,0.8685f,1.2779f,0f,0.8685f,-0.4957f,0.0552f,0f,0f,0f,1f],start_interpolation: 0,interpolation_duration: 1}
$data merge entity $(bone_fabric) {transformation: [-1f,0f,0f,0f,0f,0.4957f,0.8685f,1.2779f,0f,0.8685f,-0.4957f,0.0552f,0f,0f,0f,1f],start_interpolation: 0,interpolation_duration: 1}
$data merge entity $(bone_bone_overray) {transformation: [-1f,0f,0f,0f,0f,0.8498f,0.5271f,1.2779f,0f,0.5271f,-0.8498f,0.0552f,0f,0f,0f,1f],start_interpolation: 0,interpolation_duration: 1}
$data merge entity $(bone_bone) {transformation: [-1f,0f,0f,0f,0f,0.8498f,0.5271f,1.2779f,0f,0.5271f,-0.8498f,0.0552f,0f,0f,0f,1f],start_interpolation: 0,interpolation_duration: 1}
$data merge entity $(bone_left_arm1) {transformation: [-0.9496f,-0.277f,-0.1467f,0.25f,-0.3126f,0.871f,0.3789f,1.2163f,0.0228f,0.4057f,-0.9137f,0.0444f,0f,0f,0f,1f],start_interpolation: 0,interpolation_duration: 1}
$data merge entity $(bone_right_arm1) {transformation: [-0.9676f,0.249f,-0.0412f,-0.25f,0.2201f,0.9124f,0.345f,1.2163f,0.1235f,0.3247f,-0.9377f,0.0444f,0f,0f,0f,1f],start_interpolation: 0,interpolation_duration: 1}
data modify entity @s data merge value {"cameras":{},"locators":{"mouse":{"posx":-2.2835296121332094e-17,"posy":1.5103886658058854,"posz":0.18646434332928416,"roty":0,"rotx":-40.00000000000001},"left_arm":{"posx":0.4997853658365491,"posy":0.637033148490426,"posz":-0.23597960907481175,"roty":350.878932939951,"rotx":22.267431787362593},"right_arm":{"posx":-0.4816642115134241,"posy":0.6027809264454088,"posz":-0.17118040515127447,"roty":357.48652220740826,"rotx":20.17976129742214}}}