# This file was generated by Animated Java via MC-Build. It is not recommended to edit this file directly.
$data merge entity $(bone_eyes) {transformation: [-1f,0f,0f,-0.0156f,0f,0.766f,-0.6428f,1.7048f,0f,-0.6428f,-0.766f,0.0267f,0f,0f,0f,1f],start_interpolation: 0,interpolation_duration: 1}
$data merge entity $(bone_head) {transformation: [-1f,0f,0f,0f,0f,0.766f,-0.6428f,1.28f,0f,-0.6428f,-0.766f,0.0552f,0f,0f,0f,1f],start_interpolation: 0,interpolation_duration: 1}
$data merge entity $(bone_fabric_overray) {transformation: [-1f,0f,0f,0f,0f,0.5193f,0.8546f,1.28f,0f,0.8546f,-0.5193f,0.0552f,0f,0f,0f,1f],start_interpolation: 0,interpolation_duration: 1}
$data merge entity $(bone_fabric) {transformation: [-1f,0f,0f,0f,0f,0.5193f,0.8546f,1.28f,0f,0.8546f,-0.5193f,0.0552f,0f,0f,0f,1f],start_interpolation: 0,interpolation_duration: 1}
$data merge entity $(bone_bone_overray) {transformation: [-1f,0f,0f,0f,0f,0.8584f,0.513f,1.28f,0f,0.513f,-0.8584f,0.0552f,0f,0f,0f,1f],start_interpolation: 0,interpolation_duration: 1}
$data merge entity $(bone_bone) {transformation: [-1f,0f,0f,0f,0f,0.8584f,0.513f,1.28f,0f,0.513f,-0.8584f,0.0552f,0f,0f,0f,1f],start_interpolation: 0,interpolation_duration: 1}
$data merge entity $(bone_left_arm1) {transformation: [-0.9535f,-0.2677f,-0.1386f,0.25f,-0.3006f,0.8778f,0.3728f,1.2184f,0.0218f,0.3972f,-0.9175f,0.0444f,0f,0f,0f,1f],start_interpolation: 0,interpolation_duration: 1}
$data merge entity $(bone_right_arm1) {transformation: [-0.9701f,0.2391f,-0.0412f,-0.25f,0.2116f,0.9171f,0.338f,1.2184f,0.1186f,0.3192f,-0.9402f,0.0444f,0f,0f,0f,1f],start_interpolation: 0,interpolation_duration: 1}
data modify entity @s data merge value {"cameras":{},"locators":{"mouse":{"posx":-2.2835296121332094e-17,"posy":1.512495407378919,"posz":0.18646434332928416,"roty":0,"rotx":-40.00000000000001},"left_arm":{"posx":0.4936208649489271,"posy":0.6337024546028797,"posz":-0.23005325123532033,"roty":351.4114174306642,"rotx":21.891237404217488},"right_arm":{"posx":-0.47498175777425317,"posy":0.6011827614211858,"posz":-0.1676523166062055,"roty":357.4896008413233,"rotx":19.75410097918616}}}