# This file was generated by Animated Java via MC-Build. It is not recommended to edit this file directly.
$data merge entity $(bone_eyes) {transformation: [-1f,0f,0f,-0.0156f,0f,0.766f,-0.6428f,1.7069f,0f,-0.6428f,-0.766f,0.0267f,0f,0f,0f,1f],start_interpolation: 0,interpolation_duration: 1}
$data merge entity $(bone_head) {transformation: [-1f,0f,0f,0f,0f,0.766f,-0.6428f,1.2821f,0f,-0.6428f,-0.766f,0.0552f,0f,0f,0f,1f],start_interpolation: 0,interpolation_duration: 1}
$data merge entity $(bone_fabric_overray) {transformation: [-1f,0f,0f,0f,0f,0.5425f,0.84f,1.2821f,0f,0.84f,-0.5425f,0.0552f,0f,0f,0f,1f],start_interpolation: 0,interpolation_duration: 1}
$data merge entity $(bone_fabric) {transformation: [-1f,0f,0f,0f,0f,0.5425f,0.84f,1.2821f,0f,0.84f,-0.5425f,0.0552f,0f,0f,0f,1f],start_interpolation: 0,interpolation_duration: 1}
$data merge entity $(bone_bone_overray) {transformation: [-1f,0f,0f,0f,0f,0.8668f,0.4987f,1.2821f,0f,0.4987f,-0.8668f,0.0552f,0f,0f,0f,1f],start_interpolation: 0,interpolation_duration: 1}
$data merge entity $(bone_bone) {transformation: [-1f,0f,0f,0f,0f,0.8668f,0.4987f,1.2821f,0f,0.4987f,-0.8668f,0.0552f,0f,0f,0f,1f],start_interpolation: 0,interpolation_duration: 1}
$data merge entity $(bone_left_arm1) {transformation: [-0.9572f,-0.2582f,-0.1306f,0.25f,-0.2886f,0.8845f,0.3666f,1.2205f,0.0209f,0.3886f,-0.9212f,0.0444f,0f,0f,0f,1f],start_interpolation: 0,interpolation_duration: 1}
$data merge entity $(bone_right_arm1) {transformation: [-0.9725f,0.2291f,-0.0411f,-0.25f,0.2031f,0.9215f,0.331f,1.2205f,0.1137f,0.3135f,-0.9427f,0.0444f,0f,0f,0f,1f],start_interpolation: 0,interpolation_duration: 1}
data modify entity @s data merge value {"cameras":{},"locators":{"mouse":{"posx":-2.2835296121332094e-17,"posy":1.5146021489519528,"posz":0.18646434332928416,"roty":0,"rotx":-40.00000000000001},"left_arm":{"posx":0.48734001015703676,"posy":0.6304798335485718,"posz":-0.22408483548541036,"roty":351.9304131956177,"rotx":21.503481835233867},"right_arm":{"posx":-0.4682912463170523,"posy":0.5996853919564931,"posz":-0.16409311718119834,"roty":357.50112671826423,"rotx":19.329125599197965}}}