# This file was generated by Animated Java via MC-Build. It is not recommended to edit this file directly.
$data merge entity $(bone_eyes) {transformation: [-1f,0f,0f,-0.0156f,0f,0.766f,-0.6428f,1.709f,0f,-0.6428f,-0.766f,0.0267f,0f,0f,0f,1f],start_interpolation: 0,interpolation_duration: 1}
$data merge entity $(bone_head) {transformation: [-1f,0f,0f,0f,0f,0.766f,-0.6428f,1.2842f,0f,-0.6428f,-0.766f,0.0552f,0f,0f,0f,1f],start_interpolation: 0,interpolation_duration: 1}
$data merge entity $(bone_fabric_overray) {transformation: [-1f,0f,0f,0f,0f,0.5654f,0.8248f,1.2842f,0f,0.8248f,-0.5654f,0.0552f,0f,0f,0f,1f],start_interpolation: 0,interpolation_duration: 1}
$data merge entity $(bone_fabric) {transformation: [-1f,0f,0f,0f,0f,0.5654f,0.8248f,1.2842f,0f,0.8248f,-0.5654f,0.0552f,0f,0f,0f,1f],start_interpolation: 0,interpolation_duration: 1}
$data merge entity $(bone_bone_overray) {transformation: [-1f,0f,0f,0f,0f,0.8749f,0.4843f,1.2842f,0f,0.4843f,-0.8749f,0.0552f,0f,0f,0f,1f],start_interpolation: 0,interpolation_duration: 1}
$data merge entity $(bone_bone) {transformation: [-1f,0f,0f,0f,0f,0.8749f,0.4843f,1.2842f,0f,0.4843f,-0.8749f,0.0552f,0f,0f,0f,1f],start_interpolation: 0,interpolation_duration: 1}
$data merge entity $(bone_left_arm1) {transformation: [-0.9608f,-0.2486f,-0.1228f,0.25f,-0.2766f,0.891f,0.3601f,1.2226f,0.0199f,0.3799f,-0.9248f,0.0444f,0f,0f,0f,1f],start_interpolation: 0,interpolation_duration: 1}
$data merge entity $(bone_right_arm1) {transformation: [-0.9748f,0.2192f,-0.0409f,-0.25f,0.1945f,0.9258f,0.324f,1.2226f,0.1089f,0.3079f,-0.9452f,0.0444f,0f,0f,0f,1f],start_interpolation: 0,interpolation_duration: 1}
data modify entity @s data merge value {"cameras":{},"locators":{"mouse":{"posx":-2.2835296121332094e-17,"posy":1.5167088905249866,"posz":0.18646434332928416,"roty":0,"rotx":-40.00000000000001},"left_arm":{"posx":0.4809531901490522,"posy":0.6273752116762175,"posz":-0.2180830955114585,"roty":352.43509214057184,"rotx":21.105041552654818},"right_arm":{"posx":-0.46160291592531044,"posy":0.5982932258272424,"posz":-0.16050857364768017,"roty":357.52098942674706,"rotx":18.905553478132333}}}