# This file was generated by Animated Java via MC-Build. It is not recommended to edit this file directly.
$data merge entity $(bone_eyes) {transformation: [-1f,0f,0f,-0.0156f,0f,0.91f,0.4147f,1.4147f,0f,0.4147f,-0.91f,0.4264f,0f,0f,0f,1f],start_interpolation: 0,interpolation_duration: 1}
$data merge entity $(bone_head) {transformation: [-1f,0f,0f,0f,0f,0.91f,0.4147f,1.2061f,0f,0.4147f,-0.91f,0.0552f,0f,0f,0f,1f],start_interpolation: 0,interpolation_duration: 1}
$data merge entity $(bone_fabric_overray) {transformation: [-1f,0f,0f,0f,0f,0.9367f,0.3502f,1.2061f,0f,0.3502f,-0.9367f,0.0552f,0f,0f,0f,1f],start_interpolation: 0,interpolation_duration: 1}
$data merge entity $(bone_fabric) {transformation: [-1f,0f,0f,0f,0f,0.9367f,0.3502f,1.2061f,0f,0.3502f,-0.9367f,0.0552f,0f,0f,0f,1f],start_interpolation: 0,interpolation_duration: 1}
$data merge entity $(bone_bone_overray) {transformation: [-1f,0f,0f,0f,0f,0.9621f,0.2728f,1.2061f,0f,0.2728f,-0.9621f,0.0552f,0f,0f,0f,1f],start_interpolation: 0,interpolation_duration: 1}
$data merge entity $(bone_bone) {transformation: [-1f,0f,0f,0f,0f,0.9621f,0.2728f,1.2061f,0f,0.2728f,-0.9621f,0.0552f,0f,0f,0f,1f],start_interpolation: 0,interpolation_duration: 1}
$data merge entity $(bone_left_arm1) {transformation: [-1f,0f,0f,0.25f,0f,0.9974f,0.0727f,1.1446f,0f,0.0727f,-0.9974f,0.0444f,0f,0f,0f,1f],start_interpolation: 0,interpolation_duration: 1}
$data merge entity $(bone_right_arm1) {transformation: [-1f,0f,0f,-0.25f,0f,0.9974f,0.0727f,1.1446f,0f,0.0727f,-0.9974f,0.0444f,0f,0f,0f,1f],start_interpolation: 0,interpolation_duration: 1}
data modify entity @s data merge value {"cameras":{},"locators":{"mouse":{"posx":-3.938248325444942e-17,"posy":1.1877409924011144,"posz":0.321582380175811,"roty":0,"rotx":24.49999999999999},"left_arm":{"posx":0.3125,"posy":0.45887206912559164,"posz":-0.00559079501832517,"roty":0,"rotx":4.166666666666667},"right_arm":{"posx":-0.3125,"posy":0.45887206912559164,"posz":-0.00559079501832524,"roty":0,"rotx":4.166666666666667}}}