# This file was generated by Animated Java via MC-Build. It is not recommended to edit this file directly.
$data merge entity $(bone_eyes) {transformation: [-1f,0f,0f,-0.0156f,0f,0.7813f,-0.6242f,1.7117f,0f,-0.6242f,-0.7813f,0.037f,0f,0f,0f,1f],start_interpolation: 0,interpolation_duration: 1}
$data merge entity $(bone_head) {transformation: [-1f,0f,0f,0f,0f,0.7813f,-0.6242f,1.2863f,0f,-0.6242f,-0.7813f,0.0552f,0f,0f,0f,1f],start_interpolation: 0,interpolation_duration: 1}
$data merge entity $(bone_fabric_overray) {transformation: [-1f,0f,0f,0f,0f,0.5878f,0.809f,1.2863f,0f,0.809f,-0.5878f,0.0552f,0f,0f,0f,1f],start_interpolation: 0,interpolation_duration: 1}
$data merge entity $(bone_fabric) {transformation: [-1f,0f,0f,0f,0f,0.5878f,0.809f,1.2863f,0f,0.809f,-0.5878f,0.0552f,0f,0f,0f,1f],start_interpolation: 0,interpolation_duration: 1}
$data merge entity $(bone_bone_overray) {transformation: [-1f,0f,0f,0f,0f,0.8828f,0.4697f,1.2863f,0f,0.4697f,-0.8828f,0.0552f,0f,0f,0f,1f],start_interpolation: 0,interpolation_duration: 1}
$data merge entity $(bone_bone) {transformation: [-1f,0f,0f,0f,0f,0.8828f,0.4697f,1.2863f,0f,0.4697f,-0.8828f,0.0552f,0f,0f,0f,1f],start_interpolation: 0,interpolation_duration: 1}
$data merge entity $(bone_left_arm1) {transformation: [-0.9642f,-0.2388f,-0.1152f,0.25f,-0.2645f,0.8973f,0.3534f,1.2248f,0.019f,0.3712f,-0.9283f,0.0444f,0f,0f,0f,1f],start_interpolation: 0,interpolation_duration: 1}
$data merge entity $(bone_right_arm1) {transformation: [-0.977f,0.2093f,-0.0406f,-0.25f,0.186f,0.93f,0.317f,1.2248f,0.1041f,0.3022f,-0.9475f,0.0444f,0f,0f,0f,1f],start_interpolation: 0,interpolation_duration: 1}
data modify entity @s data merge value {"cameras":{},"locators":{"mouse":{"posx":-2.3516058464033037e-17,"posy":1.5155889234969206,"posz":0.1920231897099297,"roty":0,"rotx":-38.62068965517241},"left_arm":{"posx":0.47447149571962177,"posy":0.6243978690827615,"posz":-0.21205698688885521,"roty":352.924714958,"rotx":20.696849635730942},"right_arm":{"posx":-0.4549270500532326,"posy":0.5970101188232119,"posz":-0.1569045919717928,"roty":357.5490346548971,"rotx":18.484095089584617}}}