# This file was generated by Animated Java via MC-Build. It is not recommended to edit this file directly.
$data merge entity $(bone_eyes) {transformation: [-1f,0f,0f,-0.0156f,0f,0.7961f,-0.6052f,1.7141f,0f,-0.6052f,-0.7961f,0.0472f,0f,0f,0f,1f],start_interpolation: 0,interpolation_duration: 1}
$data merge entity $(bone_head) {transformation: [-1f,0f,0f,0f,0f,0.7961f,-0.6052f,1.2884f,0f,-0.6052f,-0.7961f,0.0552f,0f,0f,0f,1f],start_interpolation: 0,interpolation_duration: 1}
$data merge entity $(bone_fabric_overray) {transformation: [-1f,0f,0f,0f,0f,0.6098f,0.7926f,1.2884f,0f,0.7926f,-0.6098f,0.0552f,0f,0f,0f,1f],start_interpolation: 0,interpolation_duration: 1}
$data merge entity $(bone_fabric) {transformation: [-1f,0f,0f,0f,0f,0.6098f,0.7926f,1.2884f,0f,0.7926f,-0.6098f,0.0552f,0f,0f,0f,1f],start_interpolation: 0,interpolation_duration: 1}
$data merge entity $(bone_bone_overray) {transformation: [-1f,0f,0f,0f,0f,0.8905f,0.4551f,1.2884f,0f,0.4551f,-0.8905f,0.0552f,0f,0f,0f,1f],start_interpolation: 0,interpolation_duration: 1}
$data merge entity $(bone_bone) {transformation: [-1f,0f,0f,0f,0f,0.8905f,0.4551f,1.2884f,0f,0.4551f,-0.8905f,0.0552f,0f,0f,0f,1f],start_interpolation: 0,interpolation_duration: 1}
$data merge entity $(bone_left_arm1) {transformation: [-0.9674f,-0.229f,-0.1078f,0.25f,-0.2525f,0.9034f,0.3466f,1.2269f,0.018f,0.3625f,-0.9318f,0.0444f,0f,0f,0f,1f],start_interpolation: 0,interpolation_duration: 1}
$data merge entity $(bone_right_arm1) {transformation: [-0.9791f,0.1994f,-0.0401f,-0.25f,0.1775f,0.934f,0.3101f,1.2269f,0.0992f,0.2965f,-0.9499f,0.0444f,0f,0f,0f,1f],start_interpolation: 0,interpolation_duration: 1}
data modify entity @s data merge value {"cameras":{},"locators":{"mouse":{"posx":-2.4187111637795545e-17,"posy":1.5143360834153603,"posz":0.1975027547096481,"roty":0,"rotx":-37.241379310344854},"left_arm":{"posx":0.4679066829770656,"posy":0.6215564000904269,"posz":-0.20601568171151524,"roty":353.39863187169095,"rotx":20.27989135525032},"right_arm":{"posx":-0.4482739532202579,"posy":0.5958393801652038,"posz":-0.1532872116144055,"roty":357.58506563011105,"rotx":18.06545166282658}}}