# This file was generated by Animated Java via MC-Build. It is not recommended to edit this file directly.
$data merge entity $(bone_eyes) {transformation: [-1f,0f,0f,-0.0156f,0f,0.8104f,-0.5858f,1.7163f,0f,-0.5858f,-0.8104f,0.0575f,0f,0f,0f,1f],start_interpolation: 0,interpolation_duration: 1}
$data merge entity $(bone_head) {transformation: [-1f,0f,0f,0f,0f,0.8104f,-0.5858f,1.2905f,0f,-0.5858f,-0.8104f,0.0552f,0f,0f,0f,1f],start_interpolation: 0,interpolation_duration: 1}
$data merge entity $(bone_fabric_overray) {transformation: [-1f,0f,0f,0f,0f,0.6313f,0.7756f,1.2905f,0f,0.7756f,-0.6313f,0.0552f,0f,0f,0f,1f],start_interpolation: 0,interpolation_duration: 1}
$data merge entity $(bone_fabric) {transformation: [-1f,0f,0f,0f,0f,0.6313f,0.7756f,1.2905f,0f,0.7756f,-0.6313f,0.0552f,0f,0f,0f,1f],start_interpolation: 0,interpolation_duration: 1}
$data merge entity $(bone_bone_overray) {transformation: [-1f,0f,0f,0f,0f,0.8979f,0.4403f,1.2905f,0f,0.4403f,-0.8979f,0.0552f,0f,0f,0f,1f],start_interpolation: 0,interpolation_duration: 1}
$data merge entity $(bone_bone) {transformation: [-1f,0f,0f,0f,0f,0.8979f,0.4403f,1.2905f,0f,0.4403f,-0.8979f,0.0552f,0f,0f,0f,1f],start_interpolation: 0,interpolation_duration: 1}
$data merge entity $(bone_left_arm1) {transformation: [-0.9705f,-0.2191f,-0.1007f,0.25f,-0.2405f,0.9093f,0.3396f,1.229f,0.0171f,0.3538f,-0.9352f,0.0444f,0f,0f,0f,1f],start_interpolation: 0,interpolation_duration: 1}
$data merge entity $(bone_right_arm1) {transformation: [-0.9811f,0.1896f,-0.0394f,-0.25f,0.169f,0.9378f,0.3032f,1.229f,0.0945f,0.2908f,-0.9521f,0.0444f,0f,0f,0f,1f],start_interpolation: 0,interpolation_duration: 1}
data modify entity @s data merge value {"cameras":{},"locators":{"mouse":{"posx":-2.4848066763448294e-17,"posy":1.5129523171771848,"posz":0.20289986288902634,"roty":0,"rotx":-35.86206896551725},"left_arm":{"posx":0.4612711330027583,"posy":0.6188586777250858,"posz":-0.1999685622606554,"roty":353.85628273155015,"rotx":19.855199618029175},"right_arm":{"posx":-0.4416539278700922,"posy":0.5947837803805636,"posz":-0.14966259929871673,"roty":357.62884464561256,"rotx":17.650313868757966}}}