# This file was generated by Animated Java via MC-Build. It is not recommended to edit this file directly.
$data merge entity $(bone_eyes) {transformation: [-1f,0f,0f,-0.0156f,0f,0.8243f,-0.5662f,1.7182f,0f,-0.5662f,-0.8243f,0.0677f,0f,0f,0f,1f],start_interpolation: 0,interpolation_duration: 1}
$data merge entity $(bone_head) {transformation: [-1f,0f,0f,0f,0f,0.8243f,-0.5662f,1.2926f,0f,-0.5662f,-0.8243f,0.0552f,0f,0f,0f,1f],start_interpolation: 0,interpolation_duration: 1}
$data merge entity $(bone_fabric_overray) {transformation: [-1f,0f,0f,0f,0f,0.6523f,0.758f,1.2926f,0f,0.758f,-0.6523f,0.0552f,0f,0f,0f,1f],start_interpolation: 0,interpolation_duration: 1}
$data merge entity $(bone_fabric) {transformation: [-1f,0f,0f,0f,0f,0.6523f,0.758f,1.2926f,0f,0.758f,-0.6523f,0.0552f,0f,0f,0f,1f],start_interpolation: 0,interpolation_duration: 1}
$data merge entity $(bone_bone_overray) {transformation: [-1f,0f,0f,0f,0f,0.905f,0.4253f,1.2926f,0f,0.4253f,-0.905f,0.0552f,0f,0f,0f,1f],start_interpolation: 0,interpolation_duration: 1}
$data merge entity $(bone_bone) {transformation: [-1f,0f,0f,0f,0f,0.905f,0.4253f,1.2926f,0f,0.4253f,-0.905f,0.0552f,0f,0f,0f,1f],start_interpolation: 0,interpolation_duration: 1}
$data merge entity $(bone_left_arm1) {transformation: [-0.9734f,-0.2091f,-0.0937f,0.25f,-0.2285f,0.915f,0.3326f,1.2311f,0.0162f,0.3451f,-0.9384f,0.0444f,0f,0f,0f,1f],start_interpolation: 0,interpolation_duration: 1}
$data merge entity $(bone_right_arm1) {transformation: [-0.9829f,0.1798f,-0.0387f,-0.25f,0.1606f,0.9415f,0.2964f,1.2311f,0.0897f,0.2851f,-0.9543f,0.0444f,0f,0f,0f,1f],start_interpolation: 0,interpolation_duration: 1}
data modify entity @s data merge value {"cameras":{},"locators":{"mouse":{"posx":-2.5498540813696877e-17,"posy":1.5114396475517333,"posz":0.20821138659285235,"roty":0,"rotx":-34.48275862068966},"left_arm":{"posx":0.45457780837235856,"posy":0.6163118226121214,"posz":-0.19392521375916488,"roty":354.29719649116885,"rotx":19.423850322959808},"right_arm":{"posx":-0.43507725191690255,"posy":0.5938455615825804,"posz":-0.14603704230146958,"roty":357.6800946658752,"rotx":17.239360599270096}}}