# This file was generated by Animated Java via MC-Build. It is not recommended to edit this file directly.
$data merge entity $(bone_eyes) {transformation: [-1f,0f,0f,-0.0156f,0f,0.8377f,-0.5462f,1.7199f,0f,-0.5462f,-0.8377f,0.0779f,0f,0f,0f,1f],start_interpolation: 0,interpolation_duration: 1}
$data merge entity $(bone_head) {transformation: [-1f,0f,0f,0f,0f,0.8377f,-0.5462f,1.2947f,0f,-0.5462f,-0.8377f,0.0552f,0f,0f,0f,1f],start_interpolation: 0,interpolation_duration: 1}
$data merge entity $(bone_fabric_overray) {transformation: [-1f,0f,0f,0f,0f,0.6728f,0.7398f,1.2947f,0f,0.7398f,-0.6728f,0.0552f,0f,0f,0f,1f],start_interpolation: 0,interpolation_duration: 1}
$data merge entity $(bone_fabric) {transformation: [-1f,0f,0f,0f,0f,0.6728f,0.7398f,1.2947f,0f,0.7398f,-0.6728f,0.0552f,0f,0f,0f,1f],start_interpolation: 0,interpolation_duration: 1}
$data merge entity $(bone_bone_overray) {transformation: [-1f,0f,0f,0f,0f,0.9119f,0.4103f,1.2947f,0f,0.4103f,-0.9119f,0.0552f,0f,0f,0f,1f],start_interpolation: 0,interpolation_duration: 1}
$data merge entity $(bone_bone) {transformation: [-1f,0f,0f,0f,0f,0.9119f,0.4103f,1.2947f,0f,0.4103f,-0.9119f,0.0552f,0f,0f,0f,1f],start_interpolation: 0,interpolation_duration: 1}
$data merge entity $(bone_left_arm1) {transformation: [-0.9761f,-0.199f,-0.087f,0.25f,-0.2167f,0.9204f,0.3254f,1.2332f,0.0153f,0.3364f,-0.9416f,0.0444f,0f,0f,0f,1f],start_interpolation: 0,interpolation_duration: 1}
$data merge entity $(bone_right_arm1) {transformation: [-0.9847f,0.1702f,-0.0378f,-0.25f,0.1522f,0.945f,0.2896f,1.2332f,0.085f,0.2794f,-0.9564f,0.0444f,0f,0f,0f,1f],start_interpolation: 0,interpolation_duration: 1}
data modify entity @s data merge value {"cameras":{},"locators":{"mouse":{"posx":-2.6138156835090325e-17,"posy":1.5098001720085994,"posz":0.2134342477626098,"roty":0,"rotx":-33.10344827586207},"left_arm":{"posx":0.4478402069789541,"posy":0.6139221766698882,"posz":-0.18789541626346784,"roty":354.7209901059614,"rotx":18.986957677540904},"right_arm":{"posx":-0.4285541571916332,"posy":0.5930264500862659,"posz":-0.14241694132568816,"roty":357.7385010040459,"rotx":16.833257849515633}}}