# This file was generated by Animated Java via MC-Build. It is not recommended to edit this file directly.
$data merge entity $(bone_eyes) {transformation: [-1f,0f,0f,-0.0156f,0f,0.8506f,-0.5258f,1.7213f,0f,-0.5258f,-0.8506f,0.0882f,0f,0f,0f,1f],start_interpolation: 0,interpolation_duration: 1}
$data merge entity $(bone_head) {transformation: [-1f,0f,0f,0f,0f,0.8506f,-0.5258f,1.2968f,0f,-0.5258f,-0.8506f,0.0552f,0f,0f,0f,1f],start_interpolation: 0,interpolation_duration: 1}
$data merge entity $(bone_fabric_overray) {transformation: [-1f,0f,0f,0f,0f,0.6929f,0.7211f,1.2968f,0f,0.7211f,-0.6929f,0.0552f,0f,0f,0f,1f],start_interpolation: 0,interpolation_duration: 1}
$data merge entity $(bone_fabric) {transformation: [-1f,0f,0f,0f,0f,0.6929f,0.7211f,1.2968f,0f,0.7211f,-0.6929f,0.0552f,0f,0f,0f,1f],start_interpolation: 0,interpolation_duration: 1}
$data merge entity $(bone_bone_overray) {transformation: [-1f,0f,0f,0f,0f,0.9186f,0.3952f,1.2968f,0f,0.3952f,-0.9186f,0.0552f,0f,0f,0f,1f],start_interpolation: 0,interpolation_duration: 1}
$data merge entity $(bone_bone) {transformation: [-1f,0f,0f,0f,0f,0.9186f,0.3952f,1.2968f,0f,0.3952f,-0.9186f,0.0552f,0f,0f,0f,1f],start_interpolation: 0,interpolation_duration: 1}
$data merge entity $(bone_left_arm1) {transformation: [-0.9787f,-0.189f,-0.0805f,0.25f,-0.2049f,0.9257f,0.3181f,1.2353f,0.0144f,0.3278f,-0.9446f,0.0444f,0f,0f,0f,1f],start_interpolation: 0,interpolation_duration: 1}
$data merge entity $(bone_right_arm1) {transformation: [-0.9863f,0.1607f,-0.0368f,-0.25f,0.1439f,0.9483f,0.2829f,1.2353f,0.0803f,0.2737f,-0.9584f,0.0444f,0f,0f,0f,1f],start_interpolation: 0,interpolation_duration: 1}
data modify entity @s data merge value {"cameras":{},"locators":{"mouse":{"posx":-2.6766544166467795e-17,"posy":1.5080360615021353,"posz":0.2185654197202304,"roty":0,"rotx":-31.72413793103448},"left_arm":{"posx":0.4410723136236321,"posy":0.6116952819414113,"posz":-0.1818891357500857,"roty":355.12736689314926,"rotx":18.54566952064203},"right_arm":{"posx":-0.42209480899013435,"posy":0.5923276712810688,"posz":-0.1388088030142124,"roty":357.80371306558806,"rotx":16.43265771186942}}}