# This file was generated by Animated Java via MC-Build. It is not recommended to edit this file directly.
$data merge entity $(bone_eyes) {transformation: [-1f,0f,0f,-0.0156f,0f,0.863f,-0.5052f,1.7225f,0f,-0.5052f,-0.863f,0.0984f,0f,0f,0f,1f],start_interpolation: 0,interpolation_duration: 1}
$data merge entity $(bone_head) {transformation: [-1f,0f,0f,0f,0f,0.863f,-0.5052f,1.2989f,0f,-0.5052f,-0.863f,0.0552f,0f,0f,0f,1f],start_interpolation: 0,interpolation_duration: 1}
$data merge entity $(bone_fabric_overray) {transformation: [-1f,0f,0f,0f,0f,0.7124f,0.7018f,1.2989f,0f,0.7018f,-0.7124f,0.0552f,0f,0f,0f,1f],start_interpolation: 0,interpolation_duration: 1}
$data merge entity $(bone_fabric) {transformation: [-1f,0f,0f,0f,0f,0.7124f,0.7018f,1.2989f,0f,0.7018f,-0.7124f,0.0552f,0f,0f,0f,1f],start_interpolation: 0,interpolation_duration: 1}
$data merge entity $(bone_bone_overray) {transformation: [-1f,0f,0f,0f,0f,0.925f,0.3799f,1.2989f,0f,0.3799f,-0.925f,0.0552f,0f,0f,0f,1f],start_interpolation: 0,interpolation_duration: 1}
$data merge entity $(bone_bone) {transformation: [-1f,0f,0f,0f,0f,0.925f,0.3799f,1.2989f,0f,0.3799f,-0.925f,0.0552f,0f,0f,0f,1f],start_interpolation: 0,interpolation_duration: 1}
$data merge entity $(bone_left_arm1) {transformation: [-0.9811f,-0.1789f,-0.0743f,0.25f,-0.1932f,0.9307f,0.3107f,1.2374f,0.0136f,0.3192f,-0.9476f,0.0444f,0f,0f,0f,1f],start_interpolation: 0,interpolation_duration: 1}
$data merge entity $(bone_right_arm1) {transformation: [-0.9879f,0.1512f,-0.0356f,-0.25f,0.1357f,0.9515f,0.2763f,1.2374f,0.0757f,0.2681f,-0.9604f,0.0444f,0f,0f,0f,1f],start_interpolation: 0,interpolation_duration: 1}
data modify entity @s data merge value {"cameras":{},"locators":{"mouse":{"posx":-2.7383338653758862e-17,"posy":1.50614955921337,"posz":0.22360192892207129,"roty":0,"rotx":-30.344827586206907},"left_arm":{"posx":0.43428854985897475,"posy":0.6096358648627068,"posz":-0.17591651445902368,"roty":355.516114396689,"rotx":18.101162693712407},"right_arm":{"posx":-0.41570928691209774,"posy":0.5917499666704324,"posz":-0.13521923216414017,"roty":357.8753461533538,"rotx":16.03819748966805}}}