# This file was generated by Animated Java via MC-Build. It is not recommended to edit this file directly.
$data merge entity $(bone_eyes) {transformation: [-1f,0f,0f,-0.0156f,0f,0.8749f,-0.4843f,1.7235f,0f,-0.4843f,-0.8749f,0.1086f,0f,0f,0f,1f],start_interpolation: 0,interpolation_duration: 1}
$data merge entity $(bone_head) {transformation: [-1f,0f,0f,0f,0f,0.8749f,-0.4843f,1.301f,0f,-0.4843f,-0.8749f,0.0552f,0f,0f,0f,1f],start_interpolation: 0,interpolation_duration: 1}
$data merge entity $(bone_fabric_overray) {transformation: [-1f,0f,0f,0f,0f,0.7314f,0.682f,1.301f,0f,0.682f,-0.7314f,0.0552f,0f,0f,0f,1f],start_interpolation: 0,interpolation_duration: 1}
$data merge entity $(bone_fabric) {transformation: [-1f,0f,0f,0f,0f,0.7314f,0.682f,1.301f,0f,0.682f,-0.7314f,0.0552f,0f,0f,0f,1f],start_interpolation: 0,interpolation_duration: 1}
$data merge entity $(bone_bone_overray) {transformation: [-1f,0f,0f,0f,0f,0.9312f,0.3645f,1.301f,0f,0.3645f,-0.9312f,0.0552f,0f,0f,0f,1f],start_interpolation: 0,interpolation_duration: 1}
$data merge entity $(bone_bone) {transformation: [-1f,0f,0f,0f,0f,0.9312f,0.3645f,1.301f,0f,0.3645f,-0.9312f,0.0552f,0f,0f,0f,1f],start_interpolation: 0,interpolation_duration: 1}
$data merge entity $(bone_left_arm1) {transformation: [-0.9833f,-0.1688f,-0.0683f,0.25f,-0.1817f,0.9354f,0.3033f,1.2395f,0.0127f,0.3106f,-0.9504f,0.0444f,0f,0f,0f,1f],start_interpolation: 0,interpolation_duration: 1}
$data merge entity $(bone_right_arm1) {transformation: [-0.9893f,0.1419f,-0.0344f,-0.25f,0.1276f,0.9544f,0.2698f,1.2395f,0.0711f,0.2625f,-0.9623f,0.0444f,0f,0f,0f,1f],start_interpolation: 0,interpolation_duration: 1}
data modify entity @s data merge value {"cameras":{},"locators":{"mouse":{"posx":-2.7988182861012875e-17,"posy":1.5041429792500736,"posz":0.2285408566821008,"roty":0,"rotx":-28.96551724137931},"left_arm":{"posx":0.4275037225851395,"posy":0.6077478262216782,"posz":-0.16998786056053378,"roty":355.8871018005484,"rotx":17.65463849885625},"right_arm":{"posx":-0.40940756716580057,"posy":0.5912936129788512,"posz":-0.13165492370255316,"roty":357.9529833301906,"rotx":15.650498938125025}}}