# This file was generated by Animated Java via MC-Build. It is not recommended to edit this file directly.
$data merge entity $(bone_eyes) {transformation: [-1f,0f,0f,-0.0156f,0f,0.8863f,-0.4631f,1.7242f,0f,-0.4631f,-0.8863f,0.1187f,0f,0f,0f,1f],start_interpolation: 0,interpolation_duration: 1}
$data merge entity $(bone_head) {transformation: [-1f,0f,0f,0f,0f,0.8863f,-0.4631f,1.3032f,0f,-0.4631f,-0.8863f,0.0552f,0f,0f,0f,1f],start_interpolation: 0,interpolation_duration: 1}
$data merge entity $(bone_fabric_overray) {transformation: [-1f,0f,0f,0f,0f,0.7498f,0.6617f,1.3032f,0f,0.6617f,-0.7498f,0.0552f,0f,0f,0f,1f],start_interpolation: 0,interpolation_duration: 1}
$data merge entity $(bone_fabric) {transformation: [-1f,0f,0f,0f,0f,0.7498f,0.6617f,1.3032f,0f,0.6617f,-0.7498f,0.0552f,0f,0f,0f,1f],start_interpolation: 0,interpolation_duration: 1}
$data merge entity $(bone_bone_overray) {transformation: [-1f,0f,0f,0f,0f,0.9371f,0.3491f,1.3032f,0f,0.3491f,-0.9371f,0.0552f,0f,0f,0f,1f],start_interpolation: 0,interpolation_duration: 1}
$data merge entity $(bone_bone) {transformation: [-1f,0f,0f,0f,0f,0.9371f,0.3491f,1.3032f,0f,0.3491f,-0.9371f,0.0552f,0f,0f,0f,1f],start_interpolation: 0,interpolation_duration: 1}
$data merge entity $(bone_left_arm1) {transformation: [-0.9853f,-0.1588f,-0.0626f,0.25f,-0.1703f,0.9399f,0.2958f,1.2416f,0.0119f,0.3022f,-0.9532f,0.0444f,0f,0f,0f,1f],start_interpolation: 0,interpolation_duration: 1}
$data merge entity $(bone_right_arm1) {transformation: [-0.9906f,0.1328f,-0.0331f,-0.25f,0.1195f,0.9573f,0.2634f,1.2416f,0.0666f,0.2569f,-0.9641f,0.0444f,0f,0f,0f,1f],start_interpolation: 0,interpolation_duration: 1}
data modify entity @s data merge value {"cameras":{},"locators":{"mouse":{"posx":-2.858072627753515e-17,"posy":1.50201870530572,"posz":0.2333793408632935,"roty":0,"rotx":-27.586206896551737},"left_arm":{"posx":0.4207329719061594,"posy":0.6060342370156586,"posz":-0.16411363721563044,"roty":356.2402769327083,"rotx":17.207318278275505},"right_arm":{"posx":-0.40319950649852876,"posy":0.5909584432194295,"posz":-0.12812265448357663,"roty":358.03617733598674,"rotx":15.270167639130404}}}