# This file was generated by Animated Java via MC-Build. It is not recommended to edit this file directly.
$data merge entity $(bone_eyes) {transformation: [-1f,0f,0f,-0.0156f,0f,0.8972f,-0.4416f,1.7246f,0f,-0.4416f,-0.8972f,0.1288f,0f,0f,0f,1f],start_interpolation: 0,interpolation_duration: 1}
$data merge entity $(bone_head) {transformation: [-1f,0f,0f,0f,0f,0.8972f,-0.4416f,1.3053f,0f,-0.4416f,-0.8972f,0.0552f,0f,0f,0f,1f],start_interpolation: 0,interpolation_duration: 1}
$data merge entity $(bone_fabric_overray) {transformation: [-1f,0f,0f,0f,0f,0.7676f,0.6409f,1.3053f,0f,0.6409f,-0.7676f,0.0552f,0f,0f,0f,1f],start_interpolation: 0,interpolation_duration: 1}
$data merge entity $(bone_fabric) {transformation: [-1f,0f,0f,0f,0f,0.7676f,0.6409f,1.3053f,0f,0.6409f,-0.7676f,0.0552f,0f,0f,0f,1f],start_interpolation: 0,interpolation_duration: 1}
$data merge entity $(bone_bone_overray) {transformation: [-1f,0f,0f,0f,0f,0.9427f,0.3335f,1.3053f,0f,0.3335f,-0.9427f,0.0552f,0f,0f,0f,1f],start_interpolation: 0,interpolation_duration: 1}
$data merge entity $(bone_bone) {transformation: [-1f,0f,0f,0f,0f,0.9427f,0.3335f,1.3053f,0f,0.3335f,-0.9427f,0.0552f,0f,0f,0f,1f],start_interpolation: 0,interpolation_duration: 1}
$data merge entity $(bone_left_arm1) {transformation: [-0.9872f,-0.1488f,-0.0572f,0.25f,-0.159f,0.9442f,0.2884f,1.2437f,0.0111f,0.2938f,-0.9558f,0.0444f,0f,0f,0f,1f],start_interpolation: 0,interpolation_duration: 1}
$data merge entity $(bone_right_arm1) {transformation: [-0.9918f,0.1238f,-0.0316f,-0.25f,0.1116f,0.9599f,0.2571f,1.2437f,0.0622f,0.2515f,-0.9659f,0.0444f,0f,0f,0f,1f],start_interpolation: 0,interpolation_duration: 1}
data modify entity @s data merge value {"cameras":{},"locators":{"mouse":{"posx":-2.916062552100996e-17,"posy":1.4997791892781205,"posz":0.23811457753625553,"roty":0,"rotx":-26.20689655172415},"left_arm":{"posx":0.4139917187556899,"posy":0.6044973403689565,"posz":-0.15830445110383806,"roty":356.57566290011835,"rotx":16.760439145616477},"right_arm":{"posx":-0.39709482789644834,"posy":0.5907438696089248,"posz":-0.1246292749658978,"roty":358.12445255675567,"rotx":14.897792515954013}}}