# This file was generated by Animated Java via MC-Build. It is not recommended to edit this file directly.
$data merge entity $(bone_eyes) {transformation: [-1f,0f,0f,-0.0156f,0f,0.8829f,0.4695f,1.3667f,0f,0.4695f,-0.8829f,0.4384f,0f,0f,0f,1f],start_interpolation: 0,interpolation_duration: 1}
$data merge entity $(bone_head) {transformation: [-1f,0f,0f,0f,0f,0.8829f,0.4695f,1.1811f,0f,0.4695f,-0.8829f,0.0552f,0f,0f,0f,1f],start_interpolation: 0,interpolation_duration: 1}
$data merge entity $(bone_fabric_overray) {transformation: [-1f,0f,0f,0f,0f,0.9272f,0.3746f,1.1811f,0f,0.3746f,-0.9272f,0.0552f,0f,0f,0f,1f],start_interpolation: 0,interpolation_duration: 1}
$data merge entity $(bone_fabric) {transformation: [-1f,0f,0f,0f,0f,0.9272f,0.3746f,1.1811f,0f,0.3746f,-0.9272f,0.0552f,0f,0f,0f,1f],start_interpolation: 0,interpolation_duration: 1}
$data merge entity $(bone_bone_overray) {transformation: [-1f,0f,0f,0f,0f,0.958f,0.2868f,1.1811f,0f,0.2868f,-0.958f,0.0552f,0f,0f,0f,1f],start_interpolation: 0,interpolation_duration: 1}
$data merge entity $(bone_bone) {transformation: [-1f,0f,0f,0f,0f,0.958f,0.2868f,1.1811f,0f,0.2868f,-0.958f,0.0552f,0f,0f,0f,1f],start_interpolation: 0,interpolation_duration: 1}
$data merge entity $(bone_left_arm1) {transformation: [-1f,0f,0f,0.25f,0f,0.9983f,0.0581f,1.1196f,0f,0.0581f,-0.9983f,0.0444f,0f,0f,0f,1f],start_interpolation: 0,interpolation_duration: 1}
$data merge entity $(bone_right_arm1) {transformation: [-1f,0f,0f,-0.25f,0f,0.9983f,0.0581f,1.1196f,0f,0.0581f,-0.9983f,0.0444f,0f,0f,0f,1f],start_interpolation: 0,interpolation_duration: 1}
data modify entity @s data merge value {"cameras":{},"locators":{"mouse":{"posx":-3.91843412816012e-17,"posy":1.14651388005455,"posz":0.31996442818356174,"roty":0,"rotx":28.000000000000007},"left_arm":{"posx":0.3125,"posy":0.43321809054573834,"posz":0.004386989977517491,"roty":0,"rotx":3.333333333333333},"right_arm":{"posx":-0.3125,"posy":0.43321809054573834,"posz":0.004386989977517422,"roty":0,"rotx":3.333333333333333}}}