# This file was generated by Animated Java via MC-Build. It is not recommended to edit this file directly.
$data merge entity $(bone_eyes) {transformation: [-1f,0f,0f,-0.0156f,0f,0.9076f,-0.4199f,1.7248f,0f,-0.4199f,-0.9076f,0.1389f,0f,0f,0f,1f],start_interpolation: 0,interpolation_duration: 1}
$data merge entity $(bone_head) {transformation: [-1f,0f,0f,0f,0f,0.9076f,-0.4199f,1.3074f,0f,-0.4199f,-0.9076f,0.0552f,0f,0f,0f,1f],start_interpolation: 0,interpolation_duration: 1}
$data merge entity $(bone_fabric_overray) {transformation: [-1f,0f,0f,0f,0f,0.7849f,0.6196f,1.3074f,0f,0.6196f,-0.7849f,0.0552f,0f,0f,0f,1f],start_interpolation: 0,interpolation_duration: 1}
$data merge entity $(bone_fabric) {transformation: [-1f,0f,0f,0f,0f,0.7849f,0.6196f,1.3074f,0f,0.6196f,-0.7849f,0.0552f,0f,0f,0f,1f],start_interpolation: 0,interpolation_duration: 1}
$data merge entity $(bone_bone_overray) {transformation: [-1f,0f,0f,0f,0f,0.9481f,0.3179f,1.3074f,0f,0.3179f,-0.9481f,0.0552f,0f,0f,0f,1f],start_interpolation: 0,interpolation_duration: 1}
$data merge entity $(bone_bone) {transformation: [-1f,0f,0f,0f,0f,0.9481f,0.3179f,1.3074f,0f,0.3179f,-0.9481f,0.0552f,0f,0f,0f,1f],start_interpolation: 0,interpolation_duration: 1}
$data merge entity $(bone_left_arm1) {transformation: [-0.9889f,-0.1389f,-0.052f,0.25f,-0.148f,0.9483f,0.2809f,1.2458f,0.0103f,0.2855f,-0.9583f,0.0444f,0f,0f,0f,1f],start_interpolation: 0,interpolation_duration: 1}
$data merge entity $(bone_right_arm1) {transformation: [-0.9929f,0.115f,-0.0301f,-0.25f,0.1038f,0.9624f,0.251f,1.2458f,0.0578f,0.246f,-0.9675f,0.0444f,0f,0f,0f,1f],start_interpolation: 0,interpolation_duration: 1}
data modify entity @s data merge value {"cameras":{},"locators":{"mouse":{"posx":-2.97275445364925e-17,"posy":1.4974269498485369,"posz":0.24274382260411717,"roty":0,"rotx":-24.827586206896562},"left_arm":{"posx":0.4072956127964503,"posy":0.6031385596250048,"posz":-0.15257104049393827,"roty":356.893354391787,"rotx":16.315249895829435},"right_arm":{"posx":-0.39110310818077193,"posy":0.5906489082130483,"posz":-0.12118170082831937,"roty":358.21730704397055,"rotx":14.533945493174093}}}