# This file was generated by Animated Java via MC-Build. It is not recommended to edit this file directly.
$data merge entity $(bone_eyes) {transformation: [-1f,0f,0f,-0.0156f,0f,0.9174f,-0.3979f,1.7248f,0f,-0.3979f,-0.9174f,0.1489f,0f,0f,0f,1f],start_interpolation: 0,interpolation_duration: 1}
$data merge entity $(bone_head) {transformation: [-1f,0f,0f,0f,0f,0.9174f,-0.3979f,1.3095f,0f,-0.3979f,-0.9174f,0.0552f,0f,0f,0f,1f],start_interpolation: 0,interpolation_duration: 1}
$data merge entity $(bone_fabric_overray) {transformation: [-1f,0f,0f,0f,0f,0.8016f,0.5978f,1.3095f,0f,0.5978f,-0.8016f,0.0552f,0f,0f,0f,1f],start_interpolation: 0,interpolation_duration: 1}
$data merge entity $(bone_fabric) {transformation: [-1f,0f,0f,0f,0f,0.8016f,0.5978f,1.3095f,0f,0.5978f,-0.8016f,0.0552f,0f,0f,0f,1f],start_interpolation: 0,interpolation_duration: 1}
$data merge entity $(bone_bone_overray) {transformation: [-1f,0f,0f,0f,0f,0.9533f,0.3021f,1.3095f,0f,0.3021f,-0.9533f,0.0552f,0f,0f,0f,1f],start_interpolation: 0,interpolation_duration: 1}
$data merge entity $(bone_bone) {transformation: [-1f,0f,0f,0f,0f,0.9533f,0.3021f,1.3095f,0f,0.3021f,-0.9533f,0.0552f,0f,0f,0f,1f],start_interpolation: 0,interpolation_duration: 1}
$data merge entity $(bone_left_arm1) {transformation: [-0.9905f,-0.1291f,-0.0471f,0.25f,-0.1371f,0.9521f,0.2735f,1.2479f,0.0095f,0.2774f,-0.9607f,0.0444f,0f,0f,0f,1f],start_interpolation: 0,interpolation_duration: 1}
$data merge entity $(bone_right_arm1) {transformation: [-0.9939f,0.1063f,-0.0285f,-0.25f,0.0962f,0.9648f,0.245f,1.2479f,0.0536f,0.2407f,-0.9691f,0.0444f,0f,0f,0f,1f],start_interpolation: 0,interpolation_duration: 1}
data modify entity @s data merge value {"cameras":{},"locators":{"mouse":{"posx":-3.028115479115472e-17,"posy":1.4949645710220891,"posz":0.24726439339275322,"roty":0,"rotx":-23.44827586206898},"left_arm":{"posx":0.4006604810859784,"posy":0.6019585126815024,"posz":-0.14692426293483907,"roty":357.1935136834535,"rotx":15.873007116312962},"right_arm":{"posx":-0.385233767609486,"posy":0.5906722052023872,"posz":-0.11778690457874628,"roty":358.3142145828792,"rotx":14.179181306444661}}}