# This file was generated by Animated Java via MC-Build. It is not recommended to edit this file directly.
$data merge entity $(bone_eyes) {transformation: [-1f,0f,0f,-0.0156f,0f,0.9267f,-0.3757f,1.7245f,0f,-0.3757f,-0.9267f,0.1589f,0f,0f,0f,1f],start_interpolation: 0,interpolation_duration: 1}
$data merge entity $(bone_head) {transformation: [-1f,0f,0f,0f,0f,0.9267f,-0.3757f,1.3116f,0f,-0.3757f,-0.9267f,0.0552f,0f,0f,0f,1f],start_interpolation: 0,interpolation_duration: 1}
$data merge entity $(bone_fabric_overray) {transformation: [-1f,0f,0f,0f,0f,0.8177f,0.5756f,1.3116f,0f,0.5756f,-0.8177f,0.0552f,0f,0f,0f,1f],start_interpolation: 0,interpolation_duration: 1}
$data merge entity $(bone_fabric) {transformation: [-1f,0f,0f,0f,0f,0.8177f,0.5756f,1.3116f,0f,0.5756f,-0.8177f,0.0552f,0f,0f,0f,1f],start_interpolation: 0,interpolation_duration: 1}
$data merge entity $(bone_bone_overray) {transformation: [-1f,0f,0f,0f,0f,0.9581f,0.2863f,1.3116f,0f,0.2863f,-0.9581f,0.0552f,0f,0f,0f,1f],start_interpolation: 0,interpolation_duration: 1}
$data merge entity $(bone_bone) {transformation: [-1f,0f,0f,0f,0f,0.9581f,0.2863f,1.3116f,0f,0.2863f,-0.9581f,0.0552f,0f,0f,0f,1f],start_interpolation: 0,interpolation_duration: 1}
$data merge entity $(bone_left_arm1) {transformation: [-0.9919f,-0.1194f,-0.0424f,0.25f,-0.1264f,0.9556f,0.2661f,1.25f,0.0088f,0.2694f,-0.963f,0.0444f,0f,0f,0f,1f],start_interpolation: 0,interpolation_duration: 1}
$data merge entity $(bone_right_arm1) {transformation: [-0.9948f,0.0979f,-0.0269f,-0.25f,0.0887f,0.9669f,0.2391f,1.25f,0.0494f,0.2355f,-0.9706f,0.0444f,0f,0f,0f,1f],start_interpolation: 0,interpolation_duration: 1}
data modify entity @s data merge value {"cameras":{},"locators":{"mouse":{"posx":-3.082113546467195e-17,"posy":1.4923947006303122,"posz":0.251673670205408,"roty":0,"rotx":-22.068965517241402},"left_arm":{"posx":0.3941022779830874,"posy":0.6009570325920295,"posz":-0.14137508264403992,"roty":357.4763663730988,"rotx":15.434971518410167},"right_arm":{"posx":-0.37949606157584714,"posy":0.5908120645988283,"posz":-0.11445190720920904,"roty":358.41462680898303,"rotx":13.834037465991067}}}