# This file was generated by Animated Java via MC-Build. It is not recommended to edit this file directly.
$data merge entity $(bone_eyes) {transformation: [-1f,0f,0f,-0.0156f,0f,0.9355f,-0.3533f,1.724f,0f,-0.3533f,-0.9355f,0.1688f,0f,0f,0f,1f],start_interpolation: 0,interpolation_duration: 1}
$data merge entity $(bone_head) {transformation: [-1f,0f,0f,0f,0f,0.9355f,-0.3533f,1.3137f,0f,-0.3533f,-0.9355f,0.0552f,0f,0f,0f,1f],start_interpolation: 0,interpolation_duration: 1}
$data merge entity $(bone_fabric_overray) {transformation: [-1f,0f,0f,0f,0f,0.8332f,0.553f,1.3137f,0f,0.553f,-0.8332f,0.0552f,0f,0f,0f,1f],start_interpolation: 0,interpolation_duration: 1}
$data merge entity $(bone_fabric) {transformation: [-1f,0f,0f,0f,0f,0.8332f,0.553f,1.3137f,0f,0.553f,-0.8332f,0.0552f,0f,0f,0f,1f],start_interpolation: 0,interpolation_duration: 1}
$data merge entity $(bone_bone_overray) {transformation: [-1f,0f,0f,0f,0f,0.9627f,0.2704f,1.3137f,0f,0.2704f,-0.9627f,0.0552f,0f,0f,0f,1f],start_interpolation: 0,interpolation_duration: 1}
$data merge entity $(bone_bone) {transformation: [-1f,0f,0f,0f,0f,0.9627f,0.2704f,1.3137f,0f,0.2704f,-0.9627f,0.0552f,0f,0f,0f,1f],start_interpolation: 0,interpolation_duration: 1}
$data merge entity $(bone_left_arm1) {transformation: [-0.9932f,-0.1099f,-0.0381f,0.25f,-0.116f,0.9589f,0.2589f,1.2521f,0.008f,0.2615f,-0.9652f,0.0444f,0f,0f,0f,1f],start_interpolation: 0,interpolation_duration: 1}
$data merge entity $(bone_right_arm1) {transformation: [-0.9957f,0.0897f,-0.0251f,-0.25f,0.0814f,0.969f,0.2334f,1.2521f,0.0453f,0.2304f,-0.972f,0.0444f,0f,0f,0f,1f],start_interpolation: 0,interpolation_duration: 1}
data modify entity @s data merge value {"cameras":{},"locators":{"mouse":{"posx":-3.134717363514016e-17,"posy":1.4897200487967202,"posz":0.25596909784082467,"roty":0,"rotx":-20.68965517241379},"left_arm":{"posx":0.3876370367445941,"posy":0.600133194414566,"posz":-0.13593455767040102,"roty":357.7421968720968,"rotx":15.002404504769347},"right_arm":{"posx":-0.37389907447642545,"posy":0.5910664773937656,"posz":-0.11118376994608455,"roty":358.5179753722492,"rotx":13.499034376979044}}}