# This file was generated by Animated Java via MC-Build. It is not recommended to edit this file directly.
$data merge entity $(bone_eyes) {transformation: [-1f,0f,0f,-0.0156f,0f,0.9437f,-0.3307f,1.7233f,0f,-0.3307f,-0.9437f,0.1787f,0f,0f,0f,1f],start_interpolation: 0,interpolation_duration: 1}
$data merge entity $(bone_head) {transformation: [-1f,0f,0f,0f,0f,0.9437f,-0.3307f,1.3158f,0f,-0.3307f,-0.9437f,0.0552f,0f,0f,0f,1f],start_interpolation: 0,interpolation_duration: 1}
$data merge entity $(bone_fabric_overray) {transformation: [-1f,0f,0f,0f,0f,0.848f,0.5299f,1.3158f,0f,0.5299f,-0.848f,0.0552f,0f,0f,0f,1f],start_interpolation: 0,interpolation_duration: 1}
$data merge entity $(bone_fabric) {transformation: [-1f,0f,0f,0f,0f,0.848f,0.5299f,1.3158f,0f,0.5299f,-0.848f,0.0552f,0f,0f,0f,1f],start_interpolation: 0,interpolation_duration: 1}
$data merge entity $(bone_bone_overray) {transformation: [-1f,0f,0f,0f,0f,0.9671f,0.2545f,1.3158f,0f,0.2545f,-0.9671f,0.0552f,0f,0f,0f,1f],start_interpolation: 0,interpolation_duration: 1}
$data merge entity $(bone_bone) {transformation: [-1f,0f,0f,0f,0f,0.9671f,0.2545f,1.3158f,0f,0.2545f,-0.9671f,0.0552f,0f,0f,0f,1f],start_interpolation: 0,interpolation_duration: 1}
$data merge entity $(bone_left_arm1) {transformation: [-0.9944f,-0.1006f,-0.0339f,0.25f,-0.1059f,0.962f,0.2517f,1.2542f,0.0073f,0.2538f,-0.9672f,0.0444f,0f,0f,0f,1f],start_interpolation: 0,interpolation_duration: 1}
$data merge entity $(bone_right_arm1) {transformation: [-0.9964f,0.0817f,-0.0234f,-0.25f,0.0743f,0.9708f,0.2279f,1.2542f,0.0413f,0.2254f,-0.9734f,0.0444f,0f,0f,0f,1f],start_interpolation: 0,interpolation_duration: 1}
data modify entity @s data merge value {"cameras":{},"locators":{"mouse":{"posx":-3.1858964460415927e-17,"posy":1.4869433863662749,"posz":0.26014818707399867,"roty":0,"rotx":-19.310344827586206},"left_arm":{"posx":0.3812808232307063,"posy":0.5994853482467819,"posz":-0.13061382690599482,"roty":357.991343672274,"rotx":14.576564984685895},"right_arm":{"posx":-0.36845171580286823,"posy":0.5914331519227178,"posz":-0.10798958614063155,"roty":358.62367414896755,"rotx":13.17467561913747}}}