# This file was generated by Animated Java via MC-Build. It is not recommended to edit this file directly.
$data merge entity $(bone_eyes) {transformation: [-1f,0f,0f,-0.0156f,0f,0.9514f,-0.3079f,1.7223f,0f,-0.3079f,-0.9514f,0.1884f,0f,0f,0f,1f],start_interpolation: 0,interpolation_duration: 1}
$data merge entity $(bone_head) {transformation: [-1f,0f,0f,0f,0f,0.9514f,-0.3079f,1.3179f,0f,-0.3079f,-0.9514f,0.0552f,0f,0f,0f,1f],start_interpolation: 0,interpolation_duration: 1}
$data merge entity $(bone_fabric_overray) {transformation: [-1f,0f,0f,0f,0f,0.8623f,0.5065f,1.3179f,0f,0.5065f,-0.8623f,0.0552f,0f,0f,0f,1f],start_interpolation: 0,interpolation_duration: 1}
$data merge entity $(bone_fabric) {transformation: [-1f,0f,0f,0f,0f,0.8623f,0.5065f,1.3179f,0f,0.5065f,-0.8623f,0.0552f,0f,0f,0f,1f],start_interpolation: 0,interpolation_duration: 1}
$data merge entity $(bone_bone_overray) {transformation: [-1f,0f,0f,0f,0f,0.9712f,0.2384f,1.3179f,0f,0.2384f,-0.9712f,0.0552f,0f,0f,0f,1f],start_interpolation: 0,interpolation_duration: 1}
$data merge entity $(bone_bone) {transformation: [-1f,0f,0f,0f,0f,0.9712f,0.2384f,1.3179f,0f,0.2384f,-0.9712f,0.0552f,0f,0f,0f,1f],start_interpolation: 0,interpolation_duration: 1}
$data merge entity $(bone_left_arm1) {transformation: [-0.9954f,-0.0914f,-0.03f,0.25f,-0.096f,0.9649f,0.2446f,1.2564f,0.0066f,0.2464f,-0.9692f,0.0444f,0f,0f,0f,1f],start_interpolation: 0,interpolation_duration: 1}
$data merge entity $(bone_right_arm1) {transformation: [-0.997f,0.074f,-0.0216f,-0.25f,0.0673f,0.9726f,0.2226f,1.2564f,0.0375f,0.2205f,-0.9747f,0.0444f,0f,0f,0f,1f],start_interpolation: 0,interpolation_duration: 1}
data modify entity @s data merge value {"cameras":{},"locators":{"mouse":{"posx":-3.23562113547743e-17,"posy":1.4840675432996657,"posz":0.26420851609869844,"roty":0,"rotx":-17.931034482758633},"left_arm":{"posx":0.37504969210006556,"posy":0.5990111583503887,"posz":-0.12542409701863777,"roty":358.22419440468457,"rotx":14.158706446293989},"right_arm":{"posx":-0.36316271849285264,"posy":0.5919095453862258,"posz":-0.10487647334027835,"roty":358.73112150147705,"rotx":12.861448387223263}}}