# This file was generated by Animated Java via MC-Build. It is not recommended to edit this file directly.
$data merge entity $(bone_eyes) {transformation: [-1f,0f,0f,-0.0156f,0f,0.9586f,-0.2849f,1.7211f,0f,-0.2849f,-0.9586f,0.1981f,0f,0f,0f,1f],start_interpolation: 0,interpolation_duration: 1}
$data merge entity $(bone_head) {transformation: [-1f,0f,0f,0f,0f,0.9586f,-0.2849f,1.32f,0f,-0.2849f,-0.9586f,0.0552f,0f,0f,0f,1f],start_interpolation: 0,interpolation_duration: 1}
$data merge entity $(bone_fabric_overray) {transformation: [-1f,0f,0f,0f,0f,0.8758f,0.4826f,1.32f,0f,0.4826f,-0.8758f,0.0552f,0f,0f,0f,1f],start_interpolation: 0,interpolation_duration: 1}
$data merge entity $(bone_fabric) {transformation: [-1f,0f,0f,0f,0f,0.8758f,0.4826f,1.32f,0f,0.4826f,-0.8758f,0.0552f,0f,0f,0f,1f],start_interpolation: 0,interpolation_duration: 1}
$data merge entity $(bone_bone_overray) {transformation: [-1f,0f,0f,0f,0f,0.975f,0.2223f,1.32f,0f,0.2223f,-0.975f,0.0552f,0f,0f,0f,1f],start_interpolation: 0,interpolation_duration: 1}
$data merge entity $(bone_bone) {transformation: [-1f,0f,0f,0f,0f,0.975f,0.2223f,1.32f,0f,0.2223f,-0.975f,0.0552f,0f,0f,0f,1f],start_interpolation: 0,interpolation_duration: 1}
$data merge entity $(bone_left_arm1) {transformation: [-0.9962f,-0.0825f,-0.0264f,0.25f,-0.0864f,0.9675f,0.2377f,1.2585f,0.006f,0.2391f,-0.971f,0.0444f,0f,0f,0f,1f],start_interpolation: 0,interpolation_duration: 1}
$data merge entity $(bone_right_arm1) {transformation: [-0.9976f,0.0665f,-0.0198f,-0.25f,0.0606f,0.9742f,0.2175f,1.2585f,0.0337f,0.2157f,-0.9759f,0.0444f,0f,0f,0f,1f],start_interpolation: 0,interpolation_duration: 1}
data modify entity @s data merge value {"cameras":{},"locators":{"mouse":{"posx":-3.28386261607819e-17,"posy":1.4810954070333304,"posz":0.2681477319309161,"roty":0,"rotx":-16.551724137931053},"left_arm":{"posx":0.3689596458321748,"posy":0.5987076482327066,"posz":-0.12037662937224015,"roty":358.4411807016644,"rotx":13.750074291358356},"right_arm":{"posx":-0.3580406395570469,"posy":0.5924928964140214,"posz":-0.10185156557584436,"roty":358.8397025862779,"rotx":12.559824093100595}}}