# This file was generated by Animated Java via MC-Build. It is not recommended to edit this file directly.
$data merge entity $(bone_eyes) {transformation: [-1f,0f,0f,-0.0156f,0f,0.9651f,-0.2617f,1.7196f,0f,-0.2617f,-0.9651f,0.2077f,0f,0f,0f,1f],start_interpolation: 0,interpolation_duration: 1}
$data merge entity $(bone_head) {transformation: [-1f,0f,0f,0f,0f,0.9651f,-0.2617f,1.3221f,0f,-0.2617f,-0.9651f,0.0552f,0f,0f,0f,1f],start_interpolation: 0,interpolation_duration: 1}
$data merge entity $(bone_fabric_overray) {transformation: [-1f,0f,0f,0f,0f,0.8887f,0.4584f,1.3221f,0f,0.4584f,-0.8887f,0.0552f,0f,0f,0f,1f],start_interpolation: 0,interpolation_duration: 1}
$data merge entity $(bone_fabric) {transformation: [-1f,0f,0f,0f,0f,0.8887f,0.4584f,1.3221f,0f,0.4584f,-0.8887f,0.0552f,0f,0f,0f,1f],start_interpolation: 0,interpolation_duration: 1}
$data merge entity $(bone_bone_overray) {transformation: [-1f,0f,0f,0f,0f,0.9785f,0.2061f,1.3221f,0f,0.2061f,-0.9785f,0.0552f,0f,0f,0f,1f],start_interpolation: 0,interpolation_duration: 1}
$data merge entity $(bone_bone) {transformation: [-1f,0f,0f,0f,0f,0.9785f,0.2061f,1.3221f,0f,0.2061f,-0.9785f,0.0552f,0f,0f,0f,1f],start_interpolation: 0,interpolation_duration: 1}
$data merge entity $(bone_left_arm1) {transformation: [-0.997f,-0.0738f,-0.023f,0.25f,-0.0771f,0.9699f,0.2309f,1.2606f,0.0053f,0.232f,-0.9727f,0.0444f,0f,0f,0f,1f],start_interpolation: 0,interpolation_duration: 1}
$data merge entity $(bone_right_arm1) {transformation: [-0.9981f,0.0592f,-0.0179f,-0.25f,0.0541f,0.9757f,0.2125f,1.2606f,0.0301f,0.2111f,-0.977f,0.0444f,0f,0f,0f,1f],start_interpolation: 0,interpolation_duration: 1}
data modify entity @s data merge value {"cameras":{},"locators":{"mouse":{"posx":-3.3305929316285753e-17,"posy":1.4780299208061707,"posz":0.2719635517724346,"roty":0,"rotx":-15.172413793103471},"left_arm":{"posx":0.3630265968660706,"posy":0.5985712515232505,"posz":-0.11548272699632146,"roty":358.64277286979404,"rotx":13.351903435396926},"right_arm":{"posx":-0.35309386298037304,"posy":0.5931802585783885,"posz":-0.09892200589401455,"roty":358.9487917113443,"rotx":12.270259129360651}}}