# This file was generated by Animated Java via MC-Build. It is not recommended to edit this file directly.
$data merge entity $(bone_eyes) {transformation: [-1f,0f,0f,-0.0156f,0f,0.9712f,-0.2384f,1.718f,0f,-0.2384f,-0.9712f,0.2173f,0f,0f,0f,1f],start_interpolation: 0,interpolation_duration: 1}
$data merge entity $(bone_head) {transformation: [-1f,0f,0f,0f,0f,0.9712f,-0.2384f,1.3242f,0f,-0.2384f,-0.9712f,0.0552f,0f,0f,0f,1f],start_interpolation: 0,interpolation_duration: 1}
$data merge entity $(bone_fabric_overray) {transformation: [-1f,0f,0f,0f,0f,0.901f,0.4339f,1.3242f,0f,0.4339f,-0.901f,0.0552f,0f,0f,0f,1f],start_interpolation: 0,interpolation_duration: 1}
$data merge entity $(bone_fabric) {transformation: [-1f,0f,0f,0f,0f,0.901f,0.4339f,1.3242f,0f,0.4339f,-0.901f,0.0552f,0f,0f,0f,1f],start_interpolation: 0,interpolation_duration: 1}
$data merge entity $(bone_bone_overray) {transformation: [-1f,0f,0f,0f,0f,0.9818f,0.1899f,1.3242f,0f,0.1899f,-0.9818f,0.0552f,0f,0f,0f,1f],start_interpolation: 0,interpolation_duration: 1}
$data merge entity $(bone_bone) {transformation: [-1f,0f,0f,0f,0f,0.9818f,0.1899f,1.3242f,0f,0.1899f,-0.9818f,0.0552f,0f,0f,0f,1f],start_interpolation: 0,interpolation_duration: 1}
$data merge entity $(bone_left_arm1) {transformation: [-0.9977f,-0.0653f,-0.0199f,0.25f,-0.0681f,0.9721f,0.2244f,1.2627f,0.0047f,0.2252f,-0.9743f,0.0444f,0f,0f,0f,1f],start_interpolation: 0,interpolation_duration: 1}
$data merge entity $(bone_right_arm1) {transformation: [-0.9985f,0.0523f,-0.0161f,-0.25f,0.0478f,0.977f,0.2078f,1.2627f,0.0266f,0.2067f,-0.978f,0.0444f,0f,0f,0f,1f],start_interpolation: 0,interpolation_duration: 1}
data modify entity @s data merge value {"cameras":{},"locators":{"mouse":{"posx":-3.375785001642127e-17,"posy":1.4748740819539246,"posz":0.275653764333723,"roty":0,"rotx":-13.793103448275858},"left_arm":{"posx":0.35726633309002875,"posy":0.5985978684568705,"posz":-0.11075372165890578,"roty":358.82947437786436,"rotx":12.96541617291083},"right_arm":{"posx":-0.3483306048775404,"posy":0.5939685347733364,"posz":-0.09609493915797744,"roty":359.05775474376395,"rotx":11.99319579353489}}}