# This file was generated by Animated Java via MC-Build. It is not recommended to edit this file directly.
$data merge entity $(bone_eyes) {transformation: [-1f,0f,0f,-0.0156f,0f,0.9766f,-0.215f,1.7161f,0f,-0.215f,-0.9766f,0.2267f,0f,0f,0f,1f],start_interpolation: 0,interpolation_duration: 1}
$data merge entity $(bone_head) {transformation: [-1f,0f,0f,0f,0f,0.9766f,-0.215f,1.3263f,0f,-0.215f,-0.9766f,0.0552f,0f,0f,0f,1f],start_interpolation: 0,interpolation_duration: 1}
$data merge entity $(bone_fabric_overray) {transformation: [-1f,0f,0f,0f,0f,0.9125f,0.409f,1.3263f,0f,0.409f,-0.9125f,0.0552f,0f,0f,0f,1f],start_interpolation: 0,interpolation_duration: 1}
$data merge entity $(bone_fabric) {transformation: [-1f,0f,0f,0f,0f,0.9125f,0.409f,1.3263f,0f,0.409f,-0.9125f,0.0552f,0f,0f,0f,1f],start_interpolation: 0,interpolation_duration: 1}
$data merge entity $(bone_bone_overray) {transformation: [-1f,0f,0f,0f,0f,0.9848f,0.1736f,1.3263f,0f,0.1736f,-0.9848f,0.0552f,0f,0f,0f,1f],start_interpolation: 0,interpolation_duration: 1}
$data merge entity $(bone_bone) {transformation: [-1f,0f,0f,0f,0f,0.9848f,0.1736f,1.3263f,0f,0.1736f,-0.9848f,0.0552f,0f,0f,0f,1f],start_interpolation: 0,interpolation_duration: 1}
$data merge entity $(bone_left_arm1) {transformation: [-0.9982f,-0.0572f,-0.017f,0.25f,-0.0595f,0.9741f,0.218f,1.2648f,0.0041f,0.2186f,-0.9758f,0.0444f,0f,0f,0f,1f],start_interpolation: 0,interpolation_duration: 1}
$data merge entity $(bone_right_arm1) {transformation: [-0.9989f,0.0456f,-0.0143f,-0.25f,0.0417f,0.9782f,0.2033f,1.2648f,0.0232f,0.2025f,-0.979f,0.0444f,0f,0f,0f,1f],start_interpolation: 0,interpolation_duration: 1}
data modify entity @s data merge value {"cameras":{},"locators":{"mouse":{"posx":-3.41941263705451e-17,"posy":1.4716309401721983,"posz":0.27921623111539084,"roty":0,"rotx":-12.413793103448281},"left_arm":{"posx":0.35169448685819793,"posy":0.5987829277529437,"posz":-0.10620096108853626,"roty":359.00181616085945,"rotx":12.591820304567847},"right_arm":{"posx":-0.34375892086475857,"posy":0.5948545123885504,"posz":-0.0933775051321717,"roty":359.1659515691716,"rotx":11.729063371051899}}}