# This file was generated by Animated Java via MC-Build. It is not recommended to edit this file directly.
$data merge entity $(bone_eyes) {transformation: [-1f,0f,0f,-0.0156f,0f,0.8526f,0.5225f,1.3179f,0f,0.5225f,-0.8526f,0.449f,0f,0f,0f,1f],start_interpolation: 0,interpolation_duration: 1}
$data merge entity $(bone_head) {transformation: [-1f,0f,0f,0f,0f,0.8526f,0.5225f,1.1561f,0f,0.5225f,-0.8526f,0.0552f,0f,0f,0f,1f],start_interpolation: 0,interpolation_duration: 1}
$data merge entity $(bone_fabric_overray) {transformation: [-1f,0f,0f,0f,0f,0.9171f,0.3987f,1.1561f,0f,0.3987f,-0.9171f,0.0552f,0f,0f,0f,1f],start_interpolation: 0,interpolation_duration: 1}
$data merge entity $(bone_fabric) {transformation: [-1f,0f,0f,0f,0f,0.9171f,0.3987f,1.1561f,0f,0.3987f,-0.9171f,0.0552f,0f,0f,0f,1f],start_interpolation: 0,interpolation_duration: 1}
$data merge entity $(bone_bone_overray) {transformation: [-1f,0f,0f,0f,0f,0.9537f,0.3007f,1.1561f,0f,0.3007f,-0.9537f,0.0552f,0f,0f,0f,1f],start_interpolation: 0,interpolation_duration: 1}
$data merge entity $(bone_bone) {transformation: [-1f,0f,0f,0f,0f,0.9537f,0.3007f,1.1561f,0f,0.3007f,-0.9537f,0.0552f,0f,0f,0f,1f],start_interpolation: 0,interpolation_duration: 1}
$data merge entity $(bone_left_arm1) {transformation: [-1f,0f,0f,0.25f,0f,0.999f,0.0436f,1.0946f,0f,0.0436f,-0.999f,0.0444f,0f,0f,0f,1f],start_interpolation: 0,interpolation_duration: 1}
$data merge entity $(bone_right_arm1) {transformation: [-1f,0f,0f,-0.25f,0f,0.999f,0.0436f,1.0946f,0f,0.0436f,-0.999f,0.0444f,0f,0f,0f,1f],start_interpolation: 0,interpolation_duration: 1}
data modify entity @s data merge value {"cameras":{},"locators":{"mouse":{"posx":-3.886525028808687e-17,"posy":1.1054158081497072,"posz":0.317358852488296,"roty":0,"rotx":31.499999999999996},"left_arm":{"posx":0.3125,"posy":0.40770929701970793,"posz":0.014373231039801121,"roty":0,"rotx":2.5},"right_arm":{"posx":-0.3125,"posy":0.40770929701970793,"posz":0.014373231039801052,"roty":0,"rotx":2.5}}}