# This file was generated by Animated Java via MC-Build. It is not recommended to edit this file directly.
$data merge entity $(bone_eyes) {transformation: [-1f,0f,0f,-0.0156f,0f,0.9815f,-0.1914f,1.7139f,0f,-0.1914f,-0.9815f,0.236f,0f,0f,0f,1f],start_interpolation: 0,interpolation_duration: 1}
$data merge entity $(bone_head) {transformation: [-1f,0f,0f,0f,0f,0.9815f,-0.1914f,1.3284f,0f,-0.1914f,-0.9815f,0.0552f,0f,0f,0f,1f],start_interpolation: 0,interpolation_duration: 1}
$data merge entity $(bone_fabric_overray) {transformation: [-1f,0f,0f,0f,0f,0.9234f,0.3838f,1.3284f,0f,0.3838f,-0.9234f,0.0552f,0f,0f,0f,1f],start_interpolation: 0,interpolation_duration: 1}
$data merge entity $(bone_fabric) {transformation: [-1f,0f,0f,0f,0f,0.9234f,0.3838f,1.3284f,0f,0.3838f,-0.9234f,0.0552f,0f,0f,0f,1f],start_interpolation: 0,interpolation_duration: 1}
$data merge entity $(bone_bone_overray) {transformation: [-1f,0f,0f,0f,0f,0.9848f,0.1736f,1.3284f,0f,0.1736f,-0.9848f,0.0552f,0f,0f,0f,1f],start_interpolation: 0,interpolation_duration: 1}
$data merge entity $(bone_bone) {transformation: [-1f,0f,0f,0f,0f,0.9848f,0.1736f,1.3284f,0f,0.1736f,-0.9848f,0.0552f,0f,0f,0f,1f],start_interpolation: 0,interpolation_duration: 1}
$data merge entity $(bone_left_arm1) {transformation: [-0.9987f,-0.0493f,-0.0143f,0.25f,-0.0512f,0.976f,0.2119f,1.2669f,0.0035f,0.2123f,-0.9772f,0.0444f,0f,0f,0f,1f],start_interpolation: 0,interpolation_duration: 1}
$data merge entity $(bone_right_arm1) {transformation: [-0.9992f,0.0392f,-0.0124f,-0.25f,0.0359f,0.9793f,0.199f,1.2669f,0.02f,0.1984f,-0.9799f,0.0444f,0f,0f,0f,1f],start_interpolation: 0,interpolation_duration: 1}
data modify entity @s data merge value {"cameras":{},"locators":{"mouse":{"posx":-3.4614505554002394e-17,"posy":1.4683035957491462,"posz":0.28264888764746177,"roty":0,"rotx":-11.034482758620696},"left_arm":{"posx":0.34632650764674366,"posy":0.5991214536623597,"posz":-0.10183579638133324,"roty":359.1603507383707,"rotx":12.23230752023773},"right_arm":{"posx":-0.3393867155917456,"posy":0.5958348992209909,"posz":-0.0907768318596107,"roty":359.27273860483547,"rotx":11.47827937415582}}}