# This file was generated by Animated Java via MC-Build. It is not recommended to edit this file directly.
$data merge entity $(bone_eyes) {transformation: [-1f,0f,0f,-0.0156f,0f,0.9858f,-0.1677f,1.7116f,0f,-0.1677f,-0.9858f,0.2453f,0f,0f,0f,1f],start_interpolation: 0,interpolation_duration: 1}
$data merge entity $(bone_head) {transformation: [-1f,0f,0f,0f,0f,0.9858f,-0.1677f,1.3305f,0f,-0.1677f,-0.9858f,0.0552f,0f,0f,0f,1f],start_interpolation: 0,interpolation_duration: 1}
$data merge entity $(bone_fabric_overray) {transformation: [-1f,0f,0f,0f,0f,0.9336f,0.3584f,1.3305f,0f,0.3584f,-0.9336f,0.0552f,0f,0f,0f,1f],start_interpolation: 0,interpolation_duration: 1}
$data merge entity $(bone_fabric) {transformation: [-1f,0f,0f,0f,0f,0.9336f,0.3584f,1.3305f,0f,0.3584f,-0.9336f,0.0552f,0f,0f,0f,1f],start_interpolation: 0,interpolation_duration: 1}
$data merge entity $(bone_bone_overray) {transformation: [-1f,0f,0f,0f,0f,0.9848f,0.1736f,1.3305f,0f,0.1736f,-0.9848f,0.0552f,0f,0f,0f,1f],start_interpolation: 0,interpolation_duration: 1}
$data merge entity $(bone_bone) {transformation: [-1f,0f,0f,0f,0f,0.9848f,0.1736f,1.3305f,0f,0.1736f,-0.9848f,0.0552f,0f,0f,0f,1f],start_interpolation: 0,interpolation_duration: 1}
$data merge entity $(bone_left_arm1) {transformation: [-0.9991f,-0.0418f,-0.0119f,0.25f,-0.0433f,0.9776f,0.206f,1.269f,0.003f,0.2063f,-0.9785f,0.0444f,0f,0f,0f,1f],start_interpolation: 0,interpolation_duration: 1}
$data merge entity $(bone_right_arm1) {transformation: [-0.9994f,0.0331f,-0.0107f,-0.25f,0.0304f,0.9803f,0.1949f,1.269f,0.0169f,0.1945f,-0.9808f,0.0444f,0f,0f,0f,1f],start_interpolation: 0,interpolation_duration: 1}
data modify entity @s data merge value {"cameras":{},"locators":{"mouse":{"posx":-3.5018743954640014e-17,"posy":1.4648951977688376,"posz":0.28594974468574474,"roty":0,"rotx":-9.65517241379312},"left_arm":{"posx":0.3411776383948084,"posy":0.5996081379405188,"posz":-0.09766956961791108,"roty":359.30564614375646,"rotx":11.888052028770957},"right_arm":{"posx":-0.33522175436063867,"posy":0.5969063600823741,"posz":-0.08830002933227975,"roty":359.3774713686962,"rotx":11.241250933042847}}}