# This file was generated by Animated Java via MC-Build. It is not recommended to edit this file directly.
$data merge entity $(bone_eyes) {transformation: [-1f,0f,0f,-0.0156f,0f,0.9896f,-0.1439f,1.709f,0f,-0.1439f,-0.9896f,0.2544f,0f,0f,0f,1f],start_interpolation: 0,interpolation_duration: 1}
$data merge entity $(bone_head) {transformation: [-1f,0f,0f,0f,0f,0.9896f,-0.1439f,1.3327f,0f,-0.1439f,-0.9896f,0.0552f,0f,0f,0f,1f],start_interpolation: 0,interpolation_duration: 1}
$data merge entity $(bone_fabric_overray) {transformation: [-1f,0f,0f,0f,0f,0.9431f,0.3326f,1.3327f,0f,0.3326f,-0.9431f,0.0552f,0f,0f,0f,1f],start_interpolation: 0,interpolation_duration: 1}
$data merge entity $(bone_fabric) {transformation: [-1f,0f,0f,0f,0f,0.9431f,0.3326f,1.3327f,0f,0.3326f,-0.9431f,0.0552f,0f,0f,0f,1f],start_interpolation: 0,interpolation_duration: 1}
$data merge entity $(bone_bone_overray) {transformation: [-1f,0f,0f,0f,0f,0.9848f,0.1736f,1.3327f,0f,0.1736f,-0.9848f,0.0552f,0f,0f,0f,1f],start_interpolation: 0,interpolation_duration: 1}
$data merge entity $(bone_bone) {transformation: [-1f,0f,0f,0f,0f,0.9848f,0.1736f,1.3327f,0f,0.1736f,-0.9848f,0.0552f,0f,0f,0f,1f],start_interpolation: 0,interpolation_duration: 1}
$data merge entity $(bone_left_arm1) {transformation: [-0.9994f,-0.0346f,-0.0096f,0.25f,-0.0358f,0.9791f,0.2004f,1.2711f,0.0025f,0.2006f,-0.9797f,0.0444f,0f,0f,0f,1f],start_interpolation: 0,interpolation_duration: 1}
$data merge entity $(bone_right_arm1) {transformation: [-0.9996f,0.0273f,-0.0089f,-0.25f,0.0251f,0.9812f,0.1911f,1.2711f,0.014f,0.1908f,-0.9815f,0.0444f,0f,0f,0f,1f],start_interpolation: 0,interpolation_duration: 1}
data modify entity @s data merge value {"cameras":{},"locators":{"mouse":{"posx":-3.540660731398132e-17,"posy":1.4614089422863437,"posz":0.2891168893646133,"roty":0,"rotx":-8.275862068965539},"left_arm":{"posx":0.33626289550473165,"posy":0.6002374164950874,"posz":-0.09371360170259364,"roty":359.43827965875204,"rotx":11.56020942230484},"right_arm":{"posx":-0.33127167674114544,"posy":0.5980655540774277,"posz":-0.08595418344666038,"roty":359.4795071071736,"rotx":11.018376334479997}}}