# This file was generated by Animated Java via MC-Build. It is not recommended to edit this file directly.
$data merge entity $(bone_eyes) {transformation: [-1f,0f,0f,-0.0156f,0f,0.9928f,-0.1201f,1.7062f,0f,-0.1201f,-0.9928f,0.2634f,0f,0f,0f,1f],start_interpolation: 0,interpolation_duration: 1}
$data merge entity $(bone_head) {transformation: [-1f,0f,0f,0f,0f,0.9928f,-0.1201f,1.3348f,0f,-0.1201f,-0.9928f,0.0552f,0f,0f,0f,1f],start_interpolation: 0,interpolation_duration: 1}
$data merge entity $(bone_fabric_overray) {transformation: [-1f,0f,0f,0f,0f,0.9518f,0.3066f,1.3348f,0f,0.3066f,-0.9518f,0.0552f,0f,0f,0f,1f],start_interpolation: 0,interpolation_duration: 1}
$data merge entity $(bone_fabric) {transformation: [-1f,0f,0f,0f,0f,0.9518f,0.3066f,1.3348f,0f,0.3066f,-0.9518f,0.0552f,0f,0f,0f,1f],start_interpolation: 0,interpolation_duration: 1}
$data merge entity $(bone_bone_overray) {transformation: [-1f,0f,0f,0f,0f,0.9848f,0.1736f,1.3348f,0f,0.1736f,-0.9848f,0.0552f,0f,0f,0f,1f],start_interpolation: 0,interpolation_duration: 1}
$data merge entity $(bone_bone) {transformation: [-1f,0f,0f,0f,0f,0.9848f,0.1736f,1.3348f,0f,0.1736f,-0.9848f,0.0552f,0f,0f,0f,1f],start_interpolation: 0,interpolation_duration: 1}
$data merge entity $(bone_left_arm1) {transformation: [-0.9996f,-0.0278f,-0.0076f,0.25f,-0.0288f,0.9804f,0.1951f,1.2732f,0.002f,0.1952f,-0.9808f,0.0444f,0f,0f,0f,1f],start_interpolation: 0,interpolation_duration: 1}
$data merge entity $(bone_right_arm1) {transformation: [-0.9997f,0.0219f,-0.0072f,-0.25f,0.0202f,0.982f,0.1876f,1.2732f,0.0112f,0.1874f,-0.9822f,0.0444f,0f,0f,0f,1f],start_interpolation: 0,interpolation_duration: 1}
data modify entity @s data merge value {"cameras":{},"locators":{"mouse":{"posx":-3.5777870862980144e-17,"posy":1.457848070475606,"posz":0.29214848630552165,"roty":0,"rotx":-6.8965517241379315},"left_arm":{"posx":0.33159705240200743,"posy":0.6010035504515205,"posz":-0.08997918042382606,"roty":359.5588313470969,"rotx":11.249915759637817},"right_arm":{"posx":-0.3275440120741888,"posy":0.5993091725456637,"posz":-0.08374635022755599,"roty":359.578207485146,"rotx":10.8100467021473}}}