# This file was generated by Animated Java via MC-Build. It is not recommended to edit this file directly.
$data merge entity $(bone_eyes) {transformation: [-1f,0f,0f,-0.0156f,0f,0.9954f,-0.0961f,1.7032f,0f,-0.0961f,-0.9954f,0.2723f,0f,0f,0f,1f],start_interpolation: 0,interpolation_duration: 1}
$data merge entity $(bone_head) {transformation: [-1f,0f,0f,0f,0f,0.9954f,-0.0961f,1.3369f,0f,-0.0961f,-0.9954f,0.0552f,0f,0f,0f,1f],start_interpolation: 0,interpolation_duration: 1}
$data merge entity $(bone_fabric_overray) {transformation: [-1f,0f,0f,0f,0f,0.9599f,0.2804f,1.3369f,0f,0.2804f,-0.9599f,0.0552f,0f,0f,0f,1f],start_interpolation: 0,interpolation_duration: 1}
$data merge entity $(bone_fabric) {transformation: [-1f,0f,0f,0f,0f,0.9599f,0.2804f,1.3369f,0f,0.2804f,-0.9599f,0.0552f,0f,0f,0f,1f],start_interpolation: 0,interpolation_duration: 1}
$data merge entity $(bone_bone_overray) {transformation: [-1f,0f,0f,0f,0f,0.9848f,0.1736f,1.3369f,0f,0.1736f,-0.9848f,0.0552f,0f,0f,0f,1f],start_interpolation: 0,interpolation_duration: 1}
$data merge entity $(bone_bone) {transformation: [-1f,0f,0f,0f,0f,0.9848f,0.1736f,1.3369f,0f,0.1736f,-0.9848f,0.0552f,0f,0f,0f,1f],start_interpolation: 0,interpolation_duration: 1}
$data merge entity $(bone_left_arm1) {transformation: [-0.9998f,-0.0214f,-0.0057f,0.25f,-0.0221f,0.9815f,0.1901f,1.2753f,0.0015f,0.1902f,-0.9817f,0.0444f,0f,0f,0f,1f],start_interpolation: 0,interpolation_duration: 1}
$data merge entity $(bone_right_arm1) {transformation: [-0.9998f,0.0168f,-0.0056f,-0.25f,0.0155f,0.9828f,0.1842f,1.2753f,0.0086f,0.1841f,-0.9829f,0.0444f,0f,0f,0f,1f],start_interpolation: 0,interpolation_duration: 1}
data modify entity @s data merge value {"cameras":{},"locators":{"mouse":{"posx":-3.613231945227586e-17,"posy":1.4542158667511582,"posz":0.2950427786806171,"roty":0,"rotx":-5.517241379310349},"left_arm":{"posx":0.3271946264787241,"posy":0.6019007113769093,"posz":-0.08647754872001483,"roty":359.66787738003666,"rotx":10.958286849797377},"right_arm":{"posx":-0.3240461967393028,"posy":0.6006339776782665,"posz":-0.08168355029410267,"roty":359.6729413421772,"rotx":10.616647811887768}}}