# This file was generated by Animated Java via MC-Build. It is not recommended to edit this file directly.
$data merge entity $(bone_eyes) {transformation: [-1f,0f,0f,-0.0156f,0f,0.9974f,-0.0722f,1.7f,0f,-0.0722f,-0.9974f,0.281f,0f,0f,0f,1f],start_interpolation: 0,interpolation_duration: 1}
$data merge entity $(bone_head) {transformation: [-1f,0f,0f,0f,0f,0.9974f,-0.0722f,1.339f,0f,-0.0722f,-0.9974f,0.0552f,0f,0f,0f,1f],start_interpolation: 0,interpolation_duration: 1}
$data merge entity $(bone_fabric_overray) {transformation: [-1f,0f,0f,0f,0f,0.9672f,0.254f,1.339f,0f,0.254f,-0.9672f,0.0552f,0f,0f,0f,1f],start_interpolation: 0,interpolation_duration: 1}
$data merge entity $(bone_fabric) {transformation: [-1f,0f,0f,0f,0f,0.9672f,0.254f,1.339f,0f,0.254f,-0.9672f,0.0552f,0f,0f,0f,1f],start_interpolation: 0,interpolation_duration: 1}
$data merge entity $(bone_bone_overray) {transformation: [-1f,0f,0f,0f,0f,0.9848f,0.1736f,1.339f,0f,0.1736f,-0.9848f,0.0552f,0f,0f,0f,1f],start_interpolation: 0,interpolation_duration: 1}
$data merge entity $(bone_bone) {transformation: [-1f,0f,0f,0f,0f,0.9848f,0.1736f,1.339f,0f,0.1736f,-0.9848f,0.0552f,0f,0f,0f,1f],start_interpolation: 0,interpolation_duration: 1}
$data merge entity $(bone_left_arm1) {transformation: [-0.9999f,-0.0154f,-0.004f,0.25f,-0.0159f,0.9825f,0.1854f,1.2774f,0.0011f,0.1855f,-0.9826f,0.0444f,0f,0f,0f,1f],start_interpolation: 0,interpolation_duration: 1}
$data merge entity $(bone_right_arm1) {transformation: [-0.9999f,0.0121f,-0.0041f,-0.25f,0.0111f,0.9834f,0.1812f,1.2774f,0.0062f,0.1811f,-0.9834f,0.0444f,0f,0f,0f,1f],start_interpolation: 0,interpolation_duration: 1}
data modify entity @s data merge value {"cameras":{},"locators":{"mouse":{"posx":-3.646974767687367e-17,"posy":1.450515656864786,"posz":0.2977980892308324,"roty":0,"rotx":-4.137931034482768},"left_arm":{"posx":0.3230698691651906,"posy":0.6029230704030089,"posz":-0.08321989311937751,"roty":359.7659831462465,"rotx":10.686417713314805},"right_arm":{"posx":-0.32078559304400645,"posy":0.6020368418414042,"posz":-0.07977276353217605,"roty":359.7630875198341,"rotx":10.438562033956966}}}