# This file was generated by Animated Java via MC-Build. It is not recommended to edit this file directly.
$data merge entity $(bone_eyes) {transformation: [-1f,0f,0f,-0.0156f,0f,0.9988f,-0.0481f,1.6965f,0f,-0.0481f,-0.9988f,0.2896f,0f,0f,0f,1f],start_interpolation: 0,interpolation_duration: 1}
$data merge entity $(bone_head) {transformation: [-1f,0f,0f,0f,0f,0.9988f,-0.0481f,1.3411f,0f,-0.0481f,-0.9988f,0.0552f,0f,0f,0f,1f],start_interpolation: 0,interpolation_duration: 1}
$data merge entity $(bone_fabric_overray) {transformation: [-1f,0f,0f,0f,0f,0.9738f,0.2274f,1.3411f,0f,0.2274f,-0.9738f,0.0552f,0f,0f,0f,1f],start_interpolation: 0,interpolation_duration: 1}
$data merge entity $(bone_fabric) {transformation: [-1f,0f,0f,0f,0f,0.9738f,0.2274f,1.3411f,0f,0.2274f,-0.9738f,0.0552f,0f,0f,0f,1f],start_interpolation: 0,interpolation_duration: 1}
$data merge entity $(bone_bone_overray) {transformation: [-1f,0f,0f,0f,0f,0.9848f,0.1736f,1.3411f,0f,0.1736f,-0.9848f,0.0552f,0f,0f,0f,1f],start_interpolation: 0,interpolation_duration: 1}
$data merge entity $(bone_bone) {transformation: [-1f,0f,0f,0f,0f,0.9848f,0.1736f,1.3411f,0f,0.1736f,-0.9848f,0.0552f,0f,0f,0f,1f],start_interpolation: 0,interpolation_duration: 1}
$data merge entity $(bone_left_arm1) {transformation: [-0.9999f,-0.0098f,-0.0025f,0.25f,-0.0101f,0.9834f,0.1811f,1.2795f,0.0007f,0.1811f,-0.9835f,0.0444f,0f,0f,0f,1f],start_interpolation: 0,interpolation_duration: 1}
$data merge entity $(bone_right_arm1) {transformation: [-1f,0.0077f,-0.0026f,-0.25f,0.0071f,0.9839f,0.1784f,1.2795f,0.0039f,0.1784f,-0.984f,0.0444f,0f,0f,0f,1f],start_interpolation: 0,interpolation_duration: 1}
data modify entity @s data merge value {"cameras":{},"locators":{"mouse":{"posx":-3.678995999517791e-17,"posy":1.4467508059782377,"posz":0.3004128212378664,"roty":0,"rotx":-2.7586206896551886},"left_arm":{"posx":0.319236758793421,"posy":0.6040648909916209,"posz":-0.0802173323058456,"roty":359.85369613873854,"rotx":10.435382194885694},"right_arm":{"posx":-0.3177695095761603,"posy":0.6035147876576814,"posz":-0.07802092392738551,"roty":359.84803776578576,"rotx":10.276170393231654}}}