# This file was generated by Animated Java via MC-Build. It is not recommended to edit this file directly.
$data merge entity $(bone_eyes) {transformation: [-1f,0f,0f,-0.0156f,0f,0.9997f,-0.0241f,1.6929f,0f,-0.0241f,-0.9997f,0.2981f,0f,0f,0f,1f],start_interpolation: 0,interpolation_duration: 1}
$data merge entity $(bone_head) {transformation: [-1f,0f,0f,0f,0f,0.9997f,-0.0241f,1.3432f,0f,-0.0241f,-0.9997f,0.0552f,0f,0f,0f,1f],start_interpolation: 0,interpolation_duration: 1}
$data merge entity $(bone_fabric_overray) {transformation: [-1f,0f,0f,0f,0f,0.9797f,0.2006f,1.3432f,0f,0.2006f,-0.9797f,0.0552f,0f,0f,0f,1f],start_interpolation: 0,interpolation_duration: 1}
$data merge entity $(bone_fabric) {transformation: [-1f,0f,0f,0f,0f,0.9797f,0.2006f,1.3432f,0f,0.2006f,-0.9797f,0.0552f,0f,0f,0f,1f],start_interpolation: 0,interpolation_duration: 1}
$data merge entity $(bone_bone_overray) {transformation: [-1f,0f,0f,0f,0f,0.9848f,0.1736f,1.3432f,0f,0.1736f,-0.9848f,0.0552f,0f,0f,0f,1f],start_interpolation: 0,interpolation_duration: 1}
$data merge entity $(bone_bone) {transformation: [-1f,0f,0f,0f,0f,0.9848f,0.1736f,1.3432f,0f,0.1736f,-0.9848f,0.0552f,0f,0f,0f,1f],start_interpolation: 0,interpolation_duration: 1}
$data merge entity $(bone_left_arm1) {transformation: [-1f,-0.0047f,-0.0012f,0.25f,-0.0048f,0.9842f,0.1772f,1.2816f,0.0003f,0.1772f,-0.9842f,0.0444f,0f,0f,0f,1f],start_interpolation: 0,interpolation_duration: 1}
$data merge entity $(bone_right_arm1) {transformation: [-1f,0.0036f,-0.0013f,-0.25f,0.0034f,0.9844f,0.1759f,1.2816f,0.0019f,0.1759f,-0.9844f,0.0444f,0f,0f,0f,1f],start_interpolation: 0,interpolation_duration: 1}
data modify entity @s data merge value {"cameras":{},"locators":{"mouse":{"posx":-3.7092770842309556e-17,"posy":1.4429247167130934,"posz":0.3028854594494918,"roty":0,"rotx":-1.379310344827611},"left_arm":{"posx":0.3157089958335103,"posy":0.6053206250890076,"posz":-0.07748090574579927,"roty":359.9315386116102,"rotx":10.20623269702444},"right_arm":{"posx":-0.3150052228427088,"posy":0.6050650289183117,"posz":-0.07643491450250263,"roty":359.927199721326,"rotx":10.129854737159242}}}