# This file was generated by Animated Java via MC-Build. It is not recommended to edit this file directly.
$data merge entity $(bone_eyes) {transformation: [-1f,0f,0f,-0.0156f,0f,0.9371f,-0.3492f,1.9784f,0f,-0.3492f,-0.9371f,0.1706f,0f,0f,0f,1f],start_interpolation: 0,interpolation_duration: 1}
$data merge entity $(bone_head) {transformation: [-1f,0f,0f,0f,0f,0.9371f,-0.3492f,1.5686f,0f,-0.3492f,-0.9371f,0.0552f,0f,0f,0f,1f],start_interpolation: 0,interpolation_duration: 1}
$data merge entity $(bone_fabric_overray) {transformation: [-1f,0f,0f,0f,0f,0.8802f,0.4747f,1.5686f,0f,0.4747f,-0.8802f,0.0552f,0f,0f,0f,1f],start_interpolation: 0,interpolation_duration: 1}
$data merge entity $(bone_fabric) {transformation: [-1f,0f,0f,0f,0f,0.8802f,0.4747f,1.5686f,0f,0.4747f,-0.8802f,0.0552f,0f,0f,0f,1f],start_interpolation: 0,interpolation_duration: 1}
$data merge entity $(bone_bone_overray) {transformation: [-1f,0f,0f,0f,0f,0.866f,0.5f,1.5686f,0f,0.5f,-0.866f,0.0552f,0f,0f,0f,1f],start_interpolation: 0,interpolation_duration: 1}
$data merge entity $(bone_bone) {transformation: [-1f,0f,0f,0f,0f,0.866f,0.5f,1.5686f,0f,0.5f,-0.866f,0.0552f,0f,0f,0f,1f],start_interpolation: 0,interpolation_duration: 1}
$data merge entity $(bone_left_arm1) {transformation: [-1f,0f,0f,0.25f,0f,-0.9238f,-0.3829f,1.5071f,0f,-0.3829f,0.9238f,0.0444f,0f,0f,0f,1f],start_interpolation: 0,interpolation_duration: 1}
$data merge entity $(bone_right_arm1) {transformation: [-1f,0f,0f,-0.25f,0f,-0.928f,-0.3727f,1.5071f,0f,-0.3727f,0.928f,0.0444f,0f,0f,0f,1f],start_interpolation: 0,interpolation_duration: 1}
data modify entity @s data merge value {"cameras":{},"locators":{"mouse":{"posx":-3.144201080447595e-17,"posy":1.7437486679145704,"posz":0.25674350209682584,"roty":0,"rotx":-20.43695949021392},"left_arm":{"posx":0.31249999999999994,"posy":2.142162824376621,"posz":0.3075995455021215,"roty":180,"rotx":-22.512911392405048},"right_arm":{"posx":-0.3125,"posy":2.1450318456906414,"posz":0.3005679800399945,"roty":180,"rotx":-21.87999999999998}}}