# This file was generated by Animated Java via MC-Build. It is not recommended to edit this file directly.
$data merge entity $(bone_eyes) {transformation: [-1f,0f,0f,-0.0156f,0f,0.9328f,-0.3605f,1.9948f,0f,-0.3605f,-0.9328f,0.1657f,0f,0f,0f,1f],start_interpolation: 0,interpolation_duration: 1}
$data merge entity $(bone_head) {transformation: [-1f,0f,0f,0f,0f,0.9328f,-0.3605f,1.5836f,0f,-0.3605f,-0.9328f,0.0552f,0f,0f,0f,1f],start_interpolation: 0,interpolation_duration: 1}
$data merge entity $(bone_fabric_overray) {transformation: [-1f,0f,0f,0f,0f,0.8769f,0.4807f,1.5836f,0f,0.4807f,-0.8769f,0.0552f,0f,0f,0f,1f],start_interpolation: 0,interpolation_duration: 1}
$data merge entity $(bone_fabric) {transformation: [-1f,0f,0f,0f,0f,0.8769f,0.4807f,1.5836f,0f,0.4807f,-0.8769f,0.0552f,0f,0f,0f,1f],start_interpolation: 0,interpolation_duration: 1}
$data merge entity $(bone_bone_overray) {transformation: [-1f,0f,0f,0f,0f,0.866f,0.5f,1.5836f,0f,0.5f,-0.866f,0.0552f,0f,0f,0f,1f],start_interpolation: 0,interpolation_duration: 1}
$data merge entity $(bone_bone) {transformation: [-1f,0f,0f,0f,0f,0.866f,0.5f,1.5836f,0f,0.5f,-0.866f,0.0552f,0f,0f,0f,1f],start_interpolation: 0,interpolation_duration: 1}
$data merge entity $(bone_left_arm1) {transformation: [-1f,0f,0f,0.25f,0f,-0.9662f,-0.2577f,1.5221f,0f,-0.2577f,0.9662f,0.0444f,0f,0f,0f,1f],start_interpolation: 0,interpolation_duration: 1}
$data merge entity $(bone_right_arm1) {transformation: [-1f,0f,0f,-0.25f,0f,-0.9693f,-0.246f,1.5221f,0f,-0.246f,0.9693f,0.0444f,0f,0f,0f,1f],start_interpolation: 0,interpolation_duration: 1}
data modify entity @s data merge value {"cameras":{},"locators":{"mouse":{"posx":-3.1181220607457543e-17,"posy":1.7611693231851129,"posz":0.25461398853258854,"roty":0,"rotx":-21.128812016385986},"left_arm":{"posx":0.3125,"posy":2.1863266729958823,"posz":0.22156011282199978,"roty":180,"rotx":-14.936202531645572},"right_arm":{"posx":-0.3125,"posy":2.1884307259062625,"posz":0.21347564687368437,"roty":180,"rotx":-14.240000000000002}}}