# This file was generated by Animated Java via MC-Build. It is not recommended to edit this file directly.
$data merge entity $(bone_eyes) {transformation: [-1f,0f,0f,-0.0156f,0f,0.9334f,-0.3588f,2.0021f,0f,-0.3588f,-0.9334f,0.1664f,0f,0f,0f,1f],start_interpolation: 0,interpolation_duration: 1}
$data merge entity $(bone_head) {transformation: [-1f,0f,0f,0f,0f,0.9334f,-0.3588f,1.5911f,0f,-0.3588f,-0.9334f,0.0552f,0f,0f,0f,1f],start_interpolation: 0,interpolation_duration: 1}
$data merge entity $(bone_fabric_overray) {transformation: [-1f,0f,0f,0f,0f,0.8765f,0.4815f,1.5911f,0f,0.4815f,-0.8765f,0.0552f,0f,0f,0f,1f],start_interpolation: 0,interpolation_duration: 1}
$data merge entity $(bone_fabric) {transformation: [-1f,0f,0f,0f,0f,0.8765f,0.4815f,1.5911f,0f,0.4815f,-0.8765f,0.0552f,0f,0f,0f,1f],start_interpolation: 0,interpolation_duration: 1}
$data merge entity $(bone_bone_overray) {transformation: [-1f,0f,0f,0f,0f,0.866f,0.5f,1.5911f,0f,0.5f,-0.866f,0.0552f,0f,0f,0f,1f],start_interpolation: 0,interpolation_duration: 1}
$data merge entity $(bone_bone) {transformation: [-1f,0f,0f,0f,0f,0.866f,0.5f,1.5911f,0f,0.5f,-0.866f,0.0552f,0f,0f,0f,1f],start_interpolation: 0,interpolation_duration: 1}
$data merge entity $(bone_left_arm1) {transformation: [-1f,0f,0f,0.25f,0f,-0.9706f,-0.2406f,1.5296f,0f,-0.2406f,0.9706f,0.0444f,0f,0f,0f,1f],start_interpolation: 0,interpolation_duration: 1}
$data merge entity $(bone_right_arm1) {transformation: [-1f,0f,0f,-0.25f,0f,-0.9737f,-0.2277f,1.5296f,0f,-0.2277f,0.9737f,0.0444f,0f,0f,0f,1f],start_interpolation: 0,interpolation_duration: 1}
data modify entity @s data merge value {"cameras":{},"locators":{"mouse":{"posx":-3.1219187834670557e-17,"posy":1.768320559324383,"posz":0.254924014470185,"roty":0,"rotx":-21.028675466545277},"left_arm":{"posx":0.3125,"posy":2.1968663007346256,"posz":0.2097453871247018,"roty":180,"rotx":-13.919493670886089},"right_arm":{"posx":-0.3125,"posy":2.1989998825102988,"posz":0.20088546050666112,"roty":180,"rotx":-13.160000000000013}}}