# This file was generated by Animated Java via MC-Build. It is not recommended to edit this file directly.
$data merge entity $(bone_eyes) {transformation: [-1f,0f,0f,-0.0156f,0f,0.9397f,-0.342f,2.0001f,0f,-0.342f,-0.9397f,0.1737f,0f,0f,0f,1f],start_interpolation: 0,interpolation_duration: 1}
$data merge entity $(bone_head) {transformation: [-1f,0f,0f,0f,0f,0.9397f,-0.342f,1.5911f,0f,-0.342f,-0.9397f,0.0552f,0f,0f,0f,1f],start_interpolation: 0,interpolation_duration: 1}
$data merge entity $(bone_fabric_overray) {transformation: [-1f,0f,0f,0f,0f,0.878f,0.4786f,1.5911f,0f,0.4786f,-0.878f,0.0552f,0f,0f,0f,1f],start_interpolation: 0,interpolation_duration: 1}
$data merge entity $(bone_fabric) {transformation: [-1f,0f,0f,0f,0f,0.878f,0.4786f,1.5911f,0f,0.4786f,-0.878f,0.0552f,0f,0f,0f,1f],start_interpolation: 0,interpolation_duration: 1}
$data merge entity $(bone_left_arm1) {transformation: [-1f,0f,0f,0.25f,0f,-0.9364f,-0.3509f,1.5296f,0f,-0.3509f,0.9364f,0.0444f,0f,0f,0f,1f],start_interpolation: 0,interpolation_duration: 1}
$data merge entity $(bone_right_arm1) {transformation: [-1f,0f,0f,-0.25f,0f,-0.9414f,-0.3374f,1.5296f,0f,-0.3374f,0.9414f,0.0444f,0f,0f,0f,1f],start_interpolation: 0,interpolation_duration: 1}
data modify entity @s data merge value {"cameras":{},"locators":{"mouse":{"posx":-3.160486869808246e-17,"posy":1.764706652950594,"posz":0.2580733377173484,"roty":0,"rotx":-19.999999999999996},"left_arm":{"posx":0.3125,"posy":2.1733371101719365,"posz":0.2856099368775517,"roty":180,"rotx":-20.542784810126623},"right_arm":{"posx":-0.3125,"posy":2.1767350124291642,"posz":0.276340472606792,"roty":180,"rotx":-19.720000000000034}}}