# This file was generated by Animated Java via MC-Build. It is not recommended to edit this file directly.
$data merge entity $(bone_eyes) {transformation: [-1f,0f,0f,-0.0156f,0f,0.9571f,-0.2896f,1.9854f,0f,-0.2896f,-0.9571f,0.1961f,0f,0f,0f,1f],start_interpolation: 0,interpolation_duration: 1}
$data merge entity $(bone_head) {transformation: [-1f,0f,0f,0f,0f,0.9571f,-0.2896f,1.5836f,0f,-0.2896f,-0.9571f,0.0552f,0f,0f,0f,1f],start_interpolation: 0,interpolation_duration: 1}
$data merge entity $(bone_fabric_overray) {transformation: [-1f,0f,0f,0f,0f,0.8807f,0.4736f,1.5836f,0f,0.4736f,-0.8807f,0.0552f,0f,0f,0f,1f],start_interpolation: 0,interpolation_duration: 1}
$data merge entity $(bone_fabric) {transformation: [-1f,0f,0f,0f,0f,0.8807f,0.4736f,1.5836f,0f,0.4736f,-0.8807f,0.0552f,0f,0f,0f,1f],start_interpolation: 0,interpolation_duration: 1}
$data merge entity $(bone_bone_overray) {transformation: [-1f,0f,0f,0f,0f,0.866f,0.5f,1.5836f,0f,0.5f,-0.866f,0.0552f,0f,0f,0f,1f],start_interpolation: 0,interpolation_duration: 1}
$data merge entity $(bone_bone) {transformation: [-1f,0f,0f,0f,0f,0.866f,0.5f,1.5836f,0f,0.5f,-0.866f,0.0552f,0f,0f,0f,1f],start_interpolation: 0,interpolation_duration: 1}
$data merge entity $(bone_left_arm1) {transformation: [-1f,0f,0f,0.25f,0f,-0.8102f,-0.5862f,1.5221f,0f,-0.5862f,0.8102f,0.0444f,0f,0f,0f,1f],start_interpolation: 0,interpolation_duration: 1}
$data merge entity $(bone_right_arm1) {transformation: [-1f,0f,0f,-0.25f,0f,-0.8192f,-0.5736f,1.5221f,0f,-0.5736f,0.8192f,0.0444f,0f,0f,0f,1f],start_interpolation: 0,interpolation_duration: 1}
data modify entity @s data merge value {"cameras":{},"locators":{"mouse":{"posx":-3.274077426349858e-17,"posy":1.745741701664989,"posz":0.2673487105530671,"roty":0,"rotx":-16.835000000000004},"left_arm":{"posx":0.31249999999999994,"posy":2.0790565298253023,"posz":0.44735720419230784,"roty":180,"rotx":-35.88607594936711},"right_arm":{"posx":-0.31250000000000006,"posy":2.085221979805917,"posz":0.438695359844814,"roty":180,"rotx":-35.00000000000003}}}