# This file was generated by Animated Java via MC-Build. It is not recommended to edit this file directly.
$data merge entity $(bone_eyes) {transformation: [-1f,0f,0f,-0.0156f,0f,0.9793f,-0.2024f,1.9561f,0f,-0.2024f,-0.9793f,0.2317f,0f,0f,0f,1f],start_interpolation: 0,interpolation_duration: 1}
$data merge entity $(bone_head) {transformation: [-1f,0f,0f,0f,0f,0.9793f,-0.2024f,1.5686f,0f,-0.2024f,-0.9793f,0.0552f,0f,0f,0f,1f],start_interpolation: 0,interpolation_duration: 1}
$data merge entity $(bone_fabric_overray) {transformation: [-1f,0f,0f,0f,0f,0.8837f,0.4681f,1.5686f,0f,0.4681f,-0.8837f,0.0552f,0f,0f,0f,1f],start_interpolation: 0,interpolation_duration: 1}
$data merge entity $(bone_fabric) {transformation: [-1f,0f,0f,0f,0f,0.8837f,0.4681f,1.5686f,0f,0.4681f,-0.8837f,0.0552f,0f,0f,0f,1f],start_interpolation: 0,interpolation_duration: 1}
$data merge entity $(bone_bone_overray) {transformation: [-1f,0f,0f,0f,0f,0.866f,0.5f,1.5686f,0f,0.5f,-0.866f,0.0552f,0f,0f,0f,1f],start_interpolation: 0,interpolation_duration: 1}
$data merge entity $(bone_bone) {transformation: [-1f,0f,0f,0f,0f,0.866f,0.5f,1.5686f,0f,0.5f,-0.866f,0.0552f,0f,0f,0f,1f],start_interpolation: 0,interpolation_duration: 1}
$data merge entity $(bone_left_arm1) {transformation: [-1f,0f,0f,0.25f,0f,-0.5625f,-0.8268f,1.5071f,0f,-0.8268f,0.5625f,0.0444f,0f,0f,0f,1f],start_interpolation: 0,interpolation_duration: 1}
$data merge entity $(bone_right_arm1) {transformation: [-1f,0f,0f,-0.25f,0f,-0.5761f,-0.8174f,1.5071f,0f,-0.8174f,0.5761f,0.0444f,0f,0f,0f,1f],start_interpolation: 0,interpolation_duration: 1}
data modify entity @s data merge value {"cameras":{},"locators":{"mouse":{"posx":-3.441976280663677e-17,"posy":1.7110255704634265,"posz":0.2810586924376984,"roty":0,"rotx":-11.680000000000005},"left_arm":{"posx":0.31249999999999994,"posy":1.8937408973628003,"posz":0.6128070080849047,"roty":180,"rotx":-55.774439974905},"right_arm":{"posx":-0.31250000000000006,"posy":1.9031062882616996,"posz":0.6063220450763908,"roty":180,"rotx":-54.82507288629739}}}