# This file was generated by Animated Java via MC-Build. It is not recommended to edit this file directly.
$data merge entity $(bone_eyes) {transformation: [-1f,0f,0f,-0.0156f,0f,0.9961f,-0.0879f,1.9211f,0f,-0.0879f,-0.9961f,0.2753f,0f,0f,0f,1f],start_interpolation: 0,interpolation_duration: 1}
$data merge entity $(bone_head) {transformation: [-1f,0f,0f,0f,0f,0.9961f,-0.0879f,1.5566f,0f,-0.0879f,-0.9961f,0.0552f,0f,0f,0f,1f],start_interpolation: 0,interpolation_duration: 1}
$data merge entity $(bone_fabric_overray) {transformation: [-1f,0f,0f,0f,0f,0.886f,0.4636f,1.5566f,0f,0.4636f,-0.886f,0.0552f,0f,0f,0f,1f],start_interpolation: 0,interpolation_duration: 1}
$data merge entity $(bone_fabric) {transformation: [-1f,0f,0f,0f,0f,0.886f,0.4636f,1.5566f,0f,0.4636f,-0.886f,0.0552f,0f,0f,0f,1f],start_interpolation: 0,interpolation_duration: 1}
$data merge entity $(bone_bone_overray) {transformation: [-1f,0f,0f,0f,0f,0.866f,0.5f,1.5566f,0f,0.5f,-0.866f,0.0552f,0f,0f,0f,1f],start_interpolation: 0,interpolation_duration: 1}
$data merge entity $(bone_bone) {transformation: [-1f,0f,0f,0f,0f,0.866f,0.5f,1.5566f,0f,0.5f,-0.866f,0.0552f,0f,0f,0f,1f],start_interpolation: 0,interpolation_duration: 1}
$data merge entity $(bone_left_arm1) {transformation: [-1f,0f,0f,0.25f,0f,-0.0974f,-0.9952f,1.4951f,0f,-0.9952f,0.0974f,0.0444f,0f,0f,0f,1f],start_interpolation: 0,interpolation_duration: 1}
$data merge entity $(bone_right_arm1) {transformation: [-1f,0f,0f,-0.25f,0f,-0.115f,-0.9934f,1.4951f,0f,-0.9934f,0.115f,0.0444f,0f,0f,0f,1f],start_interpolation: 0,interpolation_duration: 1}
data modify entity @s data merge value {"cameras":{},"locators":{"mouse":{"posx":-3.6249772602493925e-17,"posy":1.6719767720092735,"posz":0.29600185643511606,"roty":0,"rotx":-5.044999999999998},"left_arm":{"posx":0.3124999999999999,"posy":1.562033808296543,"posz":0.7285911137717348,"roty":180,"rotx":-84.40915968557411},"right_arm":{"posx":-0.3125000000000001,"posy":1.57411594145947,"posz":0.7273005099272007,"roty":180,"rotx":-83.39650145772606}}}