# This file was generated by Animated Java via MC-Build. It is not recommended to edit this file directly.
$data merge entity $(bone_eyes) {transformation: [-1f,0f,0f,-0.0156f,0f,0.999f,0.0447f,1.8723f,0f,0.0447f,-0.999f,0.3216f,0f,0f,0f,1f],start_interpolation: 0,interpolation_duration: 1}
$data merge entity $(bone_head) {transformation: [-1f,0f,0f,0f,0f,0.999f,0.0447f,1.5401f,0f,0.0447f,-0.999f,0.0552f,0f,0f,0f,1f],start_interpolation: 0,interpolation_duration: 1}
$data merge entity $(bone_fabric_overray) {transformation: [-1f,0f,0f,0f,0f,0.887f,0.4617f,1.5401f,0f,0.4617f,-0.887f,0.0552f,0f,0f,0f,1f],start_interpolation: 0,interpolation_duration: 1}
$data merge entity $(bone_fabric) {transformation: [-1f,0f,0f,0f,0f,0.887f,0.4617f,1.5401f,0f,0.4617f,-0.887f,0.0552f,0f,0f,0f,1f],start_interpolation: 0,interpolation_duration: 1}
$data merge entity $(bone_bone_overray) {transformation: [-1f,0f,0f,0f,0f,0.866f,0.5f,1.5401f,0f,0.5f,-0.866f,0.0552f,0f,0f,0f,1f],start_interpolation: 0,interpolation_duration: 1}
$data merge entity $(bone_bone) {transformation: [-1f,0f,0f,0f,0f,0.866f,0.5f,1.5401f,0f,0.5f,-0.866f,0.0552f,0f,0f,0f,1f],start_interpolation: 0,interpolation_duration: 1}
$data merge entity $(bone_left_arm1) {transformation: [-1f,0f,0f,0.25f,0f,0.474f,-0.8805f,1.4786f,0f,-0.8805f,-0.474f,0.0444f,0f,0f,0f,1f],start_interpolation: 0,interpolation_duration: 1}
$data merge entity $(bone_right_arm1) {transformation: [-1f,0f,0f,-0.25f,0f,0.4573f,-0.8893f,1.4786f,0f,-0.8893f,-0.4573f,0.0444f,0f,0f,0f,1f],start_interpolation: 0,interpolation_duration: 1}
data modify entity @s data merge value {"cameras":{},"locators":{"mouse":{"posx":-3.786025785649883e-17,"posy":1.6225954799889084,"posz":0.309152466514089,"roty":0,"rotx":2.559999999999987},"left_arm":{"posx":0.31249999999999994,"posy":1.152707074302673,"posz":0.6497369907411349,"roty":0,"rotx":-61.70830719267814},"right_arm":{"posx":-0.31250000000000006,"posy":1.1641321187492513,"posz":0.6557489440809028,"roty":0,"rotx":-62.78425655976674}}}