# This file was generated by Animated Java via MC-Build. It is not recommended to edit this file directly.
$data merge entity $(bone_eyes) {transformation: [-1f,0f,0f,-0.0156f,0f,0.9829f,0.1844f,1.8118f,0f,0.1844f,-0.9829f,0.3655f,0f,0f,0f,1f],start_interpolation: 0,interpolation_duration: 1}
$data merge entity $(bone_head) {transformation: [-1f,0f,0f,0f,0f,0.9829f,0.1844f,1.5202f,0f,0.1844f,-0.9829f,0.0552f,0f,0f,0f,1f],start_interpolation: 0,interpolation_duration: 1}
$data merge entity $(bone_fabric_overray) {transformation: [-1f,0f,0f,0f,0f,0.8979f,0.4401f,1.5202f,0f,0.4401f,-0.8979f,0.0552f,0f,0f,0f,1f],start_interpolation: 0,interpolation_duration: 1}
$data merge entity $(bone_fabric) {transformation: [-1f,0f,0f,0f,0f,0.8979f,0.4401f,1.5202f,0f,0.4401f,-0.8979f,0.0552f,0f,0f,0f,1f],start_interpolation: 0,interpolation_duration: 1}
$data merge entity $(bone_bone_overray) {transformation: [-1f,0f,0f,0f,0f,0.866f,0.5f,1.5202f,0f,0.5f,-0.866f,0.0552f,0f,0f,0f,1f],start_interpolation: 0,interpolation_duration: 1}
$data merge entity $(bone_bone) {transformation: [-1f,0f,0f,0f,0f,0.866f,0.5f,1.5202f,0f,0.5f,-0.866f,0.0552f,0f,0f,0f,1f],start_interpolation: 0,interpolation_duration: 1}
$data merge entity $(bone_left_arm1) {transformation: [-1f,0f,0f,0.25f,0f,0.8982f,-0.4396f,1.4587f,0f,-0.4396f,-0.8982f,0.0444f,0f,0f,0f,1f],start_interpolation: 0,interpolation_duration: 1}
$data merge entity $(bone_right_arm1) {transformation: [-1f,0f,0f,-0.25f,0f,0.8893f,-0.4573f,1.4587f,0f,-0.4573f,-0.8893f,0.0444f,0f,0f,0f,1f],start_interpolation: 0,interpolation_duration: 1}
data modify entity @s data merge value {"cameras":{},"locators":{"mouse":{"posx":-3.8969971301515576e-17,"posy":1.5662780345034542,"posz":0.3182139644561027,"roty":0,"rotx":10.625000000000002},"left_arm":{"posx":0.31249999999999994,"posy":0.8411620044902904,"posz":0.34656651971896385,"roty":0,"rotx":-26.076502933904088},"right_arm":{"posx":-0.31250000000000006,"posy":0.8472925651298017,"posz":0.3587843904614529,"roty":0,"rotx":-27.215743440233204}}}
tag @n[tag=aj.ginunga.root] add ch_tm.boss.ginunga.action.set_blast