# This file was generated by Animated Java via MC-Build. It is not recommended to edit this file directly.
$data merge entity $(bone_eyes) {transformation: [-1f,0f,0f,-0.0156f,0f,0.9475f,0.3196f,1.7435f,0f,0.3196f,-0.9475f,0.4032f,0f,0f,0f,1f],start_interpolation: 0,interpolation_duration: 1}
$data merge entity $(bone_head) {transformation: [-1f,0f,0f,0f,0f,0.9475f,0.3196f,1.4981f,0f,0.3196f,-0.9475f,0.0552f,0f,0f,0f,1f],start_interpolation: 0,interpolation_duration: 1}
$data merge entity $(bone_fabric_overray) {transformation: [-1f,0f,0f,0f,0f,0.9083f,0.4182f,1.4981f,0f,0.4182f,-0.9083f,0.0552f,0f,0f,0f,1f],start_interpolation: 0,interpolation_duration: 1}
$data merge entity $(bone_fabric) {transformation: [-1f,0f,0f,0f,0f,0.9083f,0.4182f,1.4981f,0f,0.4182f,-0.9083f,0.0552f,0f,0f,0f,1f],start_interpolation: 0,interpolation_duration: 1}
$data merge entity $(bone_bone_overray) {transformation: [-1f,0f,0f,0f,0f,0.866f,0.5f,1.4981f,0f,0.5f,-0.866f,0.0552f,0f,0f,0f,1f],start_interpolation: 0,interpolation_duration: 1}
$data merge entity $(bone_bone) {transformation: [-1f,0f,0f,0f,0f,0.866f,0.5f,1.4981f,0f,0.5f,-0.866f,0.0552f,0f,0f,0f,1f],start_interpolation: 0,interpolation_duration: 1}
$data merge entity $(bone_left_arm1) {transformation: [-1f,0f,0f,0.25f,0f,0.9907f,0.1358f,1.4366f,0f,0.1358f,-0.9907f,0.0444f,0f,0f,0f,1f],start_interpolation: 0,interpolation_duration: 1}
$data merge entity $(bone_right_arm1) {transformation: [-1f,0f,0f,-0.25f,0f,0.9934f,0.115f,1.4366f,0f,0.115f,-0.9934f,0.0444f,0f,0f,0f,1f],start_interpolation: 0,interpolation_duration: 1}
data modify entity @s data merge value {"cameras":{},"locators":{"mouse":{"posx":-3.944163686645444e-17,"posy":1.5070326001976295,"posz":0.32206540607394085,"roty":0,"rotx":18.64000000000001},"left_arm":{"posx":0.3125,"posy":0.7554256327853245,"posz":-0.04901458327892702,"roty":0,"rotx":7.806030187843618},"right_arm":{"posx":-0.3125,"posy":0.753615999283504,"posz":-0.034699432248765594,"roty":0,"rotx":6.6034985422739965}}}