# This file was generated by Animated Java via MC-Build. It is not recommended to edit this file directly.
$data merge entity $(bone_eyes) {transformation: [-1f,0f,0f,-0.0156f,0f,0.9988f,-0.0484f,1.7651f,0f,-0.0484f,-0.9988f,0.2895f,0f,0f,0f,1f],start_interpolation: 0,interpolation_duration: 1}
$data merge entity $(bone_head) {transformation: [-1f,0f,0f,0f,0f,0.9988f,-0.0484f,1.4096f,0f,-0.0484f,-0.9988f,0.0552f,0f,0f,0f,1f],start_interpolation: 0,interpolation_duration: 1}
$data merge entity $(bone_fabric_overray) {transformation: [-1f,0f,0f,0f,0f,0.9742f,0.2258f,1.4096f,0f,0.2258f,-0.9742f,0.0552f,0f,0f,0f,1f],start_interpolation: 0,interpolation_duration: 1}
$data merge entity $(bone_fabric) {transformation: [-1f,0f,0f,0f,0f,0.9742f,0.2258f,1.4096f,0f,0.2258f,-0.9742f,0.0552f,0f,0f,0f,1f],start_interpolation: 0,interpolation_duration: 1}
$data merge entity $(bone_bone_overray) {transformation: [-1f,0f,0f,0f,0f,0.9684f,0.2494f,1.4096f,0f,0.2494f,-0.9684f,0.0552f,0f,0f,0f,1f],start_interpolation: 0,interpolation_duration: 1}
$data merge entity $(bone_bone) {transformation: [-1f,0f,0f,0f,0f,0.9684f,0.2494f,1.4096f,0f,0.2494f,-0.9684f,0.0552f,0f,0f,0f,1f],start_interpolation: 0,interpolation_duration: 1}
$data merge entity $(bone_left_arm1) {transformation: [-1f,0f,0f,0.25f,0f,0.9569f,-0.2903f,1.3481f,0f,-0.2903f,-0.9569f,0.0444f,0f,0f,0f,1f],start_interpolation: 0,interpolation_duration: 1}
$data merge entity $(bone_right_arm1) {transformation: [-1f,0f,0f,-0.25f,0f,0.9563f,-0.2924f,1.3481f,0f,-0.2924f,-0.9563f,0.0444f,0f,0f,0f,1f],start_interpolation: 0,interpolation_duration: 1}
data modify entity @s data merge value {"cameras":{},"locators":{"mouse":{"posx":-3.678591713926597e-17,"posy":1.51535546298338,"posz":0.3003798088140822,"roty":0,"rotx":-2.7765134274010013},"left_arm":{"posx":0.3125,"posy":0.6901625133489122,"posz":0.2439456089231155,"roty":0,"rotx":-16.876161205743955},"right_arm":{"posx":-0.3125,"posy":0.690605055101324,"posz":0.24539858764410122,"roty":0,"rotx":-17.002743484224972}}}