# This file was generated by Animated Java via MC-Build. It is not recommended to edit this file directly.
$data merge entity $(bone_eyes) {transformation: [-1f,0f,0f,-0.0156f,0f,0.8981f,0.4399f,1.6731f,0f,0.4399f,-0.8981f,0.4321f,0f,0f,0f,1f],start_interpolation: 0,interpolation_duration: 1}
$data merge entity $(bone_head) {transformation: [-1f,0f,0f,0f,0f,0.8981f,0.4399f,1.4749f,0f,0.4399f,-0.8981f,0.0552f,0f,0f,0f,1f],start_interpolation: 0,interpolation_duration: 1}
$data merge entity $(bone_fabric_overray) {transformation: [-1f,0f,0f,0f,0f,0.887f,0.4617f,1.4749f,0f,0.4617f,-0.887f,0.0552f,0f,0f,0f,1f],start_interpolation: 0,interpolation_duration: 1}
$data merge entity $(bone_fabric) {transformation: [-1f,0f,0f,0f,0f,0.887f,0.4617f,1.4749f,0f,0.4617f,-0.887f,0.0552f,0f,0f,0f,1f],start_interpolation: 0,interpolation_duration: 1}
$data merge entity $(bone_bone_overray) {transformation: [-1f,0f,0f,0f,0f,0.866f,0.5f,1.4749f,0f,0.5f,-0.866f,0.0552f,0f,0f,0f,1f],start_interpolation: 0,interpolation_duration: 1}
$data merge entity $(bone_bone) {transformation: [-1f,0f,0f,0f,0f,0.866f,0.5f,1.4749f,0f,0.5f,-0.866f,0.0552f,0f,0f,0f,1f],start_interpolation: 0,interpolation_duration: 1}
$data merge entity $(bone_left_arm1) {transformation: [-1f,0f,0f,0.25f,0f,0.8045f,0.594f,1.4133f,0f,0.594f,-0.8045f,0.0444f,0f,0f,0f,1f],start_interpolation: 0,interpolation_duration: 1}
$data merge entity $(bone_right_arm1) {transformation: [-1f,0f,0f,-0.25f,0f,0.8174f,0.5761f,1.4133f,0f,0.5761f,-0.8174f,0.0444f,0f,0f,0f,1f],start_interpolation: 0,interpolation_duration: 1}
data modify entity @s data merge value {"cameras":{},"locators":{"mouse":{"posx":-3.930724486135757e-17,"posy":1.4490839179486465,"posz":0.3209680120727446,"roty":0,"rotx":26.095000000000017},"left_arm":{"posx":0.31250000000000006,"posy":0.86023076388866,"posz":-0.3640073853030789,"roty":0,"rotx":36.44074989851279},"right_arm":{"posx":-0.31249999999999994,"posy":0.8513444641343143,"posz":-0.35168977905099524,"roty":0,"rotx":35.17492711370267}}}