# This file was generated by Animated Java via MC-Build. It is not recommended to edit this file directly.
$data merge entity $(bone_eyes) {transformation: [-1f,0f,0f,-0.0156f,0f,0.8436f,0.537f,1.6067f,0f,0.537f,-0.8436f,0.4518f,0f,0f,0f,1f],start_interpolation: 0,interpolation_duration: 1}
$data merge entity $(bone_head) {transformation: [-1f,0f,0f,0f,0f,0.8436f,0.537f,1.4516f,0f,0.537f,-0.8436f,0.0552f,0f,0f,0f,1f],start_interpolation: 0,interpolation_duration: 1}
$data merge entity $(bone_fabric_overray) {transformation: [-1f,0f,0f,0f,0f,0.8552f,0.5183f,1.4516f,0f,0.5183f,-0.8552f,0.0552f,0f,0f,0f,1f],start_interpolation: 0,interpolation_duration: 1}
$data merge entity $(bone_fabric) {transformation: [-1f,0f,0f,0f,0f,0.8552f,0.5183f,1.4516f,0f,0.5183f,-0.8552f,0.0552f,0f,0f,0f,1f],start_interpolation: 0,interpolation_duration: 1}
$data merge entity $(bone_bone_overray) {transformation: [-1f,0f,0f,0f,0f,0.8342f,0.5515f,1.4516f,0f,0.5515f,-0.8342f,0.0552f,0f,0f,0f,1f],start_interpolation: 0,interpolation_duration: 1}
$data merge entity $(bone_bone) {transformation: [-1f,0f,0f,0f,0f,0.8342f,0.5515f,1.4516f,0f,0.5515f,-0.8342f,0.0552f,0f,0f,0f,1f],start_interpolation: 0,interpolation_duration: 1}
$data merge entity $(bone_left_arm1) {transformation: [-1f,0f,0f,0.25f,0f,0.5544f,0.8322f,1.3901f,0f,0.8322f,-0.5544f,0.0444f,0f,0f,0f,1f],start_interpolation: 0,interpolation_duration: 1}
$data merge entity $(bone_right_arm1) {transformation: [-1f,0f,0f,-0.25f,0f,0.5736f,0.8192f,1.3901f,0f,0.8192f,-0.5736f,0.0444f,0f,0f,0f,1f],start_interpolation: 0,interpolation_duration: 1}
data modify entity @s data merge value {"cameras":{},"locators":{"mouse":{"posx":-3.875438186291953e-17,"posy":1.3964396661199736,"posz":0.3164535430942361,"roty":0,"rotx":32.480000000000025},"left_arm":{"posx":0.31250000000000006,"posy":1.008890091245465,"posz":-0.5278006557293441,"roty":0,"rotx":56.32911392405063},"right_arm":{"posx":-0.31249999999999994,"posy":0.9957211493658911,"posz":-0.5188054705952123,"roty":0,"rotx":55.00000000000002}}}