# This file was generated by Animated Java via MC-Build. It is not recommended to edit this file directly.
$data merge entity $(bone_eyes) {transformation: [-1f,0f,0f,-0.0156f,0f,0.7956f,0.6058f,1.5508f,0f,0.6058f,-0.7956f,0.4634f,0f,0f,0f,1f],start_interpolation: 0,interpolation_duration: 1}
$data merge entity $(bone_head) {transformation: [-1f,0f,0f,0f,0f,0.7956f,0.6058f,1.4295f,0f,0.6058f,-0.7956f,0.0552f,0f,0f,0f,1f],start_interpolation: 0,interpolation_duration: 1}
$data merge entity $(bone_fabric_overray) {transformation: [-1f,0f,0f,0f,0f,0.8031f,0.5959f,1.4295f,0f,0.5959f,-0.8031f,0.0552f,0f,0f,0f,1f],start_interpolation: 0,interpolation_duration: 1}
$data merge entity $(bone_fabric) {transformation: [-1f,0f,0f,0f,0f,0.8031f,0.5959f,1.4295f,0f,0.5959f,-0.8031f,0.0552f,0f,0f,0f,1f],start_interpolation: 0,interpolation_duration: 1}
$data merge entity $(bone_bone_overray) {transformation: [-1f,0f,0f,0f,0f,0.7829f,0.6221f,1.4295f,0f,0.6221f,-0.7829f,0.0552f,0f,0f,0f,1f],start_interpolation: 0,interpolation_duration: 1}
$data merge entity $(bone_bone) {transformation: [-1f,0f,0f,0f,0f,0.7829f,0.6221f,1.4295f,0f,0.6221f,-0.7829f,0.0552f,0f,0f,0f,1f],start_interpolation: 0,interpolation_duration: 1}
$data merge entity $(bone_left_arm1) {transformation: [-1f,0f,0f,0.25f,0f,0.3848f,0.923f,1.3679f,0f,0.923f,-0.3848f,0.0444f,0f,0f,0f,1f],start_interpolation: 0,interpolation_duration: 1}
$data merge entity $(bone_right_arm1) {transformation: [-1f,0f,0f,-0.25f,0f,0.4071f,0.9134f,1.3679f,0f,0.9134f,-0.4071f,0.0444f,0f,0f,0f,1f],start_interpolation: 0,interpolation_duration: 1}
data modify entity @s data merge value {"cameras":{},"locators":{"mouse":{"posx":-3.8076042632327945e-17,"posy":1.3526259121301027,"posz":0.3109144829255094,"roty":0,"rotx":37.285000000000004},"left_arm":{"posx":0.3125000000000001,"posy":1.1033844462254097,"posz":-0.590202799981472,"roty":0,"rotx":67.36908144813083},"right_arm":{"posx":-0.31249999999999994,"posy":1.0880428625800485,"posz":-0.583587059585557,"roty":0,"rotx":65.97667638483966}}}