# This file was generated by Animated Java via MC-Build. It is not recommended to edit this file directly.
$data merge entity $(bone_eyes) {transformation: [-1f,0f,0f,-0.0156f,0f,0.766f,0.6428f,1.5114f,0f,0.6428f,-0.766f,0.4686f,0f,0f,0f,1f],start_interpolation: 0,interpolation_duration: 1}
$data merge entity $(bone_head) {transformation: [-1f,0f,0f,0f,0f,0.766f,0.6428f,1.4096f,0f,0.6428f,-0.766f,0.0552f,0f,0f,0f,1f],start_interpolation: 0,interpolation_duration: 1}
$data merge entity $(bone_fabric_overray) {transformation: [-1f,0f,0f,0f,0f,0.7324f,0.6809f,1.4096f,0f,0.6809f,-0.7324f,0.0552f,0f,0f,0f,1f],start_interpolation: 0,interpolation_duration: 1}
$data merge entity $(bone_fabric) {transformation: [-1f,0f,0f,0f,0f,0.7324f,0.6809f,1.4096f,0f,0.6809f,-0.7324f,0.0552f,0f,0f,0f,1f],start_interpolation: 0,interpolation_duration: 1}
$data merge entity $(bone_bone_overray) {transformation: [-1f,0f,0f,0f,0f,0.7146f,0.6995f,1.4096f,0f,0.6995f,-0.7146f,0.0552f,0f,0f,0f,1f],start_interpolation: 0,interpolation_duration: 1}
$data merge entity $(bone_bone) {transformation: [-1f,0f,0f,0f,0f,0.7146f,0.6995f,1.4096f,0f,0.6995f,-0.7146f,0.0552f,0f,0f,0f,1f],start_interpolation: 0,interpolation_duration: 1}
$data merge entity $(bone_left_arm1) {transformation: [-1f,0f,0f,0.25f,0f,0.2984f,0.9544f,1.3481f,0f,0.9544f,-0.2984f,0.0444f,0f,0f,0f,1f],start_interpolation: 0,interpolation_duration: 1}
$data merge entity $(bone_right_arm1) {transformation: [-1f,0f,0f,-0.25f,0f,0.3226f,0.9465f,1.3481f,0f,0.9465f,-0.3226f,0.0444f,0f,0f,0f,1f],start_interpolation: 0,interpolation_duration: 1}
data modify entity @s data merge value {"cameras":{},"locators":{"mouse":{"posx":-3.759506716009832e-17,"posy":1.3207251980412675,"posz":0.30698702014551027,"roty":0,"rotx":39.99999999999999},"left_arm":{"posx":0.3125000000000001,"posy":1.1428818493437094,"posz":-0.6118093394028444,"roty":0,"rotx":72.63645422002433},"right_arm":{"posx":-0.31249999999999994,"posy":1.1262787271732175,"posz":-0.6063853627468492,"roty":0,"rotx":71.18075801749275}}}