# This file was generated by Animated Java via MC-Build. It is not recommended to edit this file directly.
$data merge entity $(bone_eyes) {transformation: [-1f,0f,0f,-0.0156f,0f,0.7615f,0.6481f,1.492f,0f,0.6481f,-0.7615f,0.4693f,0f,0f,0f,1f],start_interpolation: 0,interpolation_duration: 1}
$data merge entity $(bone_head) {transformation: [-1f,0f,0f,0f,0f,0.7615f,0.6481f,1.3931f,0f,0.6481f,-0.7615f,0.0552f,0f,0f,0f,1f],start_interpolation: 0,interpolation_duration: 1}
$data merge entity $(bone_fabric_overray) {transformation: [-1f,0f,0f,0f,0f,0.6483f,0.7614f,1.3931f,0f,0.7614f,-0.6483f,0.0552f,0f,0f,0f,1f],start_interpolation: 0,interpolation_duration: 1}
$data merge entity $(bone_fabric) {transformation: [-1f,0f,0f,0f,0f,0.6483f,0.7614f,1.3931f,0f,0.7614f,-0.6483f,0.0552f,0f,0f,0f,1f],start_interpolation: 0,interpolation_duration: 1}
$data merge entity $(bone_bone_overray) {transformation: [-1f,0f,0f,0f,0f,0.6346f,0.7729f,1.3931f,0f,0.7729f,-0.6346f,0.0552f,0f,0f,0f,1f],start_interpolation: 0,interpolation_duration: 1}
$data merge entity $(bone_bone) {transformation: [-1f,0f,0f,0f,0f,0.6346f,0.7729f,1.3931f,0f,0.7729f,-0.6346f,0.0552f,0f,0f,0f,1f],start_interpolation: 0,interpolation_duration: 1}
$data merge entity $(bone_left_arm1) {transformation: [-1f,0f,0f,0.25f,0f,0.2857f,0.9583f,1.3316f,0f,0.9583f,-0.2857f,0.0444f,0f,0f,0f,1f],start_interpolation: 0,interpolation_duration: 1}
$data merge entity $(bone_right_arm1) {transformation: [-1f,0f,0f,-0.25f,0f,0.311f,0.9504f,1.3316f,0f,0.9504f,-0.311f,0.0444f,0f,0f,0f,1f],start_interpolation: 0,interpolation_duration: 1}
data modify entity @s data merge value {"cameras":{},"locators":{"mouse":{"posx":-3.751821254108477e-17,"posy":1.30246708694614,"posz":0.3063594545562558,"roty":0,"rotx":40.40059043011194},"left_arm":{"posx":0.3125000000000001,"posy":1.135137916158495,"posz":-0.6144833377282033,"roty":0,"rotx":73.39945381407536},"right_arm":{"posx":-0.3124999999999999,"posy":1.1177421292921181,"posz":-0.609045149613002,"roty":0,"rotx":71.88046647230323}}}