# This file was generated by Animated Java via MC-Build. It is not recommended to edit this file directly.
$data merge entity $(bone_eyes) {transformation: [-1f,0f,0f,-0.0156f,0f,0.7595f,0.6505f,1.4788f,0f,0.6505f,-0.7595f,0.4696f,0f,0f,0f,1f],start_interpolation: 0,interpolation_duration: 1}
$data merge entity $(bone_head) {transformation: [-1f,0f,0f,0f,0f,0.7595f,0.6505f,1.3811f,0f,0.6505f,-0.7595f,0.0552f,0f,0f,0f,1f],start_interpolation: 0,interpolation_duration: 1}
$data merge entity $(bone_fabric_overray) {transformation: [-1f,0f,0f,0f,0f,0.5603f,0.8283f,1.3811f,0f,0.8283f,-0.5603f,0.0552f,0f,0f,0f,1f],start_interpolation: 0,interpolation_duration: 1}
$data merge entity $(bone_fabric) {transformation: [-1f,0f,0f,0f,0f,0.5603f,0.8283f,1.3811f,0f,0.8283f,-0.5603f,0.0552f,0f,0f,0f,1f],start_interpolation: 0,interpolation_duration: 1}
$data merge entity $(bone_bone_overray) {transformation: [-1f,0f,0f,0f,0f,0.5515f,0.8342f,1.3811f,0f,0.8342f,-0.5515f,0.0552f,0f,0f,0f,1f],start_interpolation: 0,interpolation_duration: 1}
$data merge entity $(bone_bone) {transformation: [-1f,0f,0f,0f,0f,0.5515f,0.8342f,1.3811f,0f,0.8342f,-0.5515f,0.0552f,0f,0f,0f,1f],start_interpolation: 0,interpolation_duration: 1}
$data merge entity $(bone_left_arm1) {transformation: [-1f,0f,0f,0.25f,0f,0.3268f,0.9451f,1.3196f,0f,0.9451f,-0.3268f,0.0444f,0f,0f,0f,1f],start_interpolation: 0,interpolation_duration: 1}
$data merge entity $(bone_right_arm1) {transformation: [-1f,0f,0f,-0.25f,0f,0.3528f,0.9357f,1.3196f,0f,0.9357f,-0.3528f,0.0444f,0f,0f,0f,1f],start_interpolation: 0,interpolation_duration: 1}
data modify entity @s data merge value {"cameras":{},"locators":{"mouse":{"posx":-3.748391037731533e-17,"posy":1.2896947011862503,"posz":0.3060793561328302,"roty":0,"rotx":40.57689942187052},"left_arm":{"posx":0.3125000000000001,"posy":1.0948908924328697,"posz":-0.6053940184421579,"roty":0,"rotx":70.9263018046278},"right_arm":{"posx":-0.31249999999999994,"posy":1.0770352067340083,"posz":-0.5989427417316852,"roty":0,"rotx":69.34402332361518}}}