# This file was generated by Animated Java via MC-Build. It is not recommended to edit this file directly.
$data merge entity $(bone_eyes) {transformation: [-1f,0f,0f,-0.0156f,0f,0.7599f,0.65f,1.479f,0f,0.65f,-0.7599f,0.4696f,0f,0f,0f,1f],start_interpolation: 0,interpolation_duration: 1}
$data merge entity $(bone_head) {transformation: [-1f,0f,0f,0f,0f,0.7599f,0.65f,1.3811f,0f,0.65f,-0.7599f,0.0552f,0f,0f,0f,1f],start_interpolation: 0,interpolation_duration: 1}
$data merge entity $(bone_fabric_overray) {transformation: [-1f,0f,0f,0f,0f,0.4805f,0.877f,1.3811f,0f,0.877f,-0.4805f,0.0552f,0f,0f,0f,1f],start_interpolation: 0,interpolation_duration: 1}
$data merge entity $(bone_fabric) {transformation: [-1f,0f,0f,0f,0f,0.4805f,0.877f,1.3811f,0f,0.877f,-0.4805f,0.0552f,0f,0f,0f,1f],start_interpolation: 0,interpolation_duration: 1}
$data merge entity $(bone_bone_overray) {transformation: [-1f,0f,0f,0f,0f,0.4767f,0.8791f,1.3811f,0f,0.8791f,-0.4767f,0.0552f,0f,0f,0f,1f],start_interpolation: 0,interpolation_duration: 1}
$data merge entity $(bone_bone) {transformation: [-1f,0f,0f,0f,0f,0.4767f,0.8791f,1.3811f,0f,0.8791f,-0.4767f,0.0552f,0f,0f,0f,1f],start_interpolation: 0,interpolation_duration: 1}
$data merge entity $(bone_left_arm1) {transformation: [-1f,0f,0f,0.25f,0f,0.399f,0.917f,1.3196f,0f,0.917f,-0.399f,0.0444f,0f,0f,0f,1f],start_interpolation: 0,interpolation_duration: 1}
$data merge entity $(bone_right_arm1) {transformation: [-1f,0f,0f,-0.25f,0f,0.4252f,0.9051f,1.3196f,0f,0.9051f,-0.4252f,0.0444f,0f,0f,0f,1f],start_interpolation: 0,interpolation_duration: 1}
data modify entity @s data merge value {"cameras":{},"locators":{"mouse":{"posx":-3.7490634138812657e-17,"posy":1.2898455180470394,"posz":0.3061342598120136,"roty":0,"rotx":40.54245766534093},"left_arm":{"posx":0.3125000000000001,"posy":1.0452523329203076,"posz":-0.586046502131667,"roty":0,"rotx":66.48521976602574},"right_arm":{"posx":-0.31249999999999994,"posy":1.027262243854966,"posz":-0.5779094617361298,"roty":0,"rotx":64.83965014577261}}}