# This file was generated by Animated Java via MC-Build. It is not recommended to edit this file directly.
$data merge entity $(bone_eyes) {transformation: [-1f,0f,0f,-0.0156f,0f,0.7625f,0.6469f,1.4807f,0f,0.6469f,-0.7625f,0.4692f,0f,0f,0f,1f],start_interpolation: 0,interpolation_duration: 1}
$data merge entity $(bone_head) {transformation: [-1f,0f,0f,0f,0f,0.7625f,0.6469f,1.3811f,0f,0.6469f,-0.7625f,0.0552f,0f,0f,0f,1f],start_interpolation: 0,interpolation_duration: 1}
$data merge entity $(bone_fabric_overray) {transformation: [-1f,0f,0f,0f,0f,0.4226f,0.9063f,1.3811f,0f,0.9063f,-0.4226f,0.0552f,0f,0f,0f,1f],start_interpolation: 0,interpolation_duration: 1}
$data merge entity $(bone_fabric) {transformation: [-1f,0f,0f,0f,0f,0.4226f,0.9063f,1.3811f,0f,0.9063f,-0.4226f,0.0552f,0f,0f,0f,1f],start_interpolation: 0,interpolation_duration: 1}
$data merge entity $(bone_bone_overray) {transformation: [-1f,0f,0f,0f,0f,0.4226f,0.9063f,1.3811f,0f,0.9063f,-0.4226f,0.0552f,0f,0f,0f,1f],start_interpolation: 0,interpolation_duration: 1}
$data merge entity $(bone_bone) {transformation: [-1f,0f,0f,0f,0f,0.4226f,0.9063f,1.3811f,0f,0.9063f,-0.4226f,0.0552f,0f,0f,0f,1f],start_interpolation: 0,interpolation_duration: 1}
$data merge entity $(bone_left_arm1) {transformation: [-1f,0f,0f,0.25f,0f,0.4795f,0.8775f,1.3196f,0f,0.8775f,-0.4795f,0.0444f,0f,0f,0f,1f],start_interpolation: 0,interpolation_duration: 1}
$data merge entity $(bone_right_arm1) {transformation: [-1f,0f,0f,-0.25f,0f,0.5055f,0.8628f,1.3196f,0f,0.8628f,-0.5055f,0.0444f,0f,0f,0f,1f],start_interpolation: 0,interpolation_duration: 1}
data modify entity @s data merge value {"cameras":{},"locators":{"mouse":{"posx":-3.7535570799592025e-17,"posy":1.2908607951357307,"posz":0.3065011954934741,"roty":0,"rotx":40.310795850588384},"left_arm":{"posx":0.31250000000000006,"posy":0.9898690121023608,"posz":-0.5589322597538384,"roty":0,"rotx":61.34442927261318},"right_arm":{"posx":-0.31249999999999994,"posy":0.9720249170553541,"posz":-0.5488324443713317,"roty":0,"rotx":59.635568513119516}}}