# This file was generated by Animated Java via MC-Build. It is not recommended to edit this file directly.
$data merge entity $(bone_eyes) {transformation: [-1f,0f,0f,-0.0156f,0f,0.7672f,0.6414f,1.4837f,0f,0.6414f,-0.7672f,0.4685f,0f,0f,0f,1f],start_interpolation: 0,interpolation_duration: 1}
$data merge entity $(bone_head) {transformation: [-1f,0f,0f,0f,0f,0.7672f,0.6414f,1.3811f,0f,0.6414f,-0.7672f,0.0552f,0f,0f,0f,1f],start_interpolation: 0,interpolation_duration: 1}
$data merge entity $(bone_fabric_overray) {transformation: [-1f,0f,0f,0f,0f,0.3843f,0.9232f,1.3811f,0f,0.9232f,-0.3843f,0.0552f,0f,0f,0f,1f],start_interpolation: 0,interpolation_duration: 1}
$data merge entity $(bone_fabric) {transformation: [-1f,0f,0f,0f,0f,0.3843f,0.9232f,1.3811f,0f,0.9232f,-0.3843f,0.0552f,0f,0f,0f,1f],start_interpolation: 0,interpolation_duration: 1}
$data merge entity $(bone_bone_overray) {transformation: [-1f,0f,0f,0f,0f,0.4059f,0.9139f,1.3811f,0f,0.9139f,-0.4059f,0.0552f,0f,0f,0f,1f],start_interpolation: 0,interpolation_duration: 1}
$data merge entity $(bone_bone) {transformation: [-1f,0f,0f,0f,0f,0.4059f,0.9139f,1.3811f,0f,0.9139f,-0.4059f,0.0552f,0f,0f,0f,1f],start_interpolation: 0,interpolation_duration: 1}
$data merge entity $(bone_left_arm1) {transformation: [-1f,0f,0f,0.25f,0f,0.548f,0.8365f,1.3196f,0f,0.8365f,-0.548f,0.0444f,0f,0f,0f,1f],start_interpolation: 0,interpolation_duration: 1}
$data merge entity $(bone_right_arm1) {transformation: [-1f,0f,0f,-0.25f,0f,0.5736f,0.8192f,1.3196f,0f,0.8192f,-0.5736f,0.0444f,0f,0f,0f,1f],start_interpolation: 0,interpolation_duration: 1}
data modify entity @s data merge value {"cameras":{},"locators":{"mouse":{"posx":-3.761487857184986e-17,"posy":1.2926847888996482,"posz":0.30714879259912975,"roty":0,"rotx":39.895444667678056},"left_arm":{"posx":0.31250000000000006,"posy":0.9428256701869685,"posz":-0.5307308676882703,"roty":0,"rotx":56.77215189873419},"right_arm":{"posx":-0.31249999999999994,"posy":0.9252211493658911,"posz":-0.5188054705952123,"roty":0,"rotx":55.00000000000002}}}