# This file was generated by Animated Java via MC-Build. It is not recommended to edit this file directly.
$data merge entity $(bone_eyes) {transformation: [-1f,0f,0f,-0.0156f,0f,0.9964f,-0.0852f,1.7934f,0f,-0.0852f,-0.9964f,0.2763f,0f,0f,0f,1f],start_interpolation: 0,interpolation_duration: 1}
$data merge entity $(bone_head) {transformation: [-1f,0f,0f,0f,0f,0.9964f,-0.0852f,1.4295f,0f,-0.0852f,-0.9964f,0.0552f,0f,0f,0f,1f],start_interpolation: 0,interpolation_duration: 1}
$data merge entity $(bone_fabric_overray) {transformation: [-1f,0f,0f,0f,0f,0.9651f,0.2619f,1.4295f,0f,0.2619f,-0.9651f,0.0552f,0f,0f,0f,1f],start_interpolation: 0,interpolation_duration: 1}
$data merge entity $(bone_fabric) {transformation: [-1f,0f,0f,0f,0f,0.9651f,0.2619f,1.4295f,0f,0.2619f,-0.9651f,0.0552f,0f,0f,0f,1f],start_interpolation: 0,interpolation_duration: 1}
$data merge entity $(bone_bone_overray) {transformation: [-1f,0f,0f,0f,0f,0.958f,0.2868f,1.4295f,0f,0.2868f,-0.958f,0.0552f,0f,0f,0f,1f],start_interpolation: 0,interpolation_duration: 1}
$data merge entity $(bone_bone) {transformation: [-1f,0f,0f,0f,0f,0.958f,0.2868f,1.4295f,0f,0.2868f,-0.958f,0.0552f,0f,0f,0f,1f],start_interpolation: 0,interpolation_duration: 1}
$data merge entity $(bone_left_arm1) {transformation: [-1f,0f,0f,0.25f,0f,0.8117f,-0.5841f,1.3679f,0f,-0.5841f,-0.8117f,0.0444f,0f,0f,0f,1f],start_interpolation: 0,interpolation_duration: 1}
$data merge entity $(bone_right_arm1) {transformation: [-1f,0f,0f,-0.25f,0f,0.8098f,-0.5867f,1.3679f,0f,-0.5867f,-0.8098f,0.0444f,0f,0f,0f,1f],start_interpolation: 0,interpolation_duration: 1}
data modify entity @s data merge value {"cameras":{},"locators":{"mouse":{"posx":-3.628825868831396e-17,"posy":1.544193580278325,"posz":0.2963161191747634,"roty":0,"rotx":-4.88848429676832},"left_arm":{"posx":0.31249999999999994,"posy":0.8098750744992791,"posz":0.4458973697724242,"roty":0,"rotx":-35.73605250820441},"right_arm":{"posx":-0.31250000000000006,"posy":0.8112087924177791,"posz":0.44774450869488175,"roty":0,"rotx":-35.925925925925924}}}