# This file was generated by Animated Java via MC-Build. It is not recommended to edit this file directly.
$data merge entity $(bone_eyes) {transformation: [-1f,0f,0f,-0.0156f,0f,0.7819f,0.6234f,1.4932f,0f,0.6234f,-0.7819f,0.466f,0f,0f,0f,1f],start_interpolation: 0,interpolation_duration: 1}
$data merge entity $(bone_head) {transformation: [-1f,0f,0f,0f,0f,0.7819f,0.6234f,1.3811f,0f,0.6234f,-0.7819f,0.0552f,0f,0f,0f,1f],start_interpolation: 0,interpolation_duration: 1}
$data merge entity $(bone_fabric_overray) {transformation: [-1f,0f,0f,0f,0f,0.3939f,0.9191f,1.3811f,0f,0.9191f,-0.3939f,0.0552f,0f,0f,0f,1f],start_interpolation: 0,interpolation_duration: 1}
$data merge entity $(bone_fabric) {transformation: [-1f,0f,0f,0f,0f,0.3939f,0.9191f,1.3811f,0f,0.9191f,-0.3939f,0.0552f,0f,0f,0f,1f],start_interpolation: 0,interpolation_duration: 1}
$data merge entity $(bone_bone_overray) {transformation: [-1f,0f,0f,0f,0f,0.3765f,0.9264f,1.3811f,0f,0.9264f,-0.3765f,0.0552f,0f,0f,0f,1f],start_interpolation: 0,interpolation_duration: 1}
$data merge entity $(bone_bone) {transformation: [-1f,0f,0f,0f,0f,0.3765f,0.9264f,1.3811f,0f,0.9264f,-0.3765f,0.0552f,0f,0f,0f,1f],start_interpolation: 0,interpolation_duration: 1}
$data merge entity $(bone_left_arm1) {transformation: [-1f,0f,0f,0.25f,0f,0.6981f,0.716f,1.3196f,0f,0.716f,-0.6981f,0.0444f,0f,0f,0f,1f],start_interpolation: 0,interpolation_duration: 1}
$data merge entity $(bone_right_arm1) {transformation: [-1f,0f,0f,-0.25f,0f,0.7214f,0.6925f,1.3196f,0f,0.6925f,-0.7214f,0.0444f,0f,0f,0f,1f],start_interpolation: 0,interpolation_duration: 1}
data modify entity @s data merge value {"cameras":{},"locators":{"mouse":{"posx":-3.7857487390029927e-17,"posy":1.2985457788399282,"posz":0.309129843938577,"roty":0,"rotx":38.567796957644845},"left_arm":{"posx":0.31250000000000006,"posy":0.8396251518310893,"posz":-0.44790223065575796,"roty":0,"rotx":45.726859177215196},"right_arm":{"posx":-0.31249999999999994,"posy":0.8235784338657796,"posz":-0.43173039143425584,"roty":0,"rotx":43.828125}}}