# This file was generated by Animated Java via MC-Build. It is not recommended to edit this file directly.
$data merge entity $(bone_eyes) {transformation: [-1f,0f,0f,-0.0156f,0f,0.7914f,0.6113f,1.4996f,0f,0.6113f,-0.7914f,0.4642f,0f,0f,0f,1f],start_interpolation: 0,interpolation_duration: 1}
$data merge entity $(bone_head) {transformation: [-1f,0f,0f,0f,0f,0.7914f,0.6113f,1.3811f,0f,0.6113f,-0.7914f,0.0552f,0f,0f,0f,1f],start_interpolation: 0,interpolation_duration: 1}
$data merge entity $(bone_fabric_overray) {transformation: [-1f,0f,0f,0f,0f,0.4131f,0.9107f,1.3811f,0f,0.9107f,-0.4131f,0.0552f,0f,0f,0f,1f],start_interpolation: 0,interpolation_duration: 1}
$data merge entity $(bone_fabric) {transformation: [-1f,0f,0f,0f,0f,0.4131f,0.9107f,1.3811f,0f,0.9107f,-0.4131f,0.0552f,0f,0f,0f,1f],start_interpolation: 0,interpolation_duration: 1}
$data merge entity $(bone_bone_overray) {transformation: [-1f,0f,0f,0f,0f,0.3643f,0.9313f,1.3811f,0f,0.9313f,-0.3643f,0.0552f,0f,0f,0f,1f],start_interpolation: 0,interpolation_duration: 1}
$data merge entity $(bone_bone) {transformation: [-1f,0f,0f,0f,0f,0.3643f,0.9313f,1.3811f,0f,0.9313f,-0.3643f,0.0552f,0f,0f,0f,1f],start_interpolation: 0,interpolation_duration: 1}
$data merge entity $(bone_left_arm1) {transformation: [-1f,0f,0f,0.25f,0f,0.7886f,0.615f,1.3196f,0f,0.615f,-0.7886f,0.0444f,0f,0f,0f,1f],start_interpolation: 0,interpolation_duration: 1}
$data merge entity $(bone_right_arm1) {transformation: [-1f,0f,0f,-0.25f,0f,0.8092f,0.5876f,1.3196f,0f,0.5876f,-0.8092f,0.0444f,0f,0f,0f,1f],start_interpolation: 0,interpolation_duration: 1}
data modify entity @s data merge value {"cameras":{},"locators":{"mouse":{"posx":-3.800998193938386e-17,"posy":1.3024785355152808,"posz":0.31037505643135543,"roty":0,"rotx":37.68256181065234},"left_arm":{"posx":0.31250000000000006,"posy":0.7774162422327506,"posz":-0.3784171910758933,"roty":0,"rotx":37.94835344145569},"right_arm":{"posx":-0.31249999999999994,"posy":0.7632593549644301,"posz":-0.35960806977127796,"roty":0,"rotx":35.98632812499999}}}