# This file was generated by Animated Java via MC-Build. It is not recommended to edit this file directly.
$data merge entity $(bone_eyes) {transformation: [-1f,0f,0f,-0.0156f,0f,0.8021f,0.5972f,1.5068f,0f,0.5972f,-0.8021f,0.462f,0f,0f,0f,1f],start_interpolation: 0,interpolation_duration: 1}
$data merge entity $(bone_head) {transformation: [-1f,0f,0f,0f,0f,0.8021f,0.5972f,1.3811f,0f,0.5972f,-0.8021f,0.0552f,0f,0f,0f,1f],start_interpolation: 0,interpolation_duration: 1}
$data merge entity $(bone_fabric_overray) {transformation: [-1f,0f,0f,0f,0f,0.4226f,0.9063f,1.3811f,0f,0.9063f,-0.4226f,0.0552f,0f,0f,0f,1f],start_interpolation: 0,interpolation_duration: 1}
$data merge entity $(bone_fabric) {transformation: [-1f,0f,0f,0f,0f,0.4226f,0.9063f,1.3811f,0f,0.9063f,-0.4226f,0.0552f,0f,0f,0f,1f],start_interpolation: 0,interpolation_duration: 1}
$data merge entity $(bone_bone_overray) {transformation: [-1f,0f,0f,0f,0f,0.3541f,0.9352f,1.3811f,0f,0.9352f,-0.3541f,0.0552f,0f,0f,0f,1f],start_interpolation: 0,interpolation_duration: 1}
$data merge entity $(bone_bone) {transformation: [-1f,0f,0f,0f,0f,0.3541f,0.9352f,1.3811f,0f,0.9352f,-0.3541f,0.0552f,0f,0f,0f,1f],start_interpolation: 0,interpolation_duration: 1}
$data merge entity $(bone_left_arm1) {transformation: [-1f,0f,0f,0.25f,0f,0.8701f,0.4928f,1.3196f,0f,0.4928f,-0.8701f,0.0444f,0f,0f,0f,1f],start_interpolation: 0,interpolation_duration: 1}
$data merge entity $(bone_right_arm1) {transformation: [-1f,0f,0f,-0.25f,0f,0.887f,0.4617f,1.3196f,0f,0.4617f,-0.887f,0.0444f,0f,0f,0f,1f],start_interpolation: 0,interpolation_duration: 1}
data modify entity @s data merge value {"cameras":{},"locators":{"mouse":{"posx":-3.8175617470476263e-17,"posy":1.3070099402029791,"posz":0.31172757318318733,"roty":0,"rotx":36.667760055762855},"left_arm":{"posx":0.31250000000000006,"posy":0.7213350530978468,"posz":-0.29444399753809186,"roty":0,"rotx":29.52531645569617},"right_arm":{"posx":-0.31249999999999994,"posy":0.7097350015472076,"posz":-0.2730906117456159,"roty":0,"rotx":27.499999999999968}}}