# This file was generated by Animated Java via MC-Build. It is not recommended to edit this file directly.
$data merge entity $(bone_eyes) {transformation: [-1f,0f,0f,-0.0156f,0f,0.8137f,0.5812f,1.5148f,0f,0.5812f,-0.8137f,0.4595f,0f,0f,0f,1f],start_interpolation: 0,interpolation_duration: 1}
$data merge entity $(bone_head) {transformation: [-1f,0f,0f,0f,0f,0.8137f,0.5812f,1.3811f,0f,0.5812f,-0.8137f,0.0552f,0f,0f,0f,1f],start_interpolation: 0,interpolation_duration: 1}
$data merge entity $(bone_fabric_overray) {transformation: [-1f,0f,0f,0f,0f,0.4198f,0.9076f,1.3811f,0f,0.9076f,-0.4198f,0.0552f,0f,0f,0f,1f],start_interpolation: 0,interpolation_duration: 1}
$data merge entity $(bone_fabric) {transformation: [-1f,0f,0f,0f,0f,0.4198f,0.9076f,1.3811f,0f,0.9076f,-0.4198f,0.0552f,0f,0f,0f,1f],start_interpolation: 0,interpolation_duration: 1}
$data merge entity $(bone_bone_overray) {transformation: [-1f,0f,0f,0f,0f,0.3459f,0.9383f,1.3811f,0f,0.9383f,-0.3459f,0.0552f,0f,0f,0f,1f],start_interpolation: 0,interpolation_duration: 1}
$data merge entity $(bone_bone) {transformation: [-1f,0f,0f,0f,0f,0.3459f,0.9383f,1.3811f,0f,0.9383f,-0.3459f,0.0552f,0f,0f,0f,1f],start_interpolation: 0,interpolation_duration: 1}
$data merge entity $(bone_left_arm1) {transformation: [-1f,0f,0f,0.25f,0f,0.9329f,0.36f,1.3196f,0f,0.36f,-0.9329f,0.0444f,0f,0f,0f,1f],start_interpolation: 0,interpolation_duration: 1}
$data merge entity $(bone_right_arm1) {transformation: [-1f,0f,0f,-0.25f,0f,0.9454f,0.3258f,1.3196f,0f,0.3258f,-0.9454f,0.0444f,0f,0f,0f,1f],start_interpolation: 0,interpolation_duration: 1}
data modify entity @s data merge value {"cameras":{},"locators":{"mouse":{"posx":-3.834858122376147e-17,"posy":1.3120867989945084,"posz":0.3131399294103512,"roty":0,"rotx":35.53692238304153},"left_arm":{"posx":0.3125,"posy":0.6781592411882698,"posz":-0.203161763375739,"roty":0,"rotx":21.102279469936704},"right_arm":{"posx":-0.3125,"posy":0.6695643568298442,"posz":-0.17962165296814164,"roty":0,"rotx":19.013671875}}}