# This file was generated by Animated Java via MC-Build. It is not recommended to edit this file directly.
$data merge entity $(bone_eyes) {transformation: [-1f,0f,0f,-0.0156f,0f,0.8261f,0.5636f,1.5235f,0f,0.5636f,-0.8261f,0.4565f,0f,0f,0f,1f],start_interpolation: 0,interpolation_duration: 1}
$data merge entity $(bone_head) {transformation: [-1f,0f,0f,0f,0f,0.8261f,0.5636f,1.3811f,0f,0.5636f,-0.8261f,0.0552f,0f,0f,0f,1f],start_interpolation: 0,interpolation_duration: 1}
$data merge entity $(bone_fabric_overray) {transformation: [-1f,0f,0f,0f,0f,0.4124f,0.911f,1.3811f,0f,0.911f,-0.4124f,0.0552f,0f,0f,0f,1f],start_interpolation: 0,interpolation_duration: 1}
$data merge entity $(bone_fabric) {transformation: [-1f,0f,0f,0f,0f,0.4124f,0.911f,1.3811f,0f,0.911f,-0.4124f,0.0552f,0f,0f,0f,1f],start_interpolation: 0,interpolation_duration: 1}
$data merge entity $(bone_bone_overray) {transformation: [-1f,0f,0f,0f,0f,0.3401f,0.9404f,1.3811f,0f,0.9404f,-0.3401f,0.0552f,0f,0f,0f,1f],start_interpolation: 0,interpolation_duration: 1}
$data merge entity $(bone_bone) {transformation: [-1f,0f,0f,0f,0f,0.3401f,0.9404f,1.3811f,0f,0.9404f,-0.3401f,0.0552f,0f,0f,0f,1f],start_interpolation: 0,interpolation_duration: 1}
$data merge entity $(bone_left_arm1) {transformation: [-1f,0f,0f,0.25f,0f,0.9731f,0.2305f,1.3196f,0f,0.2305f,-0.9731f,0.0444f,0f,0f,0f,1f],start_interpolation: 0,interpolation_duration: 1}
$data merge entity $(bone_right_arm1) {transformation: [-1f,0f,0f,-0.25f,0f,0.9811f,0.1938f,1.3196f,0f,0.1938f,-0.9811f,0.0444f,0f,0f,0f,1f],start_interpolation: 0,interpolation_duration: 1}
data modify entity @s data merge value {"cameras":{},"locators":{"mouse":{"posx":-3.8523193659735996e-17,"posy":1.3176544340290872,"posz":0.3145657481533234,"roty":0,"rotx":34.30357948255361},"left_arm":{"posx":0.3125,"posy":0.6505601569006371,"posz":-0.11407523406118013,"roty":0,"rotx":13.323773734177214},"right_arm":{"posx":-0.3125,"posy":0.6450828119209613,"posz":-0.0888434919356577,"roty":0,"rotx":11.171875000000002}}}