# This file was generated by Animated Java via MC-Build. It is not recommended to edit this file directly.
$data merge entity $(bone_eyes) {transformation: [-1f,0f,0f,-0.0156f,0f,0.8388f,0.5444f,1.5327f,0f,0.5444f,-0.8388f,0.4531f,0f,0f,0f,1f],start_interpolation: 0,interpolation_duration: 1}
$data merge entity $(bone_head) {transformation: [-1f,0f,0f,0f,0f,0.8388f,0.5444f,1.3811f,0f,0.5444f,-0.8388f,0.0552f,0f,0f,0f,1f],start_interpolation: 0,interpolation_duration: 1}
$data merge entity $(bone_fabric_overray) {transformation: [-1f,0f,0f,0f,0f,0.4022f,0.9156f,1.3811f,0f,0.9156f,-0.4022f,0.0552f,0f,0f,0f,1f],start_interpolation: 0,interpolation_duration: 1}
$data merge entity $(bone_fabric) {transformation: [-1f,0f,0f,0f,0f,0.4022f,0.9156f,1.3811f,0f,0.9156f,-0.4022f,0.0552f,0f,0f,0f,1f],start_interpolation: 0,interpolation_duration: 1}
$data merge entity $(bone_bone_overray) {transformation: [-1f,0f,0f,0f,0f,0.3369f,0.9415f,1.3811f,0f,0.9415f,-0.3369f,0.0552f,0f,0f,0f,1f],start_interpolation: 0,interpolation_duration: 1}
$data merge entity $(bone_bone) {transformation: [-1f,0f,0f,0f,0f,0.3369f,0.9415f,1.3811f,0f,0.9415f,-0.3369f,0.0552f,0f,0f,0f,1f],start_interpolation: 0,interpolation_duration: 1}
$data merge entity $(bone_left_arm1) {transformation: [-1f,0f,0f,0.25f,0f,0.9929f,0.119f,1.3196f,0f,0.119f,-0.9929f,0.0444f,0f,0f,0f,1f],start_interpolation: 0,interpolation_duration: 1}
$data merge entity $(bone_right_arm1) {transformation: [-1f,0f,0f,-0.25f,0f,0.9968f,0.0805f,1.3196f,0f,0.0805f,-0.9968f,0.0444f,0f,0f,0f,1f],start_interpolation: 0,interpolation_duration: 1}
data modify entity @s data merge value {"cameras":{},"locators":{"mouse":{"posx":-3.869405348750533e-17,"posy":1.3236563120700664,"posz":0.31596092452489677,"roty":0,"rotx":32.98126204436427},"left_arm":{"posx":0.3125,"posy":0.636940059980517,"posz":-0.0374501923659432,"roty":0,"rotx":6.834330498417721},"right_arm":{"posx":-0.3125,"posy":0.6342879280255407,"posz":-0.011004128755874358,"roty":0,"rotx":4.619140624999999}}}