# This file was generated by Animated Java via MC-Build. It is not recommended to edit this file directly.
$data merge entity $(bone_eyes) {transformation: [-1f,0f,0f,-0.0156f,0f,0.8519f,0.5237f,1.5423f,0f,0.5237f,-0.8519f,0.4493f,0f,0f,0f,1f],start_interpolation: 0,interpolation_duration: 1}
$data merge entity $(bone_head) {transformation: [-1f,0f,0f,0f,0f,0.8519f,0.5237f,1.3811f,0f,0.5237f,-0.8519f,0.0552f,0f,0f,0f,1f],start_interpolation: 0,interpolation_duration: 1}
$data merge entity $(bone_fabric_overray) {transformation: [-1f,0f,0f,0f,0f,0.3908f,0.9205f,1.3811f,0f,0.9205f,-0.3908f,0.0552f,0f,0f,0f,1f],start_interpolation: 0,interpolation_duration: 1}
$data merge entity $(bone_fabric) {transformation: [-1f,0f,0f,0f,0f,0.3908f,0.9205f,1.3811f,0f,0.9205f,-0.3908f,0.0552f,0f,0f,0f,1f],start_interpolation: 0,interpolation_duration: 1}
$data merge entity $(bone_bone_overray) {transformation: [-1f,0f,0f,0f,0f,0.3364f,0.9417f,1.3811f,0f,0.9417f,-0.3364f,0.0552f,0f,0f,0f,1f],start_interpolation: 0,interpolation_duration: 1}
$data merge entity $(bone_bone) {transformation: [-1f,0f,0f,0f,0f,0.3364f,0.9417f,1.3811f,0f,0.9417f,-0.3364f,0.0552f,0f,0f,0f,1f],start_interpolation: 0,interpolation_duration: 1}
$data merge entity $(bone_left_arm1) {transformation: [-1f,0f,0f,0.25f,0f,0.9992f,0.0398f,1.3196f,0f,0.0398f,-0.9992f,0.0444f,0f,0f,0f,1f],start_interpolation: 0,interpolation_duration: 1}
$data merge entity $(bone_right_arm1) {transformation: [-1f,0f,0f,-0.25f,0f,1f,0f,1.3196f,0f,0f,-1f,0.0444f,0f,0f,0f,1f],start_interpolation: 0,interpolation_duration: 1}
data modify entity @s data merge value {"cameras":{},"locators":{"mouse":{"posx":-3.885616934196856e-17,"posy":1.3300338226953048,"posz":0.31728470093599026,"roty":0,"rotx":31.583500758538694},"left_arm":{"posx":0.3125,"posy":0.6325984887634652,"posz":0.01702895572433325,"roty":0,"rotx":2.2784810126582276},"right_arm":{"posx":-0.3125,"posy":0.6320549493572353,"posz":0.04436155985346955,"roty":0,"rotx":0}}}