# This file was generated by Animated Java via MC-Build. It is not recommended to edit this file directly.
$data merge entity $(bone_eyes) {transformation: [-1f,0f,0f,-0.0156f,0f,0.8649f,0.5019f,1.5523f,0f,0.5019f,-0.8649f,0.445f,0f,0f,0f,1f],start_interpolation: 0,interpolation_duration: 1}
$data merge entity $(bone_head) {transformation: [-1f,0f,0f,0f,0f,0.8649f,0.5019f,1.3811f,0f,0.5019f,-0.8649f,0.0552f,0f,0f,0f,1f],start_interpolation: 0,interpolation_duration: 1}
$data merge entity $(bone_fabric_overray) {transformation: [-1f,0f,0f,0f,0f,0.3798f,0.9251f,1.3811f,0f,0.9251f,-0.3798f,0.0552f,0f,0f,0f,1f],start_interpolation: 0,interpolation_duration: 1}
$data merge entity $(bone_fabric) {transformation: [-1f,0f,0f,0f,0f,0.3798f,0.9251f,1.3811f,0f,0.9251f,-0.3798f,0.0552f,0f,0f,0f,1f],start_interpolation: 0,interpolation_duration: 1}
$data merge entity $(bone_bone_overray) {transformation: [-1f,0f,0f,0f,0f,0.3387f,0.9409f,1.3811f,0f,0.9409f,-0.3387f,0.0552f,0f,0f,0f,1f],start_interpolation: 0,interpolation_duration: 1}
$data merge entity $(bone_bone) {transformation: [-1f,0f,0f,0f,0f,0.3387f,0.9409f,1.3811f,0f,0.9409f,-0.3387f,0.0552f,0f,0f,0f,1f],start_interpolation: 0,interpolation_duration: 1}
$data merge entity $(bone_left_arm1) {transformation: [-1f,0f,0f,0.25f,0f,0.9998f,-0.0206f,1.3196f,0f,-0.0206f,-0.9998f,0.0444f,0f,0f,0f,1f],start_interpolation: 0,interpolation_duration: 1}
$data merge entity $(bone_right_arm1) {transformation: [-1f,0f,0f,-0.25f,0f,0.9981f,-0.0614f,1.3196f,0f,-0.0614f,-0.9981f,0.0444f,0f,0f,0f,1f],start_interpolation: 0,interpolation_duration: 1}
data modify entity @s data merge value {"cameras":{},"locators":{"mouse":{"posx":-3.900507715157488e-17,"posy":1.336726204588483,"posz":0.3185006254761107,"roty":0,"rotx":30.12382631514208},"left_arm":{"posx":0.3125,"posy":0.6322003079481099,"posz":0.05849828271744101,"roty":0,"rotx":-1.1782278481012687},"right_arm":{"posx":-0.3125,"posy":0.6333519678464284,"posz":0.08657196337771146,"roty":0,"rotx":-3.520000000000003}}}