# This file was generated by Animated Java via MC-Build. It is not recommended to edit this file directly.
$data merge entity $(bone_eyes) {transformation: [-1f,0f,0f,-0.0156f,0f,0.8779f,0.4789f,1.5625f,0f,0.4789f,-0.8779f,0.4404f,0f,0f,0f,1f],start_interpolation: 0,interpolation_duration: 1}
$data merge entity $(bone_head) {transformation: [-1f,0f,0f,0f,0f,0.8779f,0.4789f,1.3811f,0f,0.4789f,-0.8779f,0.0552f,0f,0f,0f,1f],start_interpolation: 0,interpolation_duration: 1}
$data merge entity $(bone_fabric_overray) {transformation: [-1f,0f,0f,0f,0f,0.3712f,0.9286f,1.3811f,0f,0.9286f,-0.3712f,0.0552f,0f,0f,0f,1f],start_interpolation: 0,interpolation_duration: 1}
$data merge entity $(bone_fabric) {transformation: [-1f,0f,0f,0f,0f,0.3712f,0.9286f,1.3811f,0f,0.9286f,-0.3712f,0.0552f,0f,0f,0f,1f],start_interpolation: 0,interpolation_duration: 1}
$data merge entity $(bone_bone_overray) {transformation: [-1f,0f,0f,0f,0f,0.3442f,0.9389f,1.3811f,0f,0.9389f,-0.3442f,0.0552f,0f,0f,0f,1f],start_interpolation: 0,interpolation_duration: 1}
$data merge entity $(bone_bone) {transformation: [-1f,0f,0f,0f,0f,0.3442f,0.9389f,1.3811f,0f,0.9389f,-0.3442f,0.0552f,0f,0f,0f,1f],start_interpolation: 0,interpolation_duration: 1}
$data merge entity $(bone_left_arm1) {transformation: [-1f,0f,0f,0.25f,0f,0.9996f,-0.0271f,1.3196f,0f,-0.0271f,-0.9996f,0.0444f,0f,0f,0f,1f],start_interpolation: 0,interpolation_duration: 1}
$data merge entity $(bone_right_arm1) {transformation: [-1f,0f,0f,-0.25f,0f,0.9976f,-0.0691f,1.3196f,0f,-0.0691f,-0.9976f,0.0444f,0f,0f,0f,1f],start_interpolation: 0,interpolation_duration: 1}
data modify entity @s data merge value {"cameras":{},"locators":{"mouse":{"posx":-3.913694196574908e-17,"posy":1.3436706119100186,"posz":0.3195773833973824,"roty":0,"rotx":28.61576940423962},"left_arm":{"posx":0.3125,"posy":0.6323081100174166,"posz":0.063017170736786,"roty":0,"rotx":-1.5549367088607595},"right_arm":{"posx":-0.3125,"posy":0.6336963512338928,"posz":0.09184032753212354,"roty":0,"rotx":-3.960000000000001}}}