# This file was generated by Animated Java via MC-Build. It is not recommended to edit this file directly.
$data merge entity $(bone_eyes) {transformation: [-1f,0f,0f,-0.0156f,0f,0.8904f,0.4551f,1.5728f,0f,0.4551f,-0.8904f,0.4354f,0f,0f,0f,1f],start_interpolation: 0,interpolation_duration: 1}
$data merge entity $(bone_head) {transformation: [-1f,0f,0f,0f,0f,0.8904f,0.4551f,1.3811f,0f,0.4551f,-0.8904f,0.0552f,0f,0f,0f,1f],start_interpolation: 0,interpolation_duration: 1}
$data merge entity $(bone_fabric_overray) {transformation: [-1f,0f,0f,0f,0f,0.3665f,0.9304f,1.3811f,0f,0.9304f,-0.3665f,0.0552f,0f,0f,0f,1f],start_interpolation: 0,interpolation_duration: 1}
$data merge entity $(bone_fabric) {transformation: [-1f,0f,0f,0f,0f,0.3665f,0.9304f,1.3811f,0f,0.9304f,-0.3665f,0.0552f,0f,0f,0f,1f],start_interpolation: 0,interpolation_duration: 1}
$data merge entity $(bone_bone_overray) {transformation: [-1f,0f,0f,0f,0f,0.3529f,0.9357f,1.3811f,0f,0.9357f,-0.3529f,0.0552f,0f,0f,0f,1f],start_interpolation: 0,interpolation_duration: 1}
$data merge entity $(bone_bone) {transformation: [-1f,0f,0f,0f,0f,0.3529f,0.9357f,1.3811f,0f,0.9357f,-0.3529f,0.0552f,0f,0f,0f,1f],start_interpolation: 0,interpolation_duration: 1}
$data merge entity $(bone_left_arm1) {transformation: [-1f,0f,0f,0.25f,0f,1f,-0.003f,1.3196f,0f,-0.003f,-1f,0.0444f,0f,0f,0f,1f],start_interpolation: 0,interpolation_duration: 1}
$data merge entity $(bone_right_arm1) {transformation: [-1f,0f,0f,-0.25f,0f,0.9989f,-0.0461f,1.3196f,0f,-0.0461f,-0.9989f,0.0444f,0f,0f,0f,1f],start_interpolation: 0,interpolation_duration: 1}
data modify entity @s data merge value {"cameras":{},"locators":{"mouse":{"posx":-3.92486428823741e-17,"posy":1.3508023068754347,"posz":0.3204894906000696,"roty":0,"rotx":27.072860715896496},"left_arm":{"posx":0.3125,"posy":0.6320580344079922,"posz":0.04642115575398728,"roty":0,"rotx":-0.17164556962025604},"right_arm":{"posx":-0.3125,"posy":0.6327846226627425,"posz":0.07602807800655546,"roty":0,"rotx":-2.640000000000003}}}