# This file was generated by Animated Java via MC-Build. It is not recommended to edit this file directly.
$data merge entity $(bone_eyes) {transformation: [-1f,0f,0f,-0.0156f,0f,0.9919f,-0.1271f,1.8245f,0f,-0.1271f,-0.9919f,0.2607f,0f,0f,0f,1f],start_interpolation: 0,interpolation_duration: 1}
$data merge entity $(bone_head) {transformation: [-1f,0f,0f,0f,0f,0.9919f,-0.1271f,1.4516f,0f,-0.1271f,-0.9919f,0.0552f,0f,0f,0f,1f],start_interpolation: 0,interpolation_duration: 1}
$data merge entity $(bone_fabric_overray) {transformation: [-1f,0f,0f,0f,0f,0.9535f,0.3013f,1.4516f,0f,0.3013f,-0.9535f,0.0552f,0f,0f,0f,1f],start_interpolation: 0,interpolation_duration: 1}
$data merge entity $(bone_fabric) {transformation: [-1f,0f,0f,0f,0f,0.9535f,0.3013f,1.4516f,0f,0.3013f,-0.9535f,0.0552f,0f,0f,0f,1f],start_interpolation: 0,interpolation_duration: 1}
$data merge entity $(bone_bone_overray) {transformation: [-1f,0f,0f,0f,0f,0.9461f,0.3237f,1.4516f,0f,0.3237f,-0.9461f,0.0552f,0f,0f,0f,1f],start_interpolation: 0,interpolation_duration: 1}
$data merge entity $(bone_bone) {transformation: [-1f,0f,0f,0f,0f,0.9461f,0.3237f,1.4516f,0f,0.3237f,-0.9461f,0.0552f,0f,0f,0f,1f],start_interpolation: 0,interpolation_duration: 1}
$data merge entity $(bone_left_arm1) {transformation: [-1f,0f,0f,0.25f,0f,0.5518f,-0.834f,1.3901f,0f,-0.834f,-0.5518f,0.0444f,0f,0f,0f,1f],start_interpolation: 0,interpolation_duration: 1}
$data merge entity $(bone_right_arm1) {transformation: [-1f,0f,0f,-0.25f,0f,0.5481f,-0.8364f,1.3901f,0f,-0.8364f,-0.5481f,0.0444f,0f,0f,0f,1f],start_interpolation: 0,interpolation_duration: 1}
data modify entity @s data merge value {"cameras":{},"locators":{"mouse":{"posx":-3.5670776132353e-17,"posy":1.5763652531305818,"posz":0.29127399146585264,"roty":0,"rotx":-7.30086481565772},"left_arm":{"posx":0.31249999999999994,"posy":1.0106935740750054,"posz":0.617721130231409,"roty":0,"rotx":-56.50952405757846},"right_arm":{"posx":-0.31250000000000006,"posy":1.0132306899164218,"posz":0.6193917568839234,"roty":0,"rotx":-56.76268861454051}}}