# This file was generated by Animated Java via MC-Build. It is not recommended to edit this file directly.
$data merge entity $(bone_eyes) {transformation: [-1f,0f,0f,-0.0156f,0f,0.914f,0.4057f,1.5934f,0f,0.4057f,-0.914f,0.4243f,0f,0f,0f,1f],start_interpolation: 0,interpolation_duration: 1}
$data merge entity $(bone_head) {transformation: [-1f,0f,0f,0f,0f,0.914f,0.4057f,1.3811f,0f,0.4057f,-0.914f,0.0552f,0f,0f,0f,1f],start_interpolation: 0,interpolation_duration: 1}
$data merge entity $(bone_fabric_overray) {transformation: [-1f,0f,0f,0f,0f,0.3764f,0.9265f,1.3811f,0f,0.9265f,-0.3764f,0.0552f,0f,0f,0f,1f],start_interpolation: 0,interpolation_duration: 1}
$data merge entity $(bone_fabric) {transformation: [-1f,0f,0f,0f,0f,0.3764f,0.9265f,1.3811f,0f,0.9265f,-0.3764f,0.0552f,0f,0f,0f,1f],start_interpolation: 0,interpolation_duration: 1}
$data merge entity $(bone_bone_overray) {transformation: [-1f,0f,0f,0f,0f,0.3806f,0.9248f,1.3811f,0f,0.9248f,-0.3806f,0.0552f,0f,0f,0f,1f],start_interpolation: 0,interpolation_duration: 1}
$data merge entity $(bone_bone) {transformation: [-1f,0f,0f,0f,0f,0.3806f,0.9248f,1.3811f,0f,0.9248f,-0.3806f,0.0552f,0f,0f,0f,1f],start_interpolation: 0,interpolation_duration: 1}
$data merge entity $(bone_left_arm1) {transformation: [-1f,0f,0f,0.25f,0f,0.999f,0.0453f,1.3196f,0f,0.0453f,-0.999f,0.0444f,0f,0f,0f,1f],start_interpolation: 0,interpolation_duration: 1}
$data merge entity $(bone_right_arm1) {transformation: [-1f,0f,0f,-0.25f,0f,1f,0f,1.3196f,0f,0f,-1f,0.0444f,0f,0f,0f,1f],start_interpolation: 0,interpolation_duration: 1}
data modify entity @s data merge value {"cameras":{},"locators":{"mouse":{"posx":-3.9403020266632775e-17,"posy":1.365361031887006,"posz":0.3217500776065939,"roty":0,"rotx":23.93661076714913},"left_arm":{"posx":0.3125,"posy":0.6327599292735177,"posz":0.013235198225326778,"roty":0,"rotx":2.594936708860759},"right_arm":{"posx":-0.3125,"posy":0.6320549493572353,"posz":0.04436155985346955,"roty":0,"rotx":0}}}