# This file was generated by Animated Java via MC-Build. It is not recommended to edit this file directly.
$data merge entity $(bone_eyes) {transformation: [-1f,0f,0f,-0.0156f,0f,0.9247f,0.3806f,1.6034f,0f,0.3806f,-0.9247f,0.4184f,0f,0f,0f,1f],start_interpolation: 0,interpolation_duration: 1}
$data merge entity $(bone_head) {transformation: [-1f,0f,0f,0f,0f,0.9247f,0.3806f,1.3811f,0f,0.3806f,-0.9247f,0.0552f,0f,0f,0f,1f],start_interpolation: 0,interpolation_duration: 1}
$data merge entity $(bone_fabric_overray) {transformation: [-1f,0f,0f,0f,0f,0.3942f,0.919f,1.3811f,0f,0.919f,-0.3942f,0.0552f,0f,0f,0f,1f],start_interpolation: 0,interpolation_duration: 1}
$data merge entity $(bone_fabric) {transformation: [-1f,0f,0f,0f,0f,0.3942f,0.919f,1.3811f,0f,0.919f,-0.3942f,0.0552f,0f,0f,0f,1f],start_interpolation: 0,interpolation_duration: 1}
$data merge entity $(bone_bone_overray) {transformation: [-1f,0f,0f,0f,0f,0.3998f,0.9166f,1.3811f,0f,0.9166f,-0.3998f,0.0552f,0f,0f,0f,1f],start_interpolation: 0,interpolation_duration: 1}
$data merge entity $(bone_bone) {transformation: [-1f,0f,0f,0f,0f,0.3998f,0.9166f,1.3811f,0f,0.9166f,-0.3998f,0.0552f,0f,0f,0f,1f],start_interpolation: 0,interpolation_duration: 1}
$data merge entity $(bone_left_arm1) {transformation: [-1f,0.004f,0.0015f,0.25f,0.0041f,0.9989f,0.0471f,1.3185f,-0.0013f,0.0471f,-0.9989f,0.0447f,0f,0f,0f,1f],start_interpolation: 0,interpolation_duration: 1}
$data merge entity $(bone_right_arm1) {transformation: [-1f,0.0041f,0.0013f,-0.25f,0.0041f,1f,0.0007f,1.3206f,-0.0013f,0.0007f,-1f,0.044f,0f,0f,0f,1f],start_interpolation: 0,interpolation_duration: 1}
data modify entity @s data merge value {"cameras":{},"locators":{"mouse":{"posx":-3.944352700144595e-17,"posy":1.3726522190262378,"posz":0.322080840197419,"roty":0,"rotx":22.370330886875227},"left_arm":{"posx":0.30973689213974287,"posy":0.6315477962249698,"posz":0.012397284694336222,"roty":0.08329006976578057,"rotx":2.6974164378644545},"right_arm":{"posx":-0.3153007407823667,"posy":0.6333354589659743,"posz":0.0434933034115677,"roty":0.07243951414565686,"rotx":0.03921071856026346}}}