# This file was generated by Animated Java via MC-Build. It is not recommended to edit this file directly.
$data merge entity $(bone_eyes) {transformation: [-1f,0f,0f,-0.0156f,0f,0.9347f,0.3555f,1.6131f,0f,0.3555f,-0.9347f,0.4123f,0f,0f,0f,1f],start_interpolation: 0,interpolation_duration: 1}
$data merge entity $(bone_head) {transformation: [-1f,0f,0f,0f,0f,0.9347f,0.3555f,1.3811f,0f,0.3555f,-0.9347f,0.0552f,0f,0f,0f,1f],start_interpolation: 0,interpolation_duration: 1}
$data merge entity $(bone_fabric_overray) {transformation: [-1f,0f,0f,0f,0f,0.4226f,0.9063f,1.3811f,0f,0.9063f,-0.4226f,0.0552f,0f,0f,0f,1f],start_interpolation: 0,interpolation_duration: 1}
$data merge entity $(bone_fabric) {transformation: [-1f,0f,0f,0f,0f,0.4226f,0.9063f,1.3811f,0f,0.9063f,-0.4226f,0.0552f,0f,0f,0f,1f],start_interpolation: 0,interpolation_duration: 1}
$data merge entity $(bone_bone_overray) {transformation: [-1f,0f,0f,0f,0f,0.4226f,0.9063f,1.3811f,0f,0.9063f,-0.4226f,0.0552f,0f,0f,0f,1f],start_interpolation: 0,interpolation_duration: 1}
$data merge entity $(bone_bone) {transformation: [-1f,0f,0f,0f,0f,0.4226f,0.9063f,1.3811f,0f,0.9063f,-0.4226f,0.0552f,0f,0f,0f,1f],start_interpolation: 0,interpolation_duration: 1}
$data merge entity $(bone_left_arm1) {transformation: [-1f,0f,0f,0.25f,0f,0.9989f,0.0475f,1.3196f,0f,0.0475f,-0.9989f,0.0444f,0f,0f,0f,1f],start_interpolation: 0,interpolation_duration: 1}
$data merge entity $(bone_right_arm1) {transformation: [-1f,0f,0f,-0.25f,0f,1f,0f,1.3196f,0f,0f,-1f,0.0444f,0f,0f,0f,1f],start_interpolation: 0,interpolation_duration: 1}
data modify entity @s data merge value {"cameras":{},"locators":{"mouse":{"posx":-3.945956286012703e-17,"posy":1.3798599203658273,"posz":0.3222117829205965,"roty":0,"rotx":20.823321989421462},"left_arm":{"posx":0.3125,"posy":0.6328303720797478,"posz":0.011717954613603435,"roty":0,"rotx":2.721518987341772},"right_arm":{"posx":-0.3125,"posy":0.6320549493572353,"posz":0.04436155985346955,"roty":0,"rotx":0}}}