# This file was generated by Animated Java via MC-Build. It is not recommended to edit this file directly.
$data merge entity $(bone_eyes) {transformation: [-1f,0f,0f,-0.0156f,0f,0.9437f,0.3307f,1.6224f,0f,0.3307f,-0.9437f,0.406f,0f,0f,0f,1f],start_interpolation: 0,interpolation_duration: 1}
$data merge entity $(bone_head) {transformation: [-1f,0f,0f,0f,0f,0.9437f,0.3307f,1.3811f,0f,0.3307f,-0.9437f,0.0552f,0f,0f,0f,1f],start_interpolation: 0,interpolation_duration: 1}
$data merge entity $(bone_fabric_overray) {transformation: [-1f,0f,0f,0f,0f,0.4439f,0.8961f,1.3811f,0f,0.8961f,-0.4439f,0.0552f,0f,0f,0f,1f],start_interpolation: 0,interpolation_duration: 1}
$data merge entity $(bone_fabric) {transformation: [-1f,0f,0f,0f,0f,0.4439f,0.8961f,1.3811f,0f,0.8961f,-0.4439f,0.0552f,0f,0f,0f,1f],start_interpolation: 0,interpolation_duration: 1}
$data merge entity $(bone_bone_overray) {transformation: [-1f,0f,0f,0f,0f,0.4788f,0.8779f,1.3811f,0f,0.8779f,-0.4788f,0.0552f,0f,0f,0f,1f],start_interpolation: 0,interpolation_duration: 1}
$data merge entity $(bone_bone) {transformation: [-1f,0f,0f,0f,0f,0.4788f,0.8779f,1.3811f,0f,0.8779f,-0.4788f,0.0552f,0f,0f,0f,1f],start_interpolation: 0,interpolation_duration: 1}
$data merge entity $(bone_left_arm1) {transformation: [-0.9977f,-0.0644f,-0.0226f,0.2494f,-0.0652f,0.9972f,0.0359f,1.3359f,0.0202f,0.0372f,-0.9991f,0.0393f,0f,0f,0f,1f],start_interpolation: 0,interpolation_duration: 1}
$data merge entity $(bone_right_arm1) {transformation: [-0.9977f,-0.0654f,-0.0194f,-0.2494f,-0.0652f,0.9978f,-0.0126f,1.3033f,0.0202f,-0.0113f,-0.9997f,0.0494f,0f,0f,0f,1f],start_interpolation: 0,interpolation_duration: 1}
data modify entity @s data merge value {"cameras":{},"locators":{"mouse":{"posx":-3.94521755385541e-17,"posy":1.3869157099970617,"posz":0.32215146086220325,"roty":0,"rotx":19.30911476485299},"left_arm":{"posx":0.3560545103311999,"posy":0.6543339732285217,"posz":0.01244387523865128,"roty":358.7062870982101,"rotx":2.0551106364947596},"right_arm":{"posx":-0.26678680976992647,"posy":0.6131992475283374,"posz":0.05846548223663016,"roty":358.8879014682598,"rotx":-0.7237730568909645}}}