# This file was generated by Animated Java via MC-Build. It is not recommended to edit this file directly.
$data merge entity $(bone_eyes) {transformation: [-1f,0f,0f,-0.0156f,0f,0.9519f,0.3064f,1.6313f,0f,0.3064f,-0.9519f,0.3997f,0f,0f,0f,1f],start_interpolation: 0,interpolation_duration: 1}
$data merge entity $(bone_head) {transformation: [-1f,0f,0f,0f,0f,0.9519f,0.3064f,1.3811f,0f,0.3064f,-0.9519f,0.0552f,0f,0f,0f,1f],start_interpolation: 0,interpolation_duration: 1}
$data merge entity $(bone_fabric_overray) {transformation: [-1f,0f,0f,0f,0f,0.4696f,0.8829f,1.3811f,0f,0.8829f,-0.4696f,0.0552f,0f,0f,0f,1f],start_interpolation: 0,interpolation_duration: 1}
$data merge entity $(bone_fabric) {transformation: [-1f,0f,0f,0f,0f,0.4696f,0.8829f,1.3811f,0f,0.8829f,-0.4696f,0.0552f,0f,0f,0f,1f],start_interpolation: 0,interpolation_duration: 1}
$data merge entity $(bone_bone_overray) {transformation: [-1f,0f,0f,0f,0f,0.5536f,0.8328f,1.3811f,0f,0.8328f,-0.5536f,0.0552f,0f,0f,0f,1f],start_interpolation: 0,interpolation_duration: 1}
$data merge entity $(bone_bone) {transformation: [-1f,0f,0f,0f,0f,0.5536f,0.8328f,1.3811f,0f,0.8328f,-0.5536f,0.0552f,0f,0f,0f,1f],start_interpolation: 0,interpolation_duration: 1}
$data merge entity $(bone_left_arm1) {transformation: [-0.9952f,0.0848f,0.0479f,0.2488f,0.0872f,0.995f,0.0495f,1.2978f,-0.0435f,0.0534f,-0.9976f,0.0552f,0f,0f,0f,1f],start_interpolation: 0,interpolation_duration: 1}
$data merge entity $(bone_right_arm1) {transformation: [-0.9952f,0.0871f,0.0436f,-0.2488f,0.0872f,0.9962f,0f,1.3413f,-0.0435f,0.0038f,-0.999f,0.0335f,0f,0f,0f,1f],start_interpolation: 0,interpolation_duration: 1}
data modify entity @s data merge value {"cameras":{},"locators":{"mouse":{"posx":-3.9423220564123414e-17,"posy":1.3937517779968798,"posz":0.3219150255532566,"roty":0,"rotx":17.84123990323508},"left_arm":{"posx":0.2527160133036722,"posy":0.6082809106484618,"posz":0.02120214537882223,"roty":2.7484314806703765,"rotx":2.8372544961701696},"right_arm":{"posx":-0.3708770871941065,"posy":0.6619072640276885,"posz":0.028168716523632925,"roty":2.4999999999576517,"rotx":4.700598914326864e-12}}}