# This file was generated by Animated Java via MC-Build. It is not recommended to edit this file directly.
$data merge entity $(bone_eyes) {transformation: [-1f,0f,0f,-0.0156f,0f,0.9592f,0.2829f,1.6397f,0f,0.2829f,-0.9592f,0.3934f,0f,0f,0f,1f],start_interpolation: 0,interpolation_duration: 1}
$data merge entity $(bone_head) {transformation: [-1f,0f,0f,0f,0f,0.9592f,0.2829f,1.3811f,0f,0.2829f,-0.9592f,0.0552f,0f,0f,0f,1f],start_interpolation: 0,interpolation_duration: 1}
$data merge entity $(bone_fabric_overray) {transformation: [-1f,0f,0f,0f,0f,0.499f,0.8666f,1.3811f,0f,0.8666f,-0.499f,0.0552f,0f,0f,0f,1f],start_interpolation: 0,interpolation_duration: 1}
$data merge entity $(bone_fabric) {transformation: [-1f,0f,0f,0f,0f,0.499f,0.8666f,1.3811f,0f,0.8666f,-0.499f,0.0552f,0f,0f,0f,1f],start_interpolation: 0,interpolation_duration: 1}
$data merge entity $(bone_bone_overray) {transformation: [-1f,0f,0f,0f,0f,0.6378f,0.7702f,1.3811f,0f,0.7702f,-0.6378f,0.0552f,0f,0f,0f,1f],start_interpolation: 0,interpolation_duration: 1}
$data merge entity $(bone_bone) {transformation: [-1f,0f,0f,0f,0f,0.6378f,0.7702f,1.3811f,0f,0.7702f,-0.6378f,0.0552f,0f,0f,0f,1f],start_interpolation: 0,interpolation_duration: 1}
$data merge entity $(bone_left_arm1) {transformation: [-0.999f,-0.0035f,-0.0435f,0.2498f,0f,0.9968f,-0.08f,1.3196f,0.0436f,-0.0799f,-0.9958f,0.0335f,0f,0f,0f,1f],start_interpolation: 0,interpolation_duration: 1}
$data merge entity $(bone_right_arm1) {transformation: [-0.999f,-0.0057f,-0.0432f,-0.2498f,0f,0.9914f,-0.1305f,1.3196f,0.0436f,-0.1304f,-0.9905f,0.0553f,0f,0f,0f,1f],start_interpolation: 0,interpolation_duration: 1}
data modify entity @s data merge value {"cameras":{},"locators":{"mouse":{"posx":-3.937530354603286e-17,"posy":1.4003013148041135,"posz":0.3215237534074925,"roty":0,"rotx":16.433228094632835},"left_arm":{"posx":0.31460165738745444,"posy":0.6342585208482923,"posz":0.08567865367617251,"roty":357.5000000000215,"rotx":-4.588607594923378},"right_arm":{"posx":-0.3082883068738853,"posy":0.6379366071629916,"posz":0.14764396604738222,"roty":357.5000000000189,"rotx":-7.4999999999866676}}}