# This file was generated by Animated Java via MC-Build. It is not recommended to edit this file directly.
$data merge entity $(bone_eyes) {transformation: [-1f,0f,0f,-0.0156f,0f,0.9655f,0.2605f,1.6475f,0f,0.2605f,-0.9655f,0.3873f,0f,0f,0f,1f],start_interpolation: 0,interpolation_duration: 1}
$data merge entity $(bone_head) {transformation: [-1f,0f,0f,0f,0f,0.9655f,0.2605f,1.3811f,0f,0.2605f,-0.9655f,0.0552f,0f,0f,0f,1f],start_interpolation: 0,interpolation_duration: 1}
$data merge entity $(bone_fabric_overray) {transformation: [-1f,0f,0f,0f,0f,0.5314f,0.8471f,1.3811f,0f,0.8471f,-0.5314f,0.0552f,0f,0f,0f,1f],start_interpolation: 0,interpolation_duration: 1}
$data merge entity $(bone_fabric) {transformation: [-1f,0f,0f,0f,0f,0.5314f,0.8471f,1.3811f,0f,0.8471f,-0.5314f,0.0552f,0f,0f,0f,1f],start_interpolation: 0,interpolation_duration: 1}
$data merge entity $(bone_bone_overray) {transformation: [-1f,0f,0f,0f,0f,0.7225f,0.6914f,1.3811f,0f,0.6914f,-0.7225f,0.0552f,0f,0f,0f,1f],start_interpolation: 0,interpolation_duration: 1}
$data merge entity $(bone_bone) {transformation: [-1f,0f,0f,0f,0f,0.7225f,0.6914f,1.3811f,0f,0.6914f,-0.7225f,0.0552f,0f,0f,0f,1f],start_interpolation: 0,interpolation_duration: 1}
$data merge entity $(bone_left_arm1) {transformation: [-0.999f,-0.0023f,0.0436f,0.2498f,0.0019f,0.9954f,0.0954f,1.3191f,-0.0436f,0.0954f,-0.9945f,0.0553f,0f,0f,0f,1f],start_interpolation: 0,interpolation_duration: 1}
$data merge entity $(bone_right_arm1) {transformation: [-0.999f,0f,0.0436f,-0.2498f,0.0019f,0.999f,0.0436f,1.32f,-0.0436f,0.0436f,-0.9981f,0.0335f,0f,0f,0f,1f],start_interpolation: 0,interpolation_duration: 1}
data modify entity @s data merge value {"cameras":{},"locators":{"mouse":{"posx":-3.931170237189273e-17,"posy":1.4064988138590548,"posz":0.32100441040847916,"roty":0,"rotx":15.098610029111489},"left_arm":{"posx":0.31375880460743355,"posy":0.6345949545630597,"posz":-0.007578001781928995,"roty":2.508067234314211,"rotx":5.472297177534728},"right_arm":{"posx":-0.31220256924418144,"posy":0.6333038754428029,"posz":0.0007551462355103178,"roty":2.502378686829985,"rotx":2.4976190448960014}}}