# This file was generated by Animated Java via MC-Build. It is not recommended to edit this file directly.
$data merge entity $(bone_eyes) {transformation: [-1f,0f,0f,-0.0156f,0f,0.9709f,0.2394f,1.6547f,0f,0.2394f,-0.9709f,0.3815f,0f,0f,0f,1f],start_interpolation: 0,interpolation_duration: 1}
$data merge entity $(bone_head) {transformation: [-1f,0f,0f,0f,0f,0.9709f,0.2394f,1.3811f,0f,0.2394f,-0.9709f,0.0552f,0f,0f,0f,1f],start_interpolation: 0,interpolation_duration: 1}
$data merge entity $(bone_fabric_overray) {transformation: [-1f,0f,0f,0f,0f,0.566f,0.8244f,1.3811f,0f,0.8244f,-0.566f,0.0552f,0f,0f,0f,1f],start_interpolation: 0,interpolation_duration: 1}
$data merge entity $(bone_fabric) {transformation: [-1f,0f,0f,0f,0f,0.566f,0.8244f,1.3811f,0f,0.8244f,-0.566f,0.0552f,0f,0f,0f,1f],start_interpolation: 0,interpolation_duration: 1}
$data merge entity $(bone_bone_overray) {transformation: [-1f,0f,0f,0f,0f,0.7999f,0.6001f,1.3811f,0f,0.6001f,-0.7999f,0.0552f,0f,0f,0f,1f],start_interpolation: 0,interpolation_duration: 1}
$data merge entity $(bone_bone) {transformation: [-1f,0f,0f,0f,0f,0.7999f,0.6001f,1.3811f,0f,0.6001f,-0.7999f,0.0552f,0f,0f,0f,1f],start_interpolation: 0,interpolation_duration: 1}
$data merge entity $(bone_left_arm1) {transformation: [-1f,0f,0f,0.25f,0f,0.9742f,0.2256f,1.3196f,0f,0.2256f,-0.9742f,0.0444f,0f,0f,0f,1f],start_interpolation: 0,interpolation_duration: 1}
$data merge entity $(bone_right_arm1) {transformation: [-1f,0f,0f,-0.25f,0f,0.9848f,0.1736f,1.3196f,0f,0.1736f,-0.9848f,0.0444f,0f,0f,0f,1f],start_interpolation: 0,interpolation_duration: 1}
data modify entity @s data merge value {"cameras":{},"locators":{"mouse":{"posx":-3.923627033428319e-17,"posy":1.4122802715059564,"posz":0.32038846107792884,"roty":0,"rotx":13.85091639673623},"left_arm":{"posx":0.3125,"posy":0.649778178925566,"posz":-0.11073624087279156,"roty":0,"rotx":13.037974683544306},"right_arm":{"posx":-0.3125,"posy":0.6424996191613421,"posz":-0.07502156229254506,"roty":0,"rotx":10.000000000000002}}}