# This file was generated by Animated Java via MC-Build. It is not recommended to edit this file directly.
$data merge entity $(bone_eyes) {transformation: [-1f,0f,0f,-0.0156f,0f,0.9755f,0.2199f,1.6612f,0f,0.2199f,-0.9755f,0.3759f,0f,0f,0f,1f],start_interpolation: 0,interpolation_duration: 1}
$data merge entity $(bone_head) {transformation: [-1f,0f,0f,0f,0f,0.9755f,0.2199f,1.3811f,0f,0.2199f,-0.9755f,0.0552f,0f,0f,0f,1f],start_interpolation: 0,interpolation_duration: 1}
$data merge entity $(bone_fabric_overray) {transformation: [-1f,0f,0f,0f,0f,0.6021f,0.7984f,1.3811f,0f,0.7984f,-0.6021f,0.0552f,0f,0f,0f,1f],start_interpolation: 0,interpolation_duration: 1}
$data merge entity $(bone_fabric) {transformation: [-1f,0f,0f,0f,0f,0.6021f,0.7984f,1.3811f,0f,0.7984f,-0.6021f,0.0552f,0f,0f,0f,1f],start_interpolation: 0,interpolation_duration: 1}
$data merge entity $(bone_bone_overray) {transformation: [-1f,0f,0f,0f,0f,0.8644f,0.5028f,1.3811f,0f,0.5028f,-0.8644f,0.0552f,0f,0f,0f,1f],start_interpolation: 0,interpolation_duration: 1}
$data merge entity $(bone_bone) {transformation: [-1f,0f,0f,0f,0f,0.8644f,0.5028f,1.3811f,0f,0.5028f,-0.8644f,0.0552f,0f,0f,0f,1f],start_interpolation: 0,interpolation_duration: 1}
$data merge entity $(bone_left_arm1) {transformation: [-1f,-0.0002f,-0.0025f,0.25f,-0.0001f,0.9986f,-0.0522f,1.3196f,0.0025f,-0.0522f,-0.9986f,0.0437f,0f,0f,0f,1f],start_interpolation: 0,interpolation_duration: 1}
$data merge entity $(bone_right_arm1) {transformation: [-1f,-0.0004f,-0.0025f,-0.25f,-0.0001f,0.9944f,-0.1061f,1.3195f,0.0025f,-0.1061f,-0.9943f,0.045f,0f,0f,0f,1f],start_interpolation: 0,interpolation_duration: 1}
data modify entity @s data merge value {"cameras":{},"locators":{"mouse":{"posx":-3.91533212869425e-17,"posy":1.4175832680382077,"posz":0.3197111307048087,"roty":0,"rotx":12.703677887572265},"left_arm":{"posx":0.31266501132442875,"posy":0.6330265240664529,"posz":0.07945873867533043,"roty":359.85578973369695,"rotx":-2.9920596739281846},"right_arm":{"posx":-0.31223975090479344,"posy":0.635904755534121,"posz":0.11812639185714767,"roty":359.8561329171945,"rotx":-6.0933254778486}}}