# This file was generated by Animated Java via MC-Build. It is not recommended to edit this file directly.
$data merge entity $(bone_eyes) {transformation: [-1f,0f,0f,-0.0156f,0f,0.9852f,-0.1715f,1.8566f,0f,-0.1715f,-0.9852f,0.2438f,0f,0f,0f,1f],start_interpolation: 0,interpolation_duration: 1}
$data merge entity $(bone_head) {transformation: [-1f,0f,0f,0f,0f,0.9852f,-0.1715f,1.4749f,0f,-0.1715f,-0.9852f,0.0552f,0f,0f,0f,1f],start_interpolation: 0,interpolation_duration: 1}
$data merge entity $(bone_fabric_overray) {transformation: [-1f,0f,0f,0f,0f,0.9399f,0.3414f,1.4749f,0f,0.3414f,-0.9399f,0.0552f,0f,0f,0f,1f],start_interpolation: 0,interpolation_duration: 1}
$data merge entity $(bone_fabric) {transformation: [-1f,0f,0f,0f,0f,0.9399f,0.3414f,1.4749f,0f,0.3414f,-0.9399f,0.0552f,0f,0f,0f,1f],start_interpolation: 0,interpolation_duration: 1}
$data merge entity $(bone_bone_overray) {transformation: [-1f,0f,0f,0f,0f,0.9329f,0.3602f,1.4749f,0f,0.3602f,-0.9329f,0.0552f,0f,0f,0f,1f],start_interpolation: 0,interpolation_duration: 1}
$data merge entity $(bone_bone) {transformation: [-1f,0f,0f,0f,0f,0.9329f,0.3602f,1.4749f,0f,0.3602f,-0.9329f,0.0552f,0f,0f,0f,1f],start_interpolation: 0,interpolation_duration: 1}
$data merge entity $(bone_left_arm1) {transformation: [-1f,0f,0f,0.25f,0f,0.2093f,-0.9779f,1.4133f,0f,-0.9779f,-0.2093f,0.0444f,0f,0f,0f,1f],start_interpolation: 0,interpolation_duration: 1}
$data merge entity $(bone_right_arm1) {transformation: [-1f,0f,0f,-0.25f,0f,0.2039f,-0.979f,1.4133f,0f,-0.979f,-0.2039f,0.0444f,0f,0f,0f,1f],start_interpolation: 0,interpolation_duration: 1}
data modify entity @s data merge value {"cameras":{},"locators":{"mouse":{"posx":-3.4954800906759414e-17,"posy":1.610099728143919,"posz":0.2854276100757893,"roty":0,"rotx":-9.87710514337733},"left_arm":{"posx":0.3124999999999999,"posy":1.2694368874570057,"posz":0.7166399476996592,"roty":0,"rotx":-77.92085568925701},"right_arm":{"posx":-0.3125000000000001,"posy":1.2731521868161628,"posz":0.717424300726938,"roty":0,"rotx":-78.23731138545952}}}