# This file was generated by Animated Java via MC-Build. It is not recommended to edit this file directly.
$data merge entity $(bone_eyes) {transformation: [-1f,0f,0f,-0.0156f,0f,0.9793f,0.2023f,1.6669f,0f,0.2023f,-0.9793f,0.3708f,0f,0f,0f,1f],start_interpolation: 0,interpolation_duration: 1}
$data merge entity $(bone_head) {transformation: [-1f,0f,0f,0f,0f,0.9793f,0.2023f,1.3811f,0f,0.2023f,-0.9793f,0.0552f,0f,0f,0f,1f],start_interpolation: 0,interpolation_duration: 1}
$data merge entity $(bone_fabric_overray) {transformation: [-1f,0f,0f,0f,0f,0.6388f,0.7693f,1.3811f,0f,0.7693f,-0.6388f,0.0552f,0f,0f,0f,1f],start_interpolation: 0,interpolation_duration: 1}
$data merge entity $(bone_fabric) {transformation: [-1f,0f,0f,0f,0f,0.6388f,0.7693f,1.3811f,0f,0.7693f,-0.6388f,0.0552f,0f,0f,0f,1f],start_interpolation: 0,interpolation_duration: 1}
$data merge entity $(bone_bone_overray) {transformation: [-1f,0f,0f,0f,0f,0.9132f,0.4075f,1.3811f,0f,0.4075f,-0.9132f,0.0552f,0f,0f,0f,1f],start_interpolation: 0,interpolation_duration: 1}
$data merge entity $(bone_bone) {transformation: [-1f,0f,0f,0f,0f,0.9132f,0.4075f,1.3811f,0f,0.4075f,-0.9132f,0.0552f,0f,0f,0f,1f],start_interpolation: 0,interpolation_duration: 1}
$data merge entity $(bone_left_arm1) {transformation: [-1f,-0.0016f,-0.0028f,0.25f,-0.0001f,0.8966f,-0.4427f,1.3196f,0.0032f,-0.4427f,-0.8966f,0.0436f,0f,0f,0f,1f],start_interpolation: 0,interpolation_duration: 1}
$data merge entity $(bone_right_arm1) {transformation: [-1f,-0.0017f,-0.0027f,-0.25f,-0.0001f,0.8708f,-0.4916f,1.3195f,0.0032f,-0.4916f,-0.8708f,0.0452f,0f,0f,0f,1f],start_interpolation: 0,interpolation_duration: 1}
data modify entity @s data merge value {"cameras":{},"locators":{"mouse":{"posx":-3.906749792330485e-17,"posy":1.422346919574642,"posz":0.3190103297579774,"roty":0,"rotx":11.670425191684792},"left_arm":{"posx":0.3135679978705368,"posy":0.7031547036193602,"posz":0.34773978544942497,"roty":359.81897065324154,"rotx":-26.27933823182349},"right_arm":{"posx":-0.3113228487622086,"posy":0.7208102235585772,"posz":0.38332370695380963,"roty":359.8195406754272,"rotx":-29.443895153741853}}}