# This file was generated by Animated Java via MC-Build. It is not recommended to edit this file directly.
$data merge entity $(bone_eyes) {transformation: [-1f,0f,0f,-0.0156f,0f,0.9824f,0.1868f,1.6719f,0f,0.1868f,-0.9824f,0.3662f,0f,0f,0f,1f],start_interpolation: 0,interpolation_duration: 1}
$data merge entity $(bone_head) {transformation: [-1f,0f,0f,0f,0f,0.9824f,0.1868f,1.3811f,0f,0.1868f,-0.9824f,0.0552f,0f,0f,0f,1f],start_interpolation: 0,interpolation_duration: 1}
$data merge entity $(bone_fabric_overray) {transformation: [-1f,0f,0f,0f,0f,0.6756f,0.7373f,1.3811f,0f,0.7373f,-0.6756f,0.0552f,0f,0f,0f,1f],start_interpolation: 0,interpolation_duration: 1}
$data merge entity $(bone_fabric) {transformation: [-1f,0f,0f,0f,0f,0.6756f,0.7373f,1.3811f,0f,0.7373f,-0.6756f,0.0552f,0f,0f,0f,1f],start_interpolation: 0,interpolation_duration: 1}
$data merge entity $(bone_bone_overray) {transformation: [-1f,0f,0f,0f,0f,0.9463f,0.3232f,1.3811f,0f,0.3232f,-0.9463f,0.0552f,0f,0f,0f,1f],start_interpolation: 0,interpolation_duration: 1}
$data merge entity $(bone_bone) {transformation: [-1f,0f,0f,0f,0f,0.9463f,0.3232f,1.3811f,0f,0.3232f,-0.9463f,0.0552f,0f,0f,0f,1f],start_interpolation: 0,interpolation_duration: 1}
$data merge entity $(bone_left_arm1) {transformation: [-1f,-0.0023f,-0.0015f,0.25f,-0.0001f,0.5906f,-0.807f,1.3196f,0.0027f,-0.807f,-0.5906f,0.0437f,0f,0f,0f,1f],start_interpolation: 0,interpolation_duration: 1}
$data merge entity $(bone_right_arm1) {transformation: [-1f,-0.0024f,-0.0014f,-0.25f,-0.0001f,0.5442f,-0.839f,1.3195f,0.0027f,-0.839f,-0.5442f,0.045f,0f,0f,0f,1f],start_interpolation: 0,interpolation_duration: 1}
data modify entity @s data merge value {"cameras":{},"locators":{"mouse":{"posx":-3.898362413215056e-17,"posy":1.426511697094355,"posz":0.318325448278577,"roty":0,"rotx":10.76468899913896},"left_arm":{"posx":0.31405861511523486,"posy":0.9135791480826587,"posz":0.5983140262721742,"roty":359.8531933016121,"rotx":-53.80294154576428},"right_arm":{"posx":-0.3108829588925428,"posy":0.9453884172433227,"posz":0.621997857289898,"roty":359.8543851955314,"rotx":-57.03078957627166}}}