# This file was generated by Animated Java via MC-Build. It is not recommended to edit this file directly.
$data merge entity $(bone_eyes) {transformation: [-1f,0f,0f,-0.0156f,0f,0.9848f,0.1736f,1.676f,0f,0.1736f,-0.9848f,0.3623f,0f,0f,0f,1f],start_interpolation: 0,interpolation_duration: 1}
$data merge entity $(bone_head) {transformation: [-1f,0f,0f,0f,0f,0.9848f,0.1736f,1.3811f,0f,0.1736f,-0.9848f,0.0552f,0f,0f,0f,1f],start_interpolation: 0,interpolation_duration: 1}
$data merge entity $(bone_fabric_overray) {transformation: [-1f,0f,0f,0f,0f,0.7117f,0.7025f,1.3811f,0f,0.7025f,-0.7117f,0.0552f,0f,0f,0f,1f],start_interpolation: 0,interpolation_duration: 1}
$data merge entity $(bone_fabric) {transformation: [-1f,0f,0f,0f,0f,0.7117f,0.7025f,1.3811f,0f,0.7025f,-0.7117f,0.0552f,0f,0f,0f,1f],start_interpolation: 0,interpolation_duration: 1}
$data merge entity $(bone_bone_overray) {transformation: [-1f,0f,0f,0f,0f,0.9659f,0.2588f,1.3811f,0f,0.2588f,-0.9659f,0.0552f,0f,0f,0f,1f],start_interpolation: 0,interpolation_duration: 1}
$data merge entity $(bone_bone) {transformation: [-1f,0f,0f,0f,0f,0.9659f,0.2588f,1.3811f,0f,0.2588f,-0.9659f,0.0552f,0f,0f,0f,1f],start_interpolation: 0,interpolation_duration: 1}
$data merge entity $(bone_left_arm1) {transformation: [-1f,-0.0016f,-0.0001f,0.25f,-0.0001f,0.1298f,-0.9915f,1.3196f,0.0016f,-0.9915f,-0.1298f,0.044f,0f,0f,0f,1f],start_interpolation: 0,interpolation_duration: 1}
$data merge entity $(bone_right_arm1) {transformation: [-1f,-0.0016f,0f,-0.25f,-0.0001f,0.0727f,-0.9974f,1.3195f,0.0016f,-0.9974f,-0.0727f,0.0448f,0f,0f,0f,1f],start_interpolation: 0,interpolation_duration: 1}
data modify entity @s data merge value {"cameras":{},"locators":{"mouse":{"posx":-3.8906542117983106e-17,"posy":1.43001911634866,"posz":0.3176960258669794,"roty":0,"rotx":10.000000000000002},"left_arm":{"posx":0.3136064636133824,"posy":1.2303389763625072,"posz":0.725539947753814,"roty":359.9382897744801,"rotx":-82.54192495787316},"right_arm":{"posx":-0.3113890279705788,"posy":1.2695773992594268,"posz":0.7305478448707082,"roty":359.96282805746955,"rotx":-85.83306333512394}}}