# This file was generated by Animated Java via MC-Build. It is not recommended to edit this file directly.
$data merge entity $(bone_eyes) {transformation: [-1f,0f,0f,-0.0156f,0f,0.9886f,0.1503f,1.6832f,0f,0.1503f,-0.9886f,0.3553f,0f,0f,0f,1f],start_interpolation: 0,interpolation_duration: 1}
$data merge entity $(bone_head) {transformation: [-1f,0f,0f,0f,0f,0.9886f,0.1503f,1.3811f,0f,0.1503f,-0.9886f,0.0552f,0f,0f,0f,1f],start_interpolation: 0,interpolation_duration: 1}
$data merge entity $(bone_fabric_overray) {transformation: [-1f,0f,0f,0f,0f,0.7464f,0.6655f,1.3811f,0f,0.6655f,-0.7464f,0.0552f,0f,0f,0f,1f],start_interpolation: 0,interpolation_duration: 1}
$data merge entity $(bone_fabric) {transformation: [-1f,0f,0f,0f,0f,0.7464f,0.6655f,1.3811f,0f,0.6655f,-0.7464f,0.0552f,0f,0f,0f,1f],start_interpolation: 0,interpolation_duration: 1}
$data merge entity $(bone_bone_overray) {transformation: [-1f,0f,0f,0f,0f,0.9701f,0.2426f,1.3811f,0f,0.2426f,-0.9701f,0.0552f,0f,0f,0f,1f],start_interpolation: 0,interpolation_duration: 1}
$data merge entity $(bone_bone) {transformation: [-1f,0f,0f,0f,0f,0.9701f,0.2426f,1.3811f,0f,0.2426f,-0.9701f,0.0552f,0f,0f,0f,1f],start_interpolation: 0,interpolation_duration: 1}
$data merge entity $(bone_left_arm1) {transformation: [-1f,-0.0005f,0.0002f,0.25f,0f,-0.3334f,-0.9428f,1.3196f,0.0005f,-0.9428f,0.3334f,0.0442f,0f,0f,0f,1f],start_interpolation: 0,interpolation_duration: 1}
$data merge entity $(bone_right_arm1) {transformation: [-1f,-0.0005f,0.0002f,-0.25f,0f,-0.388f,-0.9217f,1.3195f,0.0005f,-0.9217f,0.388f,0.0445f,0f,0f,0f,1f],start_interpolation: 0,interpolation_duration: 1}
data modify entity @s data merge value {"cameras":{},"locators":{"mouse":{"posx":-3.875603716219778e-17,"posy":1.4362071549282398,"posz":0.31646705963859334,"roty":0,"rotx":8.646137026239073},"left_arm":{"posx":0.31282194409295366,"posy":1.5487751828321712,"posz":0.6923685164979183,"roty":179.96752970068843,"rotx":-70.52465161335572},"right_arm":{"posx":-0.3121861285326334,"posy":1.58629440720062,"posz":0.6781615147140098,"roty":179.96809953942787,"rotx":-67.17022123987351}}}