# This file was generated by Animated Java via MC-Build. It is not recommended to edit this file directly.
$data merge entity $(bone_eyes) {transformation: [-1f,0f,0f,-0.0156f,0f,0.9916f,0.1294f,1.6895f,0f,0.1294f,-0.9916f,0.3488f,0f,0f,0f,1f],start_interpolation: 0,interpolation_duration: 1}
$data merge entity $(bone_head) {transformation: [-1f,0f,0f,0f,0f,0.9916f,0.1294f,1.3811f,0f,0.1294f,-0.9916f,0.0552f,0f,0f,0f,1f],start_interpolation: 0,interpolation_duration: 1}
$data merge entity $(bone_fabric_overray) {transformation: [-1f,0f,0f,0f,0f,0.7794f,0.6266f,1.3811f,0f,0.6266f,-0.7794f,0.0552f,0f,0f,0f,1f],start_interpolation: 0,interpolation_duration: 1}
$data merge entity $(bone_fabric) {transformation: [-1f,0f,0f,0f,0f,0.7794f,0.6266f,1.3811f,0f,0.6266f,-0.7794f,0.0552f,0f,0f,0f,1f],start_interpolation: 0,interpolation_duration: 1}
$data merge entity $(bone_bone_overray) {transformation: [-1f,0f,0f,0f,0f,0.9736f,0.2281f,1.3811f,0f,0.2281f,-0.9736f,0.0552f,0f,0f,0f,1f],start_interpolation: 0,interpolation_duration: 1}
$data merge entity $(bone_bone) {transformation: [-1f,0f,0f,0f,0f,0.9736f,0.2281f,1.3811f,0f,0.2281f,-0.9736f,0.0552f,0f,0f,0f,1f],start_interpolation: 0,interpolation_duration: 1}
$data merge entity $(bone_left_arm1) {transformation: [-1f,0f,0f,0.25f,0f,-0.6637f,-0.748f,1.3196f,0f,-0.748f,0.6637f,0.0444f,0f,0f,0f,1f],start_interpolation: 0,interpolation_duration: 1}
$data merge entity $(bone_right_arm1) {transformation: [-1f,0f,0f,-0.25f,0f,-0.7071f,-0.7071f,1.3196f,0f,-0.7071f,0.7071f,0.0444f,0f,0f,0f,1f],start_interpolation: 0,interpolation_duration: 1}
data modify entity @s data merge value {"cameras":{},"locators":{"mouse":{"posx":-3.860618090056066e-17,"posy":1.441719587048848,"posz":0.3152433903999079,"roty":0,"rotx":7.434402332361511},"left_arm":{"posx":0.31249999999999994,"posy":1.7758451847234604,"posz":0.5586139017143837,"roty":180,"rotx":-48.41772151898737},"right_arm":{"posx":-0.31250000000000006,"posy":1.8056908614229863,"posz":0.530497471919221,"roty":180,"rotx":-45.00000000000003}}}