# This file was generated by Animated Java via MC-Build. It is not recommended to edit this file directly.
$data merge entity $(bone_eyes) {transformation: [-1f,0f,0f,-0.0156f,0f,0.9939f,0.1107f,1.6949f,0f,0.1107f,-0.9939f,0.343f,0f,0f,0f,1f],start_interpolation: 0,interpolation_duration: 1}
$data merge entity $(bone_head) {transformation: [-1f,0f,0f,0f,0f,0.9939f,0.1107f,1.3811f,0f,0.1107f,-0.9939f,0.0552f,0f,0f,0f,1f],start_interpolation: 0,interpolation_duration: 1}
$data merge entity $(bone_fabric_overray) {transformation: [-1f,0f,0f,0f,0f,0.81f,0.5864f,1.3811f,0f,0.5864f,-0.81f,0.0552f,0f,0f,0f,1f],start_interpolation: 0,interpolation_duration: 1}
$data merge entity $(bone_fabric) {transformation: [-1f,0f,0f,0f,0f,0.81f,0.5864f,1.3811f,0f,0.5864f,-0.81f,0.0552f,0f,0f,0f,1f],start_interpolation: 0,interpolation_duration: 1}
$data merge entity $(bone_bone_overray) {transformation: [-1f,0f,0f,0f,0f,0.9765f,0.2154f,1.3811f,0f,0.2154f,-0.9765f,0.0552f,0f,0f,0f,1f],start_interpolation: 0,interpolation_duration: 1}
$data merge entity $(bone_bone) {transformation: [-1f,0f,0f,0f,0f,0.9765f,0.2154f,1.3811f,0f,0.2154f,-0.9765f,0.0552f,0f,0f,0f,1f],start_interpolation: 0,interpolation_duration: 1}
$data merge entity $(bone_left_arm1) {transformation: [-1f,0f,0f,0.25f,0f,-0.7689f,-0.6394f,1.3196f,0f,-0.6394f,0.7689f,0.0444f,0f,0f,0f,1f],start_interpolation: 0,interpolation_duration: 1}
$data merge entity $(bone_right_arm1) {transformation: [-1f,0f,0f,-0.25f,0f,-0.8063f,-0.5915f,1.3196f,0f,-0.5915f,0.8063f,0.0444f,0f,0f,0f,1f],start_interpolation: 0,interpolation_duration: 1}
data modify entity @s data merge value {"cameras":{},"locators":{"mouse":{"posx":-3.84605345929079e-17,"posy":1.446612393226767,"posz":0.3140540980443147,"roty":0,"rotx":6.3538629737609345},"left_arm":{"posx":0.31249999999999994,"posy":1.8481683860204328,"posz":0.48393417567379543,"roty":180,"rotx":-39.745480250820485},"right_arm":{"posx":-0.31250000000000006,"posy":1.8738829465610136,"posz":0.4510269278356077,"roty":180,"rotx":-36.26446759259263}}}