# This file was generated by Animated Java via MC-Build. It is not recommended to edit this file directly.
$data merge entity $(bone_eyes) {transformation: [-1f,0f,0f,-0.0156f,0f,0.9956f,0.094f,1.6997f,0f,0.094f,-0.9956f,0.3377f,0f,0f,0f,1f],start_interpolation: 0,interpolation_duration: 1}
$data merge entity $(bone_head) {transformation: [-1f,0f,0f,0f,0f,0.9956f,0.094f,1.3811f,0f,0.094f,-0.9956f,0.0552f,0f,0f,0f,1f],start_interpolation: 0,interpolation_duration: 1}
$data merge entity $(bone_fabric_overray) {transformation: [-1f,0f,0f,0f,0f,0.8381f,0.5455f,1.3811f,0f,0.5455f,-0.8381f,0.0552f,0f,0f,0f,1f],start_interpolation: 0,interpolation_duration: 1}
$data merge entity $(bone_fabric) {transformation: [-1f,0f,0f,0f,0f,0.8381f,0.5455f,1.3811f,0f,0.5455f,-0.8381f,0.0552f,0f,0f,0f,1f],start_interpolation: 0,interpolation_duration: 1}
$data merge entity $(bone_bone_overray) {transformation: [-1f,0f,0f,0f,0f,0.9789f,0.2044f,1.3811f,0f,0.2044f,-0.9789f,0.0552f,0f,0f,0f,1f],start_interpolation: 0,interpolation_duration: 1}
$data merge entity $(bone_bone) {transformation: [-1f,0f,0f,0f,0f,0.9789f,0.2044f,1.3811f,0f,0.2044f,-0.9789f,0.0552f,0f,0f,0f,1f],start_interpolation: 0,interpolation_duration: 1}
$data merge entity $(bone_left_arm1) {transformation: [-1f,0f,0f,0.25f,0f,-0.8462f,-0.5329f,1.3196f,0f,-0.5329f,0.8462f,0.0444f,0f,0f,0f,1f],start_interpolation: 0,interpolation_duration: 1}
$data merge entity $(bone_right_arm1) {transformation: [-1f,0f,0f,-0.25f,0f,-0.8775f,-0.4796f,1.3196f,0f,-0.4796f,0.8775f,0.0444f,0f,0f,0f,1f],start_interpolation: 0,interpolation_duration: 1}
data modify entity @s data merge value {"cameras":{},"locators":{"mouse":{"posx":-3.832163543123333e-17,"posy":1.450941139114577,"posz":0.31291990031668193,"roty":0,"rotx":5.393586005830908},"left_arm":{"posx":0.31249999999999994,"posy":1.9013018092701648,"posz":0.410731374359859,"roty":180,"rotx":-32.2017112048758},"right_arm":{"posx":-0.31250000000000006,"posy":1.9228382002046955,"posz":0.37406683619420394,"roty":180,"rotx":-28.657407407407455}}}