# This file was generated by Animated Java via MC-Build. It is not recommended to edit this file directly.
$data merge entity $(bone_eyes) {transformation: [-1f,0f,0f,-0.0156f,0f,0.9969f,0.0792f,1.7039f,0f,0.0792f,-0.9969f,0.3329f,0f,0f,0f,1f],start_interpolation: 0,interpolation_duration: 1}
$data merge entity $(bone_head) {transformation: [-1f,0f,0f,0f,0f,0.9969f,0.0792f,1.3811f,0f,0.0792f,-0.9969f,0.0552f,0f,0f,0f,1f],start_interpolation: 0,interpolation_duration: 1}
$data merge entity $(bone_fabric_overray) {transformation: [-1f,0f,0f,0f,0f,0.8633f,0.5046f,1.3811f,0f,0.5046f,-0.8633f,0.0552f,0f,0f,0f,1f],start_interpolation: 0,interpolation_duration: 1}
$data merge entity $(bone_fabric) {transformation: [-1f,0f,0f,0f,0f,0.8633f,0.5046f,1.3811f,0f,0.5046f,-0.8633f,0.0552f,0f,0f,0f,1f],start_interpolation: 0,interpolation_duration: 1}
$data merge entity $(bone_bone_overray) {transformation: [-1f,0f,0f,0f,0f,0.9808f,0.1949f,1.3811f,0f,0.1949f,-0.9808f,0.0552f,0f,0f,0f,1f],start_interpolation: 0,interpolation_duration: 1}
$data merge entity $(bone_bone) {transformation: [-1f,0f,0f,0f,0f,0.9808f,0.1949f,1.3811f,0f,0.1949f,-0.9808f,0.0552f,0f,0f,0f,1f],start_interpolation: 0,interpolation_duration: 1}
$data merge entity $(bone_left_arm1) {transformation: [-1f,0f,0f,0.25f,0f,-0.9021f,-0.4315f,1.3196f,0f,-0.4315f,0.9021f,0.0444f,0f,0f,0f,1f],start_interpolation: 0,interpolation_duration: 1}
$data merge entity $(bone_right_arm1) {transformation: [-1f,0f,0f,-0.25f,0f,-0.9275f,-0.3738f,1.3196f,0f,-0.3738f,0.9275f,0.0444f,0f,0f,0f,1f],start_interpolation: 0,interpolation_duration: 1}
data modify entity @s data merge value {"cameras":{},"locators":{"mouse":{"posx":-3.8191140530607975e-17,"posy":1.4547606937680528,"posz":0.31185432858843987,"roty":0,"rotx":4.542638483965014},"left_arm":{"posx":0.31249999999999994,"posy":1.939768319188933,"posz":0.34099538442849925,"roty":180,"rotx":-25.560719936708857},"right_arm":{"posx":-0.3125,"posy":1.9572043371044057,"posz":0.30138200321480696,"roty":180,"rotx":-21.953124999999993}}}