# This file was generated by Animated Java via MC-Build. It is not recommended to edit this file directly.
$data merge entity $(bone_eyes) {transformation: [-1f,0f,0f,-0.0156f,0f,0.9978f,0.0661f,1.7075f,0f,0.0661f,-0.9978f,0.3286f,0f,0f,0f,1f],start_interpolation: 0,interpolation_duration: 1}
$data merge entity $(bone_head) {transformation: [-1f,0f,0f,0f,0f,0.9978f,0.0661f,1.3811f,0f,0.0661f,-0.9978f,0.0552f,0f,0f,0f,1f],start_interpolation: 0,interpolation_duration: 1}
$data merge entity $(bone_fabric_overray) {transformation: [-1f,0f,0f,0f,0f,0.8856f,0.4645f,1.3811f,0f,0.4645f,-0.8856f,0.0552f,0f,0f,0f,1f],start_interpolation: 0,interpolation_duration: 1}
$data merge entity $(bone_fabric) {transformation: [-1f,0f,0f,0f,0f,0.8856f,0.4645f,1.3811f,0f,0.4645f,-0.8856f,0.0552f,0f,0f,0f,1f],start_interpolation: 0,interpolation_duration: 1}
$data merge entity $(bone_bone_overray) {transformation: [-1f,0f,0f,0f,0f,0.9824f,0.1868f,1.3811f,0f,0.1868f,-0.9824f,0.0552f,0f,0f,0f,1f],start_interpolation: 0,interpolation_duration: 1}
$data merge entity $(bone_bone) {transformation: [-1f,0f,0f,0f,0f,0.9824f,0.1868f,1.3811f,0f,0.1868f,-0.9824f,0.0552f,0f,0f,0f,1f],start_interpolation: 0,interpolation_duration: 1}
$data merge entity $(bone_left_arm1) {transformation: [-1f,0f,0f,0.25f,0f,-0.9421f,-0.3354f,1.3196f,0f,-0.3354f,0.9421f,0.0444f,0f,0f,0f,1f],start_interpolation: 0,interpolation_duration: 1}
$data merge entity $(bone_right_arm1) {transformation: [-1f,0f,0f,-0.25f,0f,-0.9616f,-0.2744f,1.3196f,0f,-0.2744f,0.9616f,0.0444f,0f,0f,0f,1f],start_interpolation: 0,interpolation_duration: 1}
data modify entity @s data merge value {"cameras":{},"locators":{"mouse":{"posx":-3.8069957632134685e-17,"posy":1.4581250767497744,"posz":0.3108647951281992,"roty":0,"rotx":3.7900874635568527},"left_arm":{"posx":0.3125,"posy":1.9672322792524475,"posz":0.27494847695807917,"roty":180,"rotx":-19.596812001875307},"right_arm":{"posx":-0.3125,"posy":1.9806668063465063,"posz":0.23300769034173946,"roty":180,"rotx":-15.925925925925943}}}