# This file was generated by Animated Java via MC-Build. It is not recommended to edit this file directly.
$data merge entity $(bone_eyes) {transformation: [-1f,0f,0f,-0.0156f,0f,0.9985f,0.0545f,1.7106f,0f,0.0545f,-0.9985f,0.3248f,0f,0f,0f,1f],start_interpolation: 0,interpolation_duration: 1}
$data merge entity $(bone_head) {transformation: [-1f,0f,0f,0f,0f,0.9985f,0.0545f,1.3811f,0f,0.0545f,-0.9985f,0.0552f,0f,0f,0f,1f],start_interpolation: 0,interpolation_duration: 1}
$data merge entity $(bone_fabric_overray) {transformation: [-1f,0f,0f,0f,0f,0.9048f,0.4258f,1.3811f,0f,0.4258f,-0.9048f,0.0552f,0f,0f,0f,1f],start_interpolation: 0,interpolation_duration: 1}
$data merge entity $(bone_fabric) {transformation: [-1f,0f,0f,0f,0f,0.9048f,0.4258f,1.3811f,0f,0.4258f,-0.9048f,0.0552f,0f,0f,0f,1f],start_interpolation: 0,interpolation_duration: 1}
$data merge entity $(bone_bone_overray) {transformation: [-1f,0f,0f,0f,0f,0.9836f,0.1802f,1.3811f,0f,0.1802f,-0.9836f,0.0552f,0f,0f,0f,1f],start_interpolation: 0,interpolation_duration: 1}
$data merge entity $(bone_bone) {transformation: [-1f,0f,0f,0f,0f,0.9836f,0.1802f,1.3811f,0f,0.1802f,-0.9836f,0.0552f,0f,0f,0f,1f],start_interpolation: 0,interpolation_duration: 1}
$data merge entity $(bone_left_arm1) {transformation: [-1f,0f,0f,0.25f,0f,-0.9699f,-0.2433f,1.3196f,0f,-0.2433f,0.9699f,0.0444f,0f,0f,0f,1f],start_interpolation: 0,interpolation_duration: 1}
$data merge entity $(bone_right_arm1) {transformation: [-1f,0f,0f,-0.25f,0f,-0.9837f,-0.1797f,1.3196f,0f,-0.1797f,0.9837f,0.0444f,0f,0f,0f,1f],start_interpolation: 0,interpolation_duration: 1}
data modify entity @s data merge value {"cameras":{},"locators":{"mouse":{"posx":-3.7958362316269775e-17,"posy":1.4610874002865992,"posz":0.30995355022115656,"roty":0,"rotx":3.1249999999999956},"left_arm":{"posx":0.3125,"posy":1.9863878491741742,"posz":0.2116640814176476,"roty":180,"rotx":-14.084292955930561},"right_arm":{"posx":-0.3125,"posy":1.9958681322477556,"posz":0.16787969070272318,"roty":180,"rotx":-10.350115740740684}}}