# This file was generated by Animated Java via MC-Build. It is not recommended to edit this file directly.
$data merge entity $(bone_eyes) {transformation: [-1f,0f,0f,-0.0156f,0f,0.9764f,-0.2161f,1.888f,0f,-0.2161f,-0.9764f,0.2262f,0f,0f,0f,1f],start_interpolation: 0,interpolation_duration: 1}
$data merge entity $(bone_head) {transformation: [-1f,0f,0f,0f,0f,0.9764f,-0.2161f,1.4981f,0f,-0.2161f,-0.9764f,0.0552f,0f,0f,0f,1f],start_interpolation: 0,interpolation_duration: 1}
$data merge entity $(bone_fabric_overray) {transformation: [-1f,0f,0f,0f,0f,0.9251f,0.3797f,1.4981f,0f,0.3797f,-0.9251f,0.0552f,0f,0f,0f,1f],start_interpolation: 0,interpolation_duration: 1}
$data merge entity $(bone_fabric) {transformation: [-1f,0f,0f,0f,0f,0.9251f,0.3797f,1.4981f,0f,0.3797f,-0.9251f,0.0552f,0f,0f,0f,1f],start_interpolation: 0,interpolation_duration: 1}
$data merge entity $(bone_bone_overray) {transformation: [-1f,0f,0f,0f,0f,0.9182f,0.3961f,1.4981f,0f,0.3961f,-0.9182f,0.0552f,0f,0f,0f,1f],start_interpolation: 0,interpolation_duration: 1}
$data merge entity $(bone_bone) {transformation: [-1f,0f,0f,0f,0f,0.9182f,0.3961f,1.4981f,0f,0.3961f,-0.9182f,0.0552f,0f,0f,0f,1f],start_interpolation: 0,interpolation_duration: 1}
$data merge entity $(bone_left_arm1) {transformation: [-1f,0f,0f,0.25f,0f,-0.1512f,-0.9885f,1.4366f,0f,-0.9885f,0.1512f,0.0444f,0f,0f,0f,1f],start_interpolation: 0,interpolation_duration: 1}
$data merge entity $(bone_right_arm1) {transformation: [-1f,0f,0f,-0.25f,0f,-0.1577f,-0.9875f,1.4366f,0f,-0.9875f,0.1577f,0.0444f,0f,0f,0f,1f],start_interpolation: 0,interpolation_duration: 1}
data modify entity @s data merge value {"cameras":{},"locators":{"mouse":{"posx":-3.4173342419331094e-17,"posy":1.6436675248235095,"posz":0.27904651727440033,"roty":0,"rotx":-12.480655439235324},"left_arm":{"posx":0.3124999999999999,"posy":1.5404794777186457,"posz":0.723961399762852,"roty":180,"rotx":-81.30567276136902},"right_arm":{"posx":-0.3125000000000001,"posy":1.544981436118356,"posz":0.7232576836961679,"roty":180,"rotx":-80.92592592592601}}}