# This file was generated by Animated Java via MC-Build. It is not recommended to edit this file directly.
$data merge entity $(bone_eyes) {transformation: [-1f,0f,0f,-0.0156f,0f,0.999f,0.0443f,1.7134f,0f,0.0443f,-0.999f,0.3214f,0f,0f,0f,1f],start_interpolation: 0,interpolation_duration: 1}
$data merge entity $(bone_head) {transformation: [-1f,0f,0f,0f,0f,0.999f,0.0443f,1.3811f,0f,0.0443f,-0.999f,0.0552f,0f,0f,0f,1f],start_interpolation: 0,interpolation_duration: 1}
$data merge entity $(bone_fabric_overray) {transformation: [-1f,0f,0f,0f,0f,0.9211f,0.3893f,1.3811f,0f,0.3893f,-0.9211f,0.0552f,0f,0f,0f,1f],start_interpolation: 0,interpolation_duration: 1}
$data merge entity $(bone_fabric) {transformation: [-1f,0f,0f,0f,0f,0.9211f,0.3893f,1.3811f,0f,0.3893f,-0.9211f,0.0552f,0f,0f,0f,1f],start_interpolation: 0,interpolation_duration: 1}
$data merge entity $(bone_bone_overray) {transformation: [-1f,0f,0f,0f,0f,0.9846f,0.1747f,1.3811f,0f,0.1747f,-0.9846f,0.0552f,0f,0f,0f,1f],start_interpolation: 0,interpolation_duration: 1}
$data merge entity $(bone_bone) {transformation: [-1f,0f,0f,0f,0f,0.9846f,0.1747f,1.3811f,0f,0.1747f,-0.9846f,0.0552f,0f,0f,0f,1f],start_interpolation: 0,interpolation_duration: 1}
$data merge entity $(bone_left_arm1) {transformation: [-1f,0f,0f,0.25f,0f,-0.9882f,-0.1529f,1.3196f,0f,-0.1529f,0.9882f,0.0444f,0f,0f,0f,1f],start_interpolation: 0,interpolation_duration: 1}
$data merge entity $(bone_right_arm1) {transformation: [-1f,0f,0f,-0.25f,0f,-0.9962f,-0.0872f,1.3196f,0f,-0.0872f,0.9962f,0.0444f,0f,0f,0f,1f],start_interpolation: 0,interpolation_duration: 1}
data modify entity @s data merge value {"cameras":{},"locators":{"mouse":{"posx":-3.785610179711984e-17,"posy":1.4636998782126711,"posz":0.3091185297138468,"roty":0,"rotx":2.536443148688046},"left_arm":{"posx":0.3125,"posy":1.9989666082758677,"posz":0.149509302223109,"roty":180,"rotx":-8.797468354430393},"right_arm":{"posx":-0.3125,"posy":2.0044388042953103,"posz":0.1042811329924847,"roty":180,"rotx":-5.000000000000014}}}