# This file was generated by Animated Java via MC-Build. It is not recommended to edit this file directly.
$data merge entity $(bone_eyes) {transformation: [-1f,0f,0f,-0.0156f,0f,0.9994f,0.0351f,1.7158f,0f,0.0351f,-0.9994f,0.3184f,0f,0f,0f,1f],start_interpolation: 0,interpolation_duration: 1}
$data merge entity $(bone_head) {transformation: [-1f,0f,0f,0f,0f,0.9994f,0.0351f,1.3811f,0f,0.0351f,-0.9994f,0.0552f,0f,0f,0f,1f],start_interpolation: 0,interpolation_duration: 1}
$data merge entity $(bone_fabric_overray) {transformation: [-1f,0f,0f,0f,0f,0.9346f,0.3558f,1.3811f,0f,0.3558f,-0.9346f,0.0552f,0f,0f,0f,1f],start_interpolation: 0,interpolation_duration: 1}
$data merge entity $(bone_fabric) {transformation: [-1f,0f,0f,0f,0f,0.9346f,0.3558f,1.3811f,0f,0.3558f,-0.9346f,0.0552f,0f,0f,0f,1f],start_interpolation: 0,interpolation_duration: 1}
$data merge entity $(bone_bone_overray) {transformation: [-1f,0f,0f,0f,0f,0.9854f,0.1705f,1.3811f,0f,0.1705f,-0.9854f,0.0552f,0f,0f,0f,1f],start_interpolation: 0,interpolation_duration: 1}
$data merge entity $(bone_bone) {transformation: [-1f,0f,0f,0f,0f,0.9854f,0.1705f,1.3811f,0f,0.1705f,-0.9854f,0.0552f,0f,0f,0f,1f],start_interpolation: 0,interpolation_duration: 1}
$data merge entity $(bone_left_arm1) {transformation: [-1f,0f,0f,0.25f,0f,-0.9981f,-0.0612f,1.3196f,0f,-0.0612f,0.9981f,0.0444f,0f,0f,0f,1f],start_interpolation: 0,interpolation_duration: 1}
$data merge entity $(bone_right_arm1) {transformation: [-1f,0f,0f,-0.25f,0f,-1f,0.0061f,1.3196f,0f,0.0061f,1f,0.0444f,0f,0f,0f,1f],start_interpolation: 0,interpolation_duration: 1}
data modify entity @s data merge value {"cameras":{},"locators":{"mouse":{"posx":-3.77624855269718e-17,"posy":1.4660138783790924,"posz":0.3083540948562763,"roty":0,"rotx":2.013483965014577},"left_arm":{"posx":0.3125,"posy":2.0057648145645075,"posz":0.08645990770962088,"roty":180,"rotx":-3.5106437529301795},"right_arm":{"posx":-0.3125,"posy":2.0070421136629815,"posz":0.04016049869660816,"roty":180,"rotx":0.35011574074070684}}}