# This file was generated by Animated Java via MC-Build. It is not recommended to edit this file directly.
$data merge entity $(bone_eyes) {transformation: [-1f,0f,0f,-0.0156f,0f,0.9996f,0.027f,1.718f,0f,0.027f,-0.9996f,0.3156f,0f,0f,0f,1f],start_interpolation: 0,interpolation_duration: 1}
$data merge entity $(bone_head) {transformation: [-1f,0f,0f,0f,0f,0.9996f,0.027f,1.3811f,0f,0.027f,-0.9996f,0.0552f,0f,0f,0f,1f],start_interpolation: 0,interpolation_duration: 1}
$data merge entity $(bone_fabric_overray) {transformation: [-1f,0f,0f,0f,0f,0.9454f,0.326f,1.3811f,0f,0.326f,-0.9454f,0.0552f,0f,0f,0f,1f],start_interpolation: 0,interpolation_duration: 1}
$data merge entity $(bone_fabric) {transformation: [-1f,0f,0f,0f,0f,0.9454f,0.326f,1.3811f,0f,0.326f,-0.9454f,0.0552f,0f,0f,0f,1f],start_interpolation: 0,interpolation_duration: 1}
$data merge entity $(bone_bone_overray) {transformation: [-1f,0f,0f,0f,0f,0.9859f,0.1673f,1.3811f,0f,0.1673f,-0.9859f,0.0552f,0f,0f,0f,1f],start_interpolation: 0,interpolation_duration: 1}
$data merge entity $(bone_bone) {transformation: [-1f,0f,0f,0f,0f,0.9859f,0.1673f,1.3811f,0f,0.1673f,-0.9859f,0.0552f,0f,0f,0f,1f],start_interpolation: 0,interpolation_duration: 1}
$data merge entity $(bone_left_arm1) {transformation: [-1f,0f,0f,0.25f,0f,-0.9994f,0.0349f,1.3196f,0f,0.0349f,0.9994f,0.0444f,0f,0f,0f,1f],start_interpolation: 0,interpolation_duration: 1}
$data merge entity $(bone_right_arm1) {transformation: [-1f,0f,0f,-0.25f,0f,-0.9947f,0.1032f,1.3196f,0f,0.1032f,0.9947f,0.0444f,0f,0f,0f,1f],start_interpolation: 0,interpolation_duration: 1}
data modify entity @s data merge value {"cameras":{},"locators":{"mouse":{"posx":-3.767646291749699e-17,"posy":1.4680799995711689,"posz":0.3076516669437164,"roty":0,"rotx":1.5451895043731765},"left_arm":{"posx":0.3125,"posy":2.0066353572598308,"posz":0.020345667690094552,"roty":180,"rotx":2.00187529301455},"right_arm":{"posx":-0.3125,"posy":2.0033810885117735,"posz":-0.026617742826944166,"roty":180,"rotx":5.925925925925942}}}