# This file was generated by Animated Java via MC-Build. It is not recommended to edit this file directly.
$data merge entity $(bone_eyes) {transformation: [-1f,0f,0f,-0.0156f,0f,0.9998f,0.0196f,1.7199f,0f,0.0196f,-0.9998f,0.3131f,0f,0f,0f,1f],start_interpolation: 0,interpolation_duration: 1}
$data merge entity $(bone_head) {transformation: [-1f,0f,0f,0f,0f,0.9998f,0.0196f,1.3811f,0f,0.0196f,-0.9998f,0.0552f,0f,0f,0f,1f],start_interpolation: 0,interpolation_duration: 1}
$data merge entity $(bone_fabric_overray) {transformation: [-1f,0f,0f,0f,0f,0.9537f,0.3007f,1.3811f,0f,0.3007f,-0.9537f,0.0552f,0f,0f,0f,1f],start_interpolation: 0,interpolation_duration: 1}
$data merge entity $(bone_fabric) {transformation: [-1f,0f,0f,0f,0f,0.9537f,0.3007f,1.3811f,0f,0.3007f,-0.9537f,0.0552f,0f,0f,0f,1f],start_interpolation: 0,interpolation_duration: 1}
$data merge entity $(bone_bone_overray) {transformation: [-1f,0f,0f,0f,0f,0.9863f,0.165f,1.3811f,0f,0.165f,-0.9863f,0.0552f,0f,0f,0f,1f],start_interpolation: 0,interpolation_duration: 1}
$data merge entity $(bone_bone) {transformation: [-1f,0f,0f,0f,0f,0.9863f,0.165f,1.3811f,0f,0.165f,-0.9863f,0.0552f,0f,0f,0f,1f],start_interpolation: 0,interpolation_duration: 1}
$data merge entity $(bone_left_arm1) {transformation: [-1f,0f,0f,0.25f,0f,-0.9904f,0.1386f,1.3196f,0f,0.1386f,0.9904f,0.0444f,0f,0f,0f,1f],start_interpolation: 0,interpolation_duration: 1}
$data merge entity $(bone_right_arm1) {transformation: [-1f,0f,0f,-0.25f,0f,-0.9783f,0.2071f,1.3196f,0f,0.2071f,0.9783f,0.0444f,0f,0f,0f,1f],start_interpolation: 0,interpolation_duration: 1}
data modify entity @s data merge value {"cameras":{},"locators":{"mouse":{"posx":-3.759668850590752e-17,"posy":1.4699481577424218,"posz":0.3070002594387524,"roty":0,"rotx":1.1206268221574363},"left_arm":{"posx":0.3125,"posy":2.0004212657604112,"posz":-0.05091335388341149,"roty":180,"rotx":7.965783227848093},"right_arm":{"posx":-0.3125,"posy":1.992148141726979,"posz":-0.0980275112786806,"roty":180,"rotx":11.953124999999995}}}