# This file was generated by Animated Java via MC-Build. It is not recommended to edit this file directly.
$data merge entity $(bone_eyes) {transformation: [-1f,0f,0f,-0.0156f,0f,0.9999f,0.0127f,1.7216f,0f,0.0127f,-0.9999f,0.3108f,0f,0f,0f,1f],start_interpolation: 0,interpolation_duration: 1}
$data merge entity $(bone_head) {transformation: [-1f,0f,0f,0f,0f,0.9999f,0.0127f,1.3811f,0f,0.0127f,-0.9999f,0.0552f,0f,0f,0f,1f],start_interpolation: 0,interpolation_duration: 1}
$data merge entity $(bone_fabric_overray) {transformation: [-1f,0f,0f,0f,0f,0.9617f,0.2743f,1.3811f,0f,0.2743f,-0.9617f,0.0552f,0f,0f,0f,1f],start_interpolation: 0,interpolation_duration: 1}
$data merge entity $(bone_fabric) {transformation: [-1f,0f,0f,0f,0f,0.9617f,0.2743f,1.3811f,0f,0.2743f,-0.9617f,0.0552f,0f,0f,0f,1f],start_interpolation: 0,interpolation_duration: 1}
$data merge entity $(bone_bone_overray) {transformation: [-1f,0f,0f,0f,0f,0.9865f,0.1636f,1.3811f,0f,0.1636f,-0.9865f,0.0552f,0f,0f,0f,1f],start_interpolation: 0,interpolation_duration: 1}
$data merge entity $(bone_bone) {transformation: [-1f,0f,0f,0f,0f,0.9865f,0.1636f,1.3811f,0f,0.1636f,-0.9865f,0.0552f,0f,0f,0f,1f],start_interpolation: 0,interpolation_duration: 1}
$data merge entity $(bone_left_arm1) {transformation: [-1f,0f,0f,0.25f,0f,-0.9677f,0.2522f,1.3196f,0f,0.2522f,0.9677f,0.0444f,0f,0f,0f,1f],start_interpolation: 0,interpolation_duration: 1}
$data merge entity $(bone_right_arm1) {transformation: [-1f,0f,0f,-0.25f,0f,-0.9474f,0.3199f,1.3196f,0f,0.3199f,0.9474f,0.0444f,0f,0f,0f,1f],start_interpolation: 0,interpolation_duration: 1}
data modify entity @s data merge value {"cameras":{},"locators":{"mouse":{"posx":-3.7521574881641816e-17,"posy":1.4716676695621242,"posz":0.3063869101504678,"roty":0,"rotx":0.7288629737609307},"left_arm":{"posx":0.3125,"posy":1.9848345091697697,"posz":-0.12901478598309518,"roty":180,"rotx":14.606774496015047},"right_arm":{"posx":-0.3125,"posy":1.970925692457963,"posz":-0.17557571536927508,"roty":180,"rotx":18.657407407407455}}}