# This file was generated by Animated Java via MC-Build. It is not recommended to edit this file directly.
$data merge entity $(bone_eyes) {transformation: [-1f,0f,0f,-0.0156f,0f,1f,0.0063f,1.7233f,0f,0.0063f,-1f,0.3086f,0f,0f,0f,1f],start_interpolation: 0,interpolation_duration: 1}
$data merge entity $(bone_head) {transformation: [-1f,0f,0f,0f,0f,1f,0.0063f,1.3811f,0f,0.0063f,-1f,0.0552f,0f,0f,0f,1f],start_interpolation: 0,interpolation_duration: 1}
$data merge entity $(bone_fabric_overray) {transformation: [-1f,0f,0f,0f,0f,0.9677f,0.252f,1.3811f,0f,0.252f,-0.9677f,0.0552f,0f,0f,0f,1f],start_interpolation: 0,interpolation_duration: 1}
$data merge entity $(bone_fabric) {transformation: [-1f,0f,0f,0f,0f,0.9677f,0.252f,1.3811f,0f,0.252f,-0.9677f,0.0552f,0f,0f,0f,1f],start_interpolation: 0,interpolation_duration: 1}
$data merge entity $(bone_bone_overray) {transformation: [-1f,0f,0f,0f,0f,0.9866f,0.163f,1.3811f,0f,0.163f,-0.9866f,0.0552f,0f,0f,0f,1f],start_interpolation: 0,interpolation_duration: 1}
$data merge entity $(bone_bone) {transformation: [-1f,0f,0f,0f,0f,0.9866f,0.163f,1.3811f,0f,0.163f,-0.9866f,0.0552f,0f,0f,0f,1f],start_interpolation: 0,interpolation_duration: 1}
$data merge entity $(bone_left_arm1) {transformation: [-1f,0f,0f,0.25f,0f,-0.9262f,0.377f,1.3196f,0f,0.377f,0.9262f,0.0444f,0f,0f,0f,1f],start_interpolation: 0,interpolation_duration: 1}
$data merge entity $(bone_right_arm1) {transformation: [-1f,0f,0f,-0.25f,0f,-0.8968f,0.4425f,1.3196f,0f,0.4425f,0.8968f,0.0444f,0f,0f,0f,1f],start_interpolation: 0,interpolation_duration: 1}
data modify entity @s data merge value {"cameras":{},"locators":{"mouse":{"posx":-3.74493336581659e-17,"posy":1.473287323896472,"posz":0.3057970157945914,"roty":0,"rotx":0.3589650145772588},"left_arm":{"posx":0.3125,"posy":1.9563149631599952,"posz":-0.2148544404665511,"roty":180,"rotx":22.15054354195968},"right_arm":{"posx":-0.31249999999999994,"posy":1.936078158785596,"posz":-0.25986760087270694,"roty":180,"rotx":26.264467592592602}}}