# This file was generated by Animated Java via MC-Build. It is not recommended to edit this file directly.
$data merge entity $(bone_eyes) {transformation: [-1f,0f,0f,-0.0156f,0f,1f,0f,1.7249f,0f,0f,-1f,0.3065f,0f,0f,0f,1f],start_interpolation: 0,interpolation_duration: 1}
$data merge entity $(bone_head) {transformation: [-1f,0f,0f,0f,0f,1f,0f,1.3811f,0f,0f,-1f,0.0552f,0f,0f,0f,1f],start_interpolation: 0,interpolation_duration: 1}
$data merge entity $(bone_fabric_overray) {transformation: [-1f,0f,0f,0f,0f,0.9723f,0.2336f,1.3811f,0f,0.2336f,-0.9723f,0.0552f,0f,0f,0f,1f],start_interpolation: 0,interpolation_duration: 1}
$data merge entity $(bone_fabric) {transformation: [-1f,0f,0f,0f,0f,0.9723f,0.2336f,1.3811f,0f,0.2336f,-0.9723f,0.0552f,0f,0f,0f,1f],start_interpolation: 0,interpolation_duration: 1}
$data merge entity $(bone_bone_overray) {transformation: [-1f,0f,0f,0f,0f,0.9866f,0.163f,1.3811f,0f,0.163f,-0.9866f,0.0552f,0f,0f,0f,1f],start_interpolation: 0,interpolation_duration: 1}
$data merge entity $(bone_bone) {transformation: [-1f,0f,0f,0f,0f,0.9866f,0.163f,1.3811f,0f,0.163f,-0.9866f,0.0552f,0f,0f,0f,1f],start_interpolation: 0,interpolation_duration: 1}
$data merge entity $(bone_left_arm1) {transformation: [-1f,0f,0f,0.25f,0f,-0.8588f,0.5124f,1.3196f,0f,0.5124f,0.8588f,0.0444f,0f,0f,0f,1f],start_interpolation: 0,interpolation_duration: 1}
$data merge entity $(bone_right_arm1) {transformation: [-1f,0f,0f,-0.25f,0f,-0.8192f,0.5736f,1.3196f,0f,0.5736f,0.8192f,0.0444f,0f,0f,0f,1f],start_interpolation: 0,interpolation_duration: 1}
data modify entity @s data merge value {"cameras":{},"locators":{"mouse":{"posx":-3.737800473764221e-17,"posy":1.474855433920498,"posz":0.3052145709576527,"roty":0,"rotx":0},"left_arm":{"posx":0.31250000000000006,"posy":1.9099498402630097,"posz":-0.30790271990302004,"roty":180,"rotx":30.8227848101266},"right_arm":{"posx":-0.31249999999999994,"posy":1.882721979805917,"posz":-0.3499722401378746,"roty":180,"rotx":35.00000000000001}}}