# This file was generated by Animated Java via MC-Build. It is not recommended to edit this file directly.
$data merge entity $(bone_eyes) {transformation: [-1f,0f,0f,-0.0156f,0f,1f,-0.0057f,1.7263f,0f,-0.0057f,-1f,0.3045f,0f,0f,0f,1f],start_interpolation: 0,interpolation_duration: 1}
$data merge entity $(bone_head) {transformation: [-1f,0f,0f,0f,0f,1f,-0.0057f,1.3811f,0f,-0.0057f,-1f,0.0552f,0f,0f,0f,1f],start_interpolation: 0,interpolation_duration: 1}
$data merge entity $(bone_fabric_overray) {transformation: [-1f,0f,0f,0f,0f,0.9758f,0.2188f,1.3811f,0f,0.2188f,-0.9758f,0.0552f,0f,0f,0f,1f],start_interpolation: 0,interpolation_duration: 1}
$data merge entity $(bone_fabric) {transformation: [-1f,0f,0f,0f,0f,0.9758f,0.2188f,1.3811f,0f,0.2188f,-0.9758f,0.0552f,0f,0f,0f,1f],start_interpolation: 0,interpolation_duration: 1}
$data merge entity $(bone_bone_overray) {transformation: [-1f,0f,0f,0f,0f,0.9865f,0.1635f,1.3811f,0f,0.1635f,-0.9865f,0.0552f,0f,0f,0f,1f],start_interpolation: 0,interpolation_duration: 1}
$data merge entity $(bone_bone) {transformation: [-1f,0f,0f,0f,0f,0.9865f,0.1635f,1.3811f,0f,0.1635f,-0.9865f,0.0552f,0f,0f,0f,1f],start_interpolation: 0,interpolation_duration: 1}
$data merge entity $(bone_left_arm1) {transformation: [-1f,0f,0f,0.25f,0f,-0.6846f,0.729f,1.3196f,0f,0.729f,0.6846f,0.0444f,0f,0f,0f,1f],start_interpolation: 0,interpolation_duration: 1}
$data merge entity $(bone_right_arm1) {transformation: [-1f,0f,0f,-0.25f,0f,-0.6288f,0.7776f,1.3196f,0f,0.7776f,0.6288f,0.0444f,0f,0f,0f,1f],start_interpolation: 0,interpolation_duration: 1}
data modify entity @s data merge value {"cameras":{},"locators":{"mouse":{"posx":-3.7311835046752605e-17,"posy":1.476283839155135,"posz":0.3046742544277302,"roty":0,"rotx":-0.3277196176604477},"left_arm":{"posx":0.31250000000000006,"posy":1.7901851718465738,"posz":-0.45680053336551657,"roty":180,"rotx":46.79953273338617},"right_arm":{"posx":-0.31249999999999994,"posy":1.7518392450468756,"posz":-0.490228505243247,"roty":180,"rotx":51.040039062500085}}}