# This file was generated by Animated Java via MC-Build. It is not recommended to edit this file directly.
$data merge entity $(bone_eyes) {transformation: [-1f,0f,0f,-0.0156f,0f,1f,-0.0096f,1.7273f,0f,-0.0096f,-1f,0.3031f,0f,0f,0f,1f],start_interpolation: 0,interpolation_duration: 1}
$data merge entity $(bone_head) {transformation: [-1f,0f,0f,0f,0f,1f,-0.0096f,1.3811f,0f,-0.0096f,-1f,0.0552f,0f,0f,0f,1f],start_interpolation: 0,interpolation_duration: 1}
$data merge entity $(bone_fabric_overray) {transformation: [-1f,0f,0f,0f,0f,0.9783f,0.2071f,1.3811f,0f,0.2071f,-0.9783f,0.0552f,0f,0f,0f,1f],start_interpolation: 0,interpolation_duration: 1}
$data merge entity $(bone_fabric) {transformation: [-1f,0f,0f,0f,0f,0.9783f,0.2071f,1.3811f,0f,0.2071f,-0.9783f,0.0552f,0f,0f,0f,1f],start_interpolation: 0,interpolation_duration: 1}
$data merge entity $(bone_bone_overray) {transformation: [-1f,0f,0f,0f,0f,0.9864f,0.1645f,1.3811f,0f,0.1645f,-0.9864f,0.0552f,0f,0f,0f,1f],start_interpolation: 0,interpolation_duration: 1}
$data merge entity $(bone_bone) {transformation: [-1f,0f,0f,0f,0f,0.9864f,0.1645f,1.3811f,0f,0.1645f,-0.9864f,0.0552f,0f,0f,0f,1f],start_interpolation: 0,interpolation_duration: 1}
$data merge entity $(bone_left_arm1) {transformation: [-1f,0f,0f,0.25f,0f,-0.4085f,0.9128f,1.3196f,0f,0.9128f,0.4085f,0.0444f,0f,0f,0f,1f],start_interpolation: 0,interpolation_duration: 1}
$data merge entity $(bone_right_arm1) {transformation: [-1f,0f,0f,-0.25f,0f,-0.3388f,0.9409f,1.3196f,0f,0.9409f,0.3388f,0.0444f,0f,0f,0f,1f],start_interpolation: 0,interpolation_duration: 1}
data modify entity @s data merge value {"cameras":{},"locators":{"mouse":{"posx":-3.726623121037797e-17,"posy":1.4772541704451063,"posz":0.3043018708441011,"roty":0,"rotx":-0.5507510241238044},"left_arm":{"posx":0.3125000000000001,"posy":1.6003750755482837,"posz":-0.5831703570448213,"roty":180,"rotx":65.89151503164557},"right_arm":{"posx":-0.31249999999999994,"posy":1.5524901894906304,"posz":-0.602474913997532,"roty":180,"rotx":70.19531250000001}}}