# This file was generated by Animated Java via MC-Build. It is not recommended to edit this file directly.
$data merge entity $(bone_eyes) {transformation: [-1f,0f,0f,-0.0156f,0f,0.9999f,-0.0119f,1.7278f,0f,-0.0119f,-0.9999f,0.3024f,0f,0f,0f,1f],start_interpolation: 0,interpolation_duration: 1}
$data merge entity $(bone_head) {transformation: [-1f,0f,0f,0f,0f,0.9999f,-0.0119f,1.3811f,0f,-0.0119f,-0.9999f,0.0552f,0f,0f,0f,1f],start_interpolation: 0,interpolation_duration: 1}
$data merge entity $(bone_fabric_overray) {transformation: [-1f,0f,0f,0f,0f,0.9802f,0.1981f,1.3811f,0f,0.1981f,-0.9802f,0.0552f,0f,0f,0f,1f],start_interpolation: 0,interpolation_duration: 1}
$data merge entity $(bone_fabric) {transformation: [-1f,0f,0f,0f,0f,0.9802f,0.1981f,1.3811f,0f,0.1981f,-0.9802f,0.0552f,0f,0f,0f,1f],start_interpolation: 0,interpolation_duration: 1}
$data merge entity $(bone_bone_overray) {transformation: [-1f,0f,0f,0f,0f,0.9862f,0.1658f,1.3811f,0f,0.1658f,-0.9862f,0.0552f,0f,0f,0f,1f],start_interpolation: 0,interpolation_duration: 1}
$data merge entity $(bone_bone) {transformation: [-1f,0f,0f,0f,0f,0.9862f,0.1658f,1.3811f,0f,0.1658f,-0.9862f,0.0552f,0f,0f,0f,1f],start_interpolation: 0,interpolation_duration: 1}
$data merge entity $(bone_left_arm1) {transformation: [-1f,0f,0f,0.25f,0f,-0.0551f,0.9985f,1.3196f,0f,0.9985f,0.0551f,0.0444f,0f,0f,0f,1f],start_interpolation: 0,interpolation_duration: 1}
$data merge entity $(bone_right_arm1) {transformation: [-1f,0f,0f,-0.25f,0f,0.021f,0.9998f,1.3196f,0f,0.9998f,-0.021f,0.0444f,0f,0f,0f,1f],start_interpolation: 0,interpolation_duration: 1}
data modify entity @s data merge value {"cameras":{},"locators":{"mouse":{"posx":-3.723902340976898e-17,"posy":1.4778277628104322,"posz":0.3040797022920914,"roty":0,"rotx":-0.6827492034592643},"left_arm":{"posx":0.3125000000000001,"posy":1.3574653948425224,"posz":-0.6420924066461837,"roty":180,"rotx":86.83896607990508},"right_arm":{"posx":-0.3124999999999999,"posy":1.3050844006669884,"posz":-0.6429861347091901,"roty":0,"rotx":88.79394531250017}}}