# This file was generated by Animated Java via MC-Build. It is not recommended to edit this file directly.
$data merge entity $(bone_eyes) {transformation: [-1f,0f,0f,-0.0156f,0f,0.966f,-0.2584f,1.9172f,0f,-0.2584f,-0.966f,0.2091f,0f,0f,0f,1f],start_interpolation: 0,interpolation_duration: 1}
$data merge entity $(bone_head) {transformation: [-1f,0f,0f,0f,0f,0.966f,-0.2584f,1.5202f,0f,-0.2584f,-0.966f,0.0552f,0f,0f,0f,1f],start_interpolation: 0,interpolation_duration: 1}
$data merge entity $(bone_fabric_overray) {transformation: [-1f,0f,0f,0f,0f,0.9103f,0.4139f,1.5202f,0f,0.4139f,-0.9103f,0.0552f,0f,0f,0f,1f],start_interpolation: 0,interpolation_duration: 1}
$data merge entity $(bone_fabric) {transformation: [-1f,0f,0f,0f,0f,0.9103f,0.4139f,1.5202f,0f,0.4139f,-0.9103f,0.0552f,0f,0f,0f,1f],start_interpolation: 0,interpolation_duration: 1}
$data merge entity $(bone_bone_overray) {transformation: [-1f,0f,0f,0f,0f,0.9022f,0.4314f,1.5202f,0f,0.4314f,-0.9022f,0.0552f,0f,0f,0f,1f],start_interpolation: 0,interpolation_duration: 1}
$data merge entity $(bone_bone) {transformation: [-1f,0f,0f,0f,0f,0.9022f,0.4314f,1.5202f,0f,0.4314f,-0.9022f,0.0552f,0f,0f,0f,1f],start_interpolation: 0,interpolation_duration: 1}
$data merge entity $(bone_left_arm1) {transformation: [-1f,0f,0f,0.25f,0f,-0.4626f,-0.8866f,1.4587f,0f,-0.8866f,0.4626f,0.0444f,0f,0f,0f,1f],start_interpolation: 0,interpolation_duration: 1}
$data merge entity $(bone_right_arm1) {transformation: [-1f,0f,0f,-0.25f,0f,-0.4694f,-0.883f,1.4587f,0f,-0.883f,0.4694f,0.0444f,0f,0f,0f,1f],start_interpolation: 0,interpolation_duration: 1}
data modify entity @s data merge value {"cameras":{},"locators":{"mouse":{"posx":-3.33715712588497e-17,"posy":1.6753958183025883,"posz":0.2724995589102449,"roty":0,"rotx":-14.974965862539827},"left_arm":{"posx":0.31249999999999994,"posy":1.776709046509196,"posz":0.6538808322023499,"roty":180,"rotx":-62.44578145890853},"right_arm":{"posx":-0.31250000000000006,"posy":1.7814125822556242,"posz":0.651403483992547,"roty":180,"rotx":-62.002743484224986}}}