# This file was generated by Animated Java via MC-Build. It is not recommended to edit this file directly.
$data merge entity $(bone_eyes) {transformation: [-1f,0f,0f,-0.0156f,0f,0.9999f,-0.0129f,1.7281f,0f,-0.0129f,-0.9999f,0.302f,0f,0f,0f,1f],start_interpolation: 0,interpolation_duration: 1}
$data merge entity $(bone_head) {transformation: [-1f,0f,0f,0f,0f,0.9999f,-0.0129f,1.3811f,0f,-0.0129f,-0.9999f,0.0552f,0f,0f,0f,1f],start_interpolation: 0,interpolation_duration: 1}
$data merge entity $(bone_fabric_overray) {transformation: [-1f,0f,0f,0f,0f,0.9815f,0.1916f,1.3811f,0f,0.1916f,-0.9815f,0.0552f,0f,0f,0f,1f],start_interpolation: 0,interpolation_duration: 1}
$data merge entity $(bone_fabric) {transformation: [-1f,0f,0f,0f,0f,0.9815f,0.1916f,1.3811f,0f,0.1916f,-0.9815f,0.0552f,0f,0f,0f,1f],start_interpolation: 0,interpolation_duration: 1}
$data merge entity $(bone_bone_overray) {transformation: [-1f,0f,0f,0f,0f,0.9859f,0.1673f,1.3811f,0f,0.1673f,-0.9859f,0.0552f,0f,0f,0f,1f],start_interpolation: 0,interpolation_duration: 1}
$data merge entity $(bone_bone) {transformation: [-1f,0f,0f,0f,0f,0.9859f,0.1673f,1.3811f,0f,0.1673f,-0.9859f,0.0552f,0f,0f,0f,1f],start_interpolation: 0,interpolation_duration: 1}
$data merge entity $(bone_left_arm1) {transformation: [-1f,0f,0f,0.25f,0f,0.3154f,0.949f,1.3196f,0f,0.949f,-0.3154f,0.0444f,0f,0f,0f,1f],start_interpolation: 0,interpolation_duration: 1}
$data merge entity $(bone_right_arm1) {transformation: [-1f,0f,0f,-0.25f,0f,0.3877f,0.9218f,1.3196f,0f,0.9218f,-0.3877f,0.0444f,0f,0f,0f,1f],start_interpolation: 0,interpolation_duration: 1}
data modify entity @s data merge value {"cameras":{},"locators":{"mouse":{"posx":-3.722771768562401e-17,"posy":1.478064961388607,"posz":0.303987384048555,"roty":0,"rotx":-0.7373691397360044},"left_arm":{"posx":0.3125000000000001,"posy":1.1027498203594412,"posz":-0.6080583862243997,"roty":0,"rotx":71.61787974683547},"right_arm":{"posx":-0.31249999999999994,"posy":1.0529997204661021,"posz":-0.589361218615788,"roty":0,"rotx":67.18749999999999}}}