# This file was generated by Animated Java via MC-Build. It is not recommended to edit this file directly.
$data merge entity $(bone_eyes) {transformation: [-1f,0f,0f,-0.0156f,0f,0.9999f,-0.0127f,1.728f,0f,-0.0127f,-0.9999f,0.3021f,0f,0f,0f,1f],start_interpolation: 0,interpolation_duration: 1}
$data merge entity $(bone_head) {transformation: [-1f,0f,0f,0f,0f,0.9999f,-0.0127f,1.3811f,0f,-0.0127f,-0.9999f,0.0552f,0f,0f,0f,1f],start_interpolation: 0,interpolation_duration: 1}
$data merge entity $(bone_fabric_overray) {transformation: [-1f,0f,0f,0f,0f,0.9823f,0.1871f,1.3811f,0f,0.1871f,-0.9823f,0.0552f,0f,0f,0f,1f],start_interpolation: 0,interpolation_duration: 1}
$data merge entity $(bone_fabric) {transformation: [-1f,0f,0f,0f,0f,0.9823f,0.1871f,1.3811f,0f,0.1871f,-0.9823f,0.0552f,0f,0f,0f,1f],start_interpolation: 0,interpolation_duration: 1}
$data merge entity $(bone_bone_overray) {transformation: [-1f,0f,0f,0f,0f,0.9856f,0.1689f,1.3811f,0f,0.1689f,-0.9856f,0.0552f,0f,0f,0f,1f],start_interpolation: 0,interpolation_duration: 1}
$data merge entity $(bone_bone) {transformation: [-1f,0f,0f,0f,0f,0.9856f,0.1689f,1.3811f,0f,0.1689f,-0.9856f,0.0552f,0f,0f,0f,1f],start_interpolation: 0,interpolation_duration: 1}
$data merge entity $(bone_left_arm1) {transformation: [-1f,0f,0f,0.25f,0f,0.6329f,0.7743f,1.3196f,0f,0.7743f,-0.6329f,0.0444f,0f,0f,0f,1f],start_interpolation: 0,interpolation_duration: 1}
$data merge entity $(bone_right_arm1) {transformation: [-1f,0f,0f,-0.25f,0f,0.6916f,0.7223f,1.3196f,0f,0.7223f,-0.6916f,0.0444f,0f,0f,0f,1f],start_interpolation: 0,interpolation_duration: 1}
data modify entity @s data merge value {"cameras":{},"locators":{"mouse":{"posx":-3.722960389594526e-17,"posy":1.4780254344054893,"posz":0.3040027861246684,"roty":0,"rotx":-0.7282658170232179},"left_arm":{"posx":0.31250000000000006,"posy":0.8844658625783279,"posz":-0.48794825272365766,"roty":0,"rotx":50.73878807357609},"right_arm":{"posx":-0.31249999999999994,"posy":0.8440974022582374,"posz":-0.45222314682466036,"roty":0,"rotx":46.24511718750013}}}