# This file was generated by Animated Java via MC-Build. It is not recommended to edit this file directly.
$data merge entity $(bone_eyes) {transformation: [-1f,0f,0f,-0.0156f,0f,0.9999f,-0.0117f,1.7278f,0f,-0.0117f,-0.9999f,0.3024f,0f,0f,0f,1f],start_interpolation: 0,interpolation_duration: 1}
$data merge entity $(bone_head) {transformation: [-1f,0f,0f,0f,0f,0.9999f,-0.0117f,1.3811f,0f,-0.0117f,-0.9999f,0.0552f,0f,0f,0f,1f],start_interpolation: 0,interpolation_duration: 1}
$data merge entity $(bone_fabric_overray) {transformation: [-1f,0f,0f,0f,0f,0.9829f,0.1841f,1.3811f,0f,0.1841f,-0.9829f,0.0552f,0f,0f,0f,1f],start_interpolation: 0,interpolation_duration: 1}
$data merge entity $(bone_fabric) {transformation: [-1f,0f,0f,0f,0f,0.9829f,0.1841f,1.3811f,0f,0.1841f,-0.9829f,0.0552f,0f,0f,0f,1f],start_interpolation: 0,interpolation_duration: 1}
$data merge entity $(bone_bone_overray) {transformation: [-1f,0f,0f,0f,0f,0.9853f,0.1706f,1.3811f,0f,0.1706f,-0.9853f,0.0552f,0f,0f,0f,1f],start_interpolation: 0,interpolation_duration: 1}
$data merge entity $(bone_bone) {transformation: [-1f,0f,0f,0f,0f,0.9853f,0.1706f,1.3811f,0f,0.1706f,-0.9853f,0.0552f,0f,0f,0f,1f],start_interpolation: 0,interpolation_duration: 1}
$data merge entity $(bone_left_arm1) {transformation: [-1f,0f,0f,0.25f,0f,0.85f,0.5267f,1.3196f,0f,0.5267f,-0.85f,0.0444f,0f,0f,0f,1f],start_interpolation: 0,interpolation_duration: 1}
$data merge entity $(bone_right_arm1) {transformation: [-1f,0f,0f,-0.25f,0f,0.8892f,0.4575f,1.3196f,0f,0.4575f,-0.8892f,0.0444f,0f,0f,0f,1f],start_interpolation: 0,interpolation_duration: 1}
data modify entity @s data merge value {"cameras":{},"locators":{"mouse":{"posx":-3.7241845513557216e-17,"posy":1.477768449423251,"posz":0.304102746518314,"roty":0,"rotx":-0.6690942193900753},"left_arm":{"posx":0.31250000000000006,"posy":0.7351495724029522,"posz":-0.31775251801001586,"roty":0,"rotx":31.783524525316455},"right_arm":{"posx":-0.31249999999999994,"posy":0.7082269479311197,"posz":-0.270176712336659,"roty":0,"rotx":27.22656249999999}}}