# This file was generated by Animated Java via MC-Build. It is not recommended to edit this file directly.
$data merge entity $(bone_eyes) {transformation: [-1f,0f,0f,-0.0156f,0f,0.9999f,-0.01f,1.7274f,0f,-0.01f,-0.9999f,0.303f,0f,0f,0f,1f],start_interpolation: 0,interpolation_duration: 1}
$data merge entity $(bone_head) {transformation: [-1f,0f,0f,0f,0f,0.9999f,-0.01f,1.3811f,0f,-0.01f,-0.9999f,0.0552f,0f,0f,0f,1f],start_interpolation: 0,interpolation_duration: 1}
$data merge entity $(bone_fabric_overray) {transformation: [-1f,0f,0f,0f,0f,0.9832f,0.1823f,1.3811f,0f,0.1823f,-0.9832f,0.0552f,0f,0f,0f,1f],start_interpolation: 0,interpolation_duration: 1}
$data merge entity $(bone_fabric) {transformation: [-1f,0f,0f,0f,0f,0.9832f,0.1823f,1.3811f,0f,0.1823f,-0.9832f,0.0552f,0f,0f,0f,1f],start_interpolation: 0,interpolation_duration: 1}
$data merge entity $(bone_bone_overray) {transformation: [-1f,0f,0f,0f,0f,0.9851f,0.1721f,1.3811f,0f,0.1721f,-0.9851f,0.0552f,0f,0f,0f,1f],start_interpolation: 0,interpolation_duration: 1}
$data merge entity $(bone_bone) {transformation: [-1f,0f,0f,0f,0f,0.9851f,0.1721f,1.3811f,0f,0.1721f,-0.9851f,0.0552f,0f,0f,0f,1f],start_interpolation: 0,interpolation_duration: 1}
$data merge entity $(bone_left_arm1) {transformation: [-1f,0f,0f,0.25f,0f,0.9612f,0.2758f,1.3196f,0f,0.2758f,-0.9612f,0.0444f,0f,0f,0f,1f],start_interpolation: 0,interpolation_duration: 1}
$data merge entity $(bone_right_arm1) {transformation: [-1f,0f,0f,-0.25f,0f,0.9803f,0.1975f,1.3196f,0f,0.1975f,-0.9803f,0.0444f,0f,0f,0f,1f],start_interpolation: 0,interpolation_duration: 1}
data modify entity @s data merge value {"cameras":{},"locators":{"mouse":{"posx":-3.726155175695268e-17,"posy":1.4773531021727888,"posz":0.3042636602071358,"roty":0,"rotx":-0.5735093309057826},"left_arm":{"posx":0.3125,"posy":0.6587267559977362,"posz":-0.14527585433798323,"roty":0,"rotx":16.01185472705707},"right_arm":{"posx":-0.3125,"posy":0.6455986053209956,"posz":-0.09142907433499627,"roty":0,"rotx":11.3916015625001}}}