# This file was generated by Animated Java via MC-Build. It is not recommended to edit this file directly.
$data merge entity $(bone_eyes) {transformation: [-1f,0f,0f,-0.0156f,0f,1f,-0.0079f,1.7268f,0f,-0.0079f,-1f,0.3037f,0f,0f,0f,1f],start_interpolation: 0,interpolation_duration: 1}
$data merge entity $(bone_head) {transformation: [-1f,0f,0f,0f,0f,1f,-0.0079f,1.3811f,0f,-0.0079f,-1f,0.0552f,0f,0f,0f,1f],start_interpolation: 0,interpolation_duration: 1}
$data merge entity $(bone_fabric_overray) {transformation: [-1f,0f,0f,0f,0f,0.9834f,0.1813f,1.3811f,0f,0.1813f,-0.9834f,0.0552f,0f,0f,0f,1f],start_interpolation: 0,interpolation_duration: 1}
$data merge entity $(bone_fabric) {transformation: [-1f,0f,0f,0f,0f,0.9834f,0.1813f,1.3811f,0f,0.1813f,-0.9834f,0.0552f,0f,0f,0f,1f],start_interpolation: 0,interpolation_duration: 1}
$data merge entity $(bone_bone_overray) {transformation: [-1f,0f,0f,0f,0f,0.9848f,0.1735f,1.3811f,0f,0.1735f,-0.9848f,0.0552f,0f,0f,0f,1f],start_interpolation: 0,interpolation_duration: 1}
$data merge entity $(bone_bone) {transformation: [-1f,0f,0f,0f,0f,0.9848f,0.1735f,1.3811f,0f,0.1735f,-0.9848f,0.0552f,0f,0f,0f,1f],start_interpolation: 0,interpolation_duration: 1}
$data merge entity $(bone_left_arm1) {transformation: [-1f,0f,0f,0.25f,0f,0.9967f,0.0817f,1.3196f,0f,0.0817f,-0.9967f,0.0444f,0f,0f,0f,1f],start_interpolation: 0,interpolation_duration: 1}
$data merge entity $(bone_right_arm1) {transformation: [-1f,0f,0f,-0.25f,0f,1f,0f,1.3196f,0f,0f,-1f,0.0444f,0f,0f,0f,1f],start_interpolation: 0,interpolation_duration: 1}
data modify entity @s data merge value {"cameras":{},"locators":{"mouse":{"posx":-3.7285832350493426e-17,"posy":1.4768384917171082,"posz":0.30446192629951163,"roty":0,"rotx":-0.4551661356395083},"left_arm":{"posx":0.3125,"posy":0.6343505950787303,"posz":-0.011774372291431967,"roty":0,"rotx":4.683544303797494},"right_arm":{"posx":-0.3125,"posy":0.6320549493572353,"posz":0.04436155985346924,"roty":0,"rotx":2.544443745170814e-14}}}