# This file was generated by Animated Java via MC-Build. It is not recommended to edit this file directly.
$data merge entity $(bone_eyes) {transformation: [-1f,0f,0f,-0.0156f,0f,1f,-0.0057f,1.7263f,0f,-0.0057f,-1f,0.3045f,0f,0f,0f,1f],start_interpolation: 0,interpolation_duration: 1}
$data merge entity $(bone_head) {transformation: [-1f,0f,0f,0f,0f,1f,-0.0057f,1.3811f,0f,-0.0057f,-1f,0.0552f,0f,0f,0f,1f],start_interpolation: 0,interpolation_duration: 1}
$data merge entity $(bone_fabric_overray) {transformation: [-1f,0f,0f,0f,0f,0.9835f,0.1807f,1.3811f,0f,0.1807f,-0.9835f,0.0552f,0f,0f,0f,1f],start_interpolation: 0,interpolation_duration: 1}
$data merge entity $(bone_fabric) {transformation: [-1f,0f,0f,0f,0f,0.9835f,0.1807f,1.3811f,0f,0.1807f,-0.9835f,0.0552f,0f,0f,0f,1f],start_interpolation: 0,interpolation_duration: 1}
$data merge entity $(bone_bone_overray) {transformation: [-1f,0f,0f,0f,0f,0.9847f,0.1745f,1.3811f,0f,0.1745f,-0.9847f,0.0552f,0f,0f,0f,1f],start_interpolation: 0,interpolation_duration: 1}
$data merge entity $(bone_bone) {transformation: [-1f,0f,0f,0f,0f,0.9847f,0.1745f,1.3811f,0f,0.1745f,-0.9847f,0.0552f,0f,0f,0f,1f],start_interpolation: 0,interpolation_duration: 1}
$data merge entity $(bone_left_arm1) {transformation: [-1f,0f,0f,0.25f,0f,0.9978f,-0.0658f,1.3196f,0f,-0.0658f,-0.9978f,0.0444f,0f,0f,0f,1f],start_interpolation: 0,interpolation_duration: 1}
$data merge entity $(bone_right_arm1) {transformation: [-1f,0f,0f,-0.25f,0f,0.989f,-0.1482f,1.3196f,0f,-0.1482f,-0.989f,0.0444f,0f,0f,0f,1f],start_interpolation: 0,interpolation_duration: 1}
data modify entity @s data merge value {"cameras":{},"locators":{"mouse":{"posx":-3.7311835046752605e-17,"posy":1.476283839155135,"posz":0.3046742544277302,"roty":0,"rotx":-0.32771961766044616},"left_arm":{"posx":0.3125,"posy":0.6335451748072484,"posz":0.08960356712410536,"roty":0,"rotx":-3.7731645569620307},"right_arm":{"posx":-0.3125,"posy":0.639642056432255,"posz":0.1462178705778644,"roty":0,"rotx":-8.520000000000005}}}