# This file was generated by Animated Java via MC-Build. It is not recommended to edit this file directly.
$data merge entity $(bone_eyes) {transformation: [-1f,0f,0f,-0.0156f,0f,1f,-0.0036f,1.7258f,0f,-0.0036f,-1f,0.3052f,0f,0f,0f,1f],start_interpolation: 0,interpolation_duration: 1}
$data merge entity $(bone_head) {transformation: [-1f,0f,0f,0f,0f,1f,-0.0036f,1.3811f,0f,-0.0036f,-1f,0.0552f,0f,0f,0f,1f],start_interpolation: 0,interpolation_duration: 1}
$data merge entity $(bone_fabric_overray) {transformation: [-1f,0f,0f,0f,0f,0.9837f,0.18f,1.3811f,0f,0.18f,-0.9837f,0.0552f,0f,0f,0f,1f],start_interpolation: 0,interpolation_duration: 1}
$data merge entity $(bone_fabric) {transformation: [-1f,0f,0f,0f,0f,0.9837f,0.18f,1.3811f,0f,0.18f,-0.9837f,0.0552f,0f,0f,0f,1f],start_interpolation: 0,interpolation_duration: 1}
$data merge entity $(bone_bone_overray) {transformation: [-1f,0f,0f,0f,0f,0.9845f,0.1752f,1.3811f,0f,0.1752f,-0.9845f,0.0552f,0f,0f,0f,1f],start_interpolation: 0,interpolation_duration: 1}
$data merge entity $(bone_bone) {transformation: [-1f,0f,0f,0f,0f,0.9845f,0.1752f,1.3811f,0f,0.1752f,-0.9845f,0.0552f,0f,0f,0f,1f],start_interpolation: 0,interpolation_duration: 1}
$data merge entity $(bone_left_arm1) {transformation: [-1f,0f,0f,0.25f,0f,0.9979f,-0.0654f,1.3196f,0f,-0.0654f,-0.9979f,0.0444f,0f,0f,0f,1f],start_interpolation: 0,interpolation_duration: 1}
$data merge entity $(bone_right_arm1) {transformation: [-1f,0f,0f,-0.25f,0f,0.9889f,-0.1488f,1.3196f,0f,-0.1488f,-0.9889f,0.0444f,0f,0f,0f,1f],start_interpolation: 0,interpolation_duration: 1}
data modify entity @s data merge value {"cameras":{},"locators":{"mouse":{"posx":-3.733676592318366e-17,"posy":1.4757485495879556,"posz":0.3048778304828705,"roty":0,"rotx":-0.20482476103777916},"left_arm":{"posx":0.3125,"posy":0.6335268402929755,"posz":0.08932469557281356,"roty":0,"rotx":-3.7498734177215214},"right_arm":{"posx":-0.3125,"posy":0.6397133312365639,"posz":0.1466925144618742,"roty":0,"rotx":-8.560000000000002}}}