# This file was generated by Animated Java via MC-Build. It is not recommended to edit this file directly.
$data merge entity $(bone_eyes) {transformation: [-1f,0f,0f,-0.0156f,0f,1f,-0.0017f,1.7253f,0f,-0.0017f,-1f,0.3059f,0f,0f,0f,1f],start_interpolation: 0,interpolation_duration: 1}
$data merge entity $(bone_head) {transformation: [-1f,0f,0f,0f,0f,1f,-0.0017f,1.3811f,0f,-0.0017f,-1f,0.0552f,0f,0f,0f,1f],start_interpolation: 0,interpolation_duration: 1}
$data merge entity $(bone_fabric_overray) {transformation: [-1f,0f,0f,0f,0f,0.9839f,0.1789f,1.3811f,0f,0.1789f,-0.9839f,0.0552f,0f,0f,0f,1f],start_interpolation: 0,interpolation_duration: 1}
$data merge entity $(bone_fabric) {transformation: [-1f,0f,0f,0f,0f,0.9839f,0.1789f,1.3811f,0f,0.1789f,-0.9839f,0.0552f,0f,0f,0f,1f],start_interpolation: 0,interpolation_duration: 1}
$data merge entity $(bone_bone_overray) {transformation: [-1f,0f,0f,0f,0f,0.9845f,0.1753f,1.3811f,0f,0.1753f,-0.9845f,0.0552f,0f,0f,0f,1f],start_interpolation: 0,interpolation_duration: 1}
$data merge entity $(bone_bone) {transformation: [-1f,0f,0f,0f,0f,0.9845f,0.1753f,1.3811f,0f,0.1753f,-0.9845f,0.0552f,0f,0f,0f,1f],start_interpolation: 0,interpolation_duration: 1}
$data merge entity $(bone_left_arm1) {transformation: [-1f,0f,0f,0.25f,0f,0.9998f,0.018f,1.3196f,0f,0.018f,-0.9998f,0.0444f,0f,0f,0f,1f],start_interpolation: 0,interpolation_duration: 1}
$data merge entity $(bone_right_arm1) {transformation: [-1f,0f,0f,-0.25f,0f,0.9978f,-0.067f,1.3196f,0f,-0.067f,-0.9978f,0.0444f,0f,0f,0f,1f],start_interpolation: 0,interpolation_duration: 1}
data modify entity @s data merge value {"cameras":{},"locators":{"mouse":{"posx":-3.735789239076653e-17,"posy":1.4752922186425395,"posz":0.30505034118226215,"roty":0,"rotx":-0.10013654984069022},"left_arm":{"posx":0.3125,"posy":0.6321667739892982,"posz":0.03196210969073028,"roty":0,"rotx":1.0334177215189941},"right_arm":{"posx":-0.3125,"posy":0.6335984162637782,"posz":0.09040376556089658,"roty":0,"rotx":-3.8399999999999936}}}