# This file was generated by Animated Java via MC-Build. It is not recommended to edit this file directly.
$data merge entity $(bone_eyes) {transformation: [-1f,0f,0f,-0.0156f,0f,1f,-0.0005f,1.725f,0f,-0.0005f,-1f,0.3063f,0f,0f,0f,1f],start_interpolation: 0,interpolation_duration: 1}
$data merge entity $(bone_head) {transformation: [-1f,0f,0f,0f,0f,1f,-0.0005f,1.3811f,0f,-0.0005f,-1f,0.0552f,0f,0f,0f,1f],start_interpolation: 0,interpolation_duration: 1}
$data merge entity $(bone_fabric_overray) {transformation: [-1f,0f,0f,0f,0f,0.9842f,0.1769f,1.3811f,0f,0.1769f,-0.9842f,0.0552f,0f,0f,0f,1f],start_interpolation: 0,interpolation_duration: 1}
$data merge entity $(bone_fabric) {transformation: [-1f,0f,0f,0f,0f,0.9842f,0.1769f,1.3811f,0f,0.1769f,-0.9842f,0.0552f,0f,0f,0f,1f],start_interpolation: 0,interpolation_duration: 1}
$data merge entity $(bone_bone_overray) {transformation: [-1f,0f,0f,0f,0f,0.9846f,0.1748f,1.3811f,0f,0.1748f,-0.9846f,0.0552f,0f,0f,0f,1f],start_interpolation: 0,interpolation_duration: 1}
$data merge entity $(bone_bone) {transformation: [-1f,0f,0f,0f,0f,0.9846f,0.1748f,1.3811f,0f,0.1748f,-0.9846f,0.0552f,0f,0f,0f,1f],start_interpolation: 0,interpolation_duration: 1}
$data merge entity $(bone_left_arm1) {transformation: [-1f,0f,0f,0.25f,0f,0.9928f,0.1194f,1.3196f,0f,0.1194f,-0.9928f,0.0444f,0f,0f,0f,1f],start_interpolation: 0,interpolation_duration: 1}
$data merge entity $(bone_right_arm1) {transformation: [-1f,0f,0f,-0.25f,0f,0.9994f,0.0335f,1.3196f,0f,0.0335f,-0.9994f,0.0444f,0f,0f,0f,1f],start_interpolation: 0,interpolation_duration: 1}
data modify entity @s data merge value {"cameras":{},"locators":{"mouse":{"posx":-3.7372528823967905e-17,"posy":1.474974585481918,"posz":0.30516985672920655,"roty":0,"rotx":-0.027309968138370815},"left_arm":{"posx":0.3125,"posy":0.6369720657614986,"posz":-0.03771679918305762,"roty":0,"rotx":6.8567088607595},"right_arm":{"posx":-0.3125,"posy":0.6324409244306035,"posz":0.02132752527148281,"roty":0,"rotx":1.9200000000000077}}}