# This file was generated by Animated Java via MC-Build. It is not recommended to edit this file directly.
$data merge entity $(bone_eyes) {transformation: [-1f,0f,0f,-0.0156f,0f,0.9552f,-0.2961f,1.9428f,0f,-0.2961f,-0.9552f,0.1934f,0f,0f,0f,1f],start_interpolation: 0,interpolation_duration: 1}
$data merge entity $(bone_head) {transformation: [-1f,0f,0f,0f,0f,0.9552f,-0.2961f,1.5401f,0f,-0.2961f,-0.9552f,0.0552f,0f,0f,0f,1f],start_interpolation: 0,interpolation_duration: 1}
$data merge entity $(bone_fabric_overray) {transformation: [-1f,0f,0f,0f,0f,0.897f,0.4419f,1.5401f,0f,0.4419f,-0.897f,0.0552f,0f,0f,0f,1f],start_interpolation: 0,interpolation_duration: 1}
$data merge entity $(bone_fabric) {transformation: [-1f,0f,0f,0f,0f,0.897f,0.4419f,1.5401f,0f,0.4419f,-0.897f,0.0552f,0f,0f,0f,1f],start_interpolation: 0,interpolation_duration: 1}
$data merge entity $(bone_bone_overray) {transformation: [-1f,0f,0f,0f,0f,0.8848f,0.466f,1.5401f,0f,0.466f,-0.8848f,0.0552f,0f,0f,0f,1f],start_interpolation: 0,interpolation_duration: 1}
$data merge entity $(bone_bone) {transformation: [-1f,0f,0f,0f,0f,0.8848f,0.466f,1.5401f,0f,0.466f,-0.8848f,0.0552f,0f,0f,0f,1f],start_interpolation: 0,interpolation_duration: 1}
$data merge entity $(bone_left_arm1) {transformation: [-1f,0f,0f,0.25f,0f,-0.6849f,-0.7287f,1.4786f,0f,-0.7287f,0.6849f,0.0444f,0f,0f,0f,1f],start_interpolation: 0,interpolation_duration: 1}
$data merge entity $(bone_right_arm1) {transformation: [-1f,0f,0f,-0.25f,0f,-0.6913f,-0.7226f,1.4786f,0f,-0.7226f,0.6913f,0.0444f,0f,0f,0f,1f],start_interpolation: 0,interpolation_duration: 1}
data modify entity @s data merge value {"cameras":{},"locators":{"mouse":{"posx":-3.2605547334135143e-17,"posy":1.7036763115912985,"posz":0.26624449887785107,"roty":0,"rotx":-17.223486572598997},"left_arm":{"posx":0.31249999999999994,"posy":1.9493980485493596,"posz":0.5453236601596257,"roty":180,"rotx":-46.77519056797066},"right_arm":{"posx":-0.31250000000000006,"posy":1.9538066631705886,"posz":0.5411432609229335,"roty":180,"rotx":-46.26886145404662}}}