# This file was generated by Animated Java via MC-Build. It is not recommended to edit this file directly.
$data merge entity $(bone_eyes) {transformation: [-1f,0f,0f,-0.0156f,0f,0.945f,-0.327f,1.9636f,0f,-0.327f,-0.945f,0.1802f,0f,0f,0f,1f],start_interpolation: 0,interpolation_duration: 1}
$data merge entity $(bone_head) {transformation: [-1f,0f,0f,0f,0f,0.945f,-0.327f,1.5566f,0f,-0.327f,-0.945f,0.0552f,0f,0f,0f,1f],start_interpolation: 0,interpolation_duration: 1}
$data merge entity $(bone_fabric_overray) {transformation: [-1f,0f,0f,0f,0f,0.887f,0.4617f,1.5566f,0f,0.4617f,-0.887f,0.0552f,0f,0f,0f,1f],start_interpolation: 0,interpolation_duration: 1}
$data merge entity $(bone_fabric) {transformation: [-1f,0f,0f,0f,0f,0.887f,0.4617f,1.5566f,0f,0.4617f,-0.887f,0.0552f,0f,0f,0f,1f],start_interpolation: 0,interpolation_duration: 1}
$data merge entity $(bone_bone_overray) {transformation: [-1f,0f,0f,0f,0f,0.866f,0.5f,1.5566f,0f,0.5f,-0.866f,0.0552f,0f,0f,0f,1f],start_interpolation: 0,interpolation_duration: 1}
$data merge entity $(bone_bone) {transformation: [-1f,0f,0f,0f,0f,0.866f,0.5f,1.5566f,0f,0.5f,-0.866f,0.0552f,0f,0f,0f,1f],start_interpolation: 0,interpolation_duration: 1}
$data merge entity $(bone_left_arm1) {transformation: [-1f,0f,0f,0.25f,0f,-0.8134f,-0.5817f,1.4951f,0f,-0.5817f,0.8134f,0.0444f,0f,0f,0f,1f],start_interpolation: 0,interpolation_duration: 1}
$data merge entity $(bone_right_arm1) {transformation: [-1f,0f,0f,-0.25f,0f,-0.8192f,-0.5736f,1.4951f,0f,-0.5736f,0.8192f,0.0444f,0f,0f,0f,1f],start_interpolation: 0,interpolation_duration: 1}
data modify entity @s data merge value {"cameras":{},"locators":{"mouse":{"posx":-3.19395043327448e-17,"posy":1.726961797233112,"posz":0.2608058450402379,"roty":0,"rotx":-19.089667728720983},"left_arm":{"posx":0.31249999999999994,"posy":2.054273845735487,"posz":0.44427464532766386,"roty":180,"rotx":-35.56962025316457},"right_arm":{"posx":-0.31250000000000006,"posy":2.058221979805917,"posz":0.438695359844814,"roty":180,"rotx":-35.00000000000003}}}