# This file was generated by Animated Java via MC-Build. It is not recommended to edit this file directly.
$data merge entity $(bone_eyes) {transformation: [-1f,0.0045f,-0.0016f,-0.0137f,0.0045f,1f,0.0001f,1.7257f,0.0016f,0f,-1f,0.3063f,0f,0f,0f,1f],start_interpolation: 0,interpolation_duration: 1}
$data merge entity $(bone_head) {transformation: [-1f,0.0045f,-0.0016f,0f,0.0045f,1f,0.0001f,1.3819f,0.0016f,0f,-1f,0.055f,0f,0f,0f,1f],start_interpolation: 0,interpolation_duration: 1}
$data merge entity $(bone_fabric_overray) {transformation: [-1f,0f,0f,0f,0f,0.9849f,0.1729f,1.3819f,0f,0.1729f,-0.9849f,0.055f,0f,0f,0f,1f],start_interpolation: 0,interpolation_duration: 1}
$data merge entity $(bone_fabric) {transformation: [-1f,0f,0f,0f,0f,0.9849f,0.1729f,1.3819f,0f,0.1729f,-0.9849f,0.055f,0f,0f,0f,1f],start_interpolation: 0,interpolation_duration: 1}
$data merge entity $(bone_bone_overray) {transformation: [-1f,0f,0f,0f,0f,0.9864f,0.1643f,1.3819f,0f,0.1643f,-0.9864f,0.055f,0f,0f,0f,1f],start_interpolation: 0,interpolation_duration: 1}
$data merge entity $(bone_bone) {transformation: [-1f,0f,0f,0f,0f,0.9864f,0.1643f,1.3819f,0f,0.1643f,-0.9864f,0.055f,0f,0f,0f,1f],start_interpolation: 0,interpolation_duration: 1}
$data merge entity $(bone_left_arm1) {transformation: [-1f,-0.0009f,0f,0.25f,-0.0009f,0.9849f,0.1729f,1.323f,-0.0002f,0.1729f,-0.9849f,0.0446f,0f,0f,0f,1f],start_interpolation: 0,interpolation_duration: 1}
$data merge entity $(bone_right_arm1) {transformation: [-1f,0.0009f,0f,-0.25f,0.0009f,0.9849f,0.1729f,1.323f,0.0002f,0.1729f,-0.9849f,0.0446f,0f,0f,0f,1f],start_interpolation: 0,interpolation_duration: 1}
data modify entity @s data merge value {"cameras":{},"locators":{"mouse":{"posx":0.0008302734337302493,"posy":1.4755932457632293,"posz":0.3049656499716022,"roty":359.90642882715997,"rotx":0.003018094080243389},"left_arm":{"posx":0.3131524249187123,"posy":0.6458836371883377,"posz":-0.07420816226721595,"roty":0,"rotx":9.95453125},"right_arm":{"posx":-0.3131524249187123,"posy":0.6458836371883377,"posz":-0.07420816226721602,"roty":0,"rotx":9.95453125}}}