# This file was generated by Animated Java via MC-Build. It is not recommended to edit this file directly.
$data merge entity $(bone_eyes) {transformation: [-0.9982f,0.0594f,-0.0098f,0.0073f,0.0594f,0.9982f,0.0007f,1.7788f,0.0098f,0.0001f,-1f,0.2884f,0f,0f,0f,1f],start_interpolation: 0,interpolation_duration: 1}
$data merge entity $(bone_head) {transformation: [-0.9982f,0.0594f,-0.0098f,0f,0.0594f,0.9982f,0.0007f,1.4349f,0.0098f,0.0001f,-1f,0.037f,0f,0f,0f,1f],start_interpolation: 0,interpolation_duration: 1}
$data merge entity $(bone_fabric_overray) {transformation: [-1f,0f,0f,0f,0f,0.9931f,0.117f,1.4349f,0f,0.117f,-0.9931f,0.037f,0f,0f,0f,1f],start_interpolation: 0,interpolation_duration: 1}
$data merge entity $(bone_fabric) {transformation: [-1f,0f,0f,0f,0f,0.9931f,0.117f,1.4349f,0f,0.117f,-0.9931f,0.037f,0f,0f,0f,1f],start_interpolation: 0,interpolation_duration: 1}
$data merge entity $(bone_bone_overray) {transformation: [-1f,0f,0f,0f,0f,0.9996f,0.03f,1.4349f,0f,0.03f,-0.9996f,0.037f,0f,0f,0f,1f],start_interpolation: 0,interpolation_duration: 1}
$data merge entity $(bone_bone) {transformation: [-1f,0f,0f,0f,0f,0.9996f,0.03f,1.4349f,0f,0.03f,-0.9996f,0.037f,0f,0f,0f,1f],start_interpolation: 0,interpolation_duration: 1}
$data merge entity $(bone_left_arm1) {transformation: [-0.9979f,-0.0654f,0f,0.25f,-0.065f,0.991f,0.117f,1.3998f,-0.0077f,0.1167f,-0.9931f,0.0329f,0f,0f,0f,1f],start_interpolation: 0,interpolation_duration: 1}
$data merge entity $(bone_right_arm1) {transformation: [-0.9979f,0.0654f,0f,-0.25f,0.065f,0.991f,0.117f,1.3998f,0.0077f,0.1167f,-0.9931f,0.0329f,0f,0f,0f,1f],start_interpolation: 0,interpolation_duration: 1}
data modify entity @s data merge value {"cameras":{},"locators":{"mouse":{"posx":0.008024983042787572,"posy":1.5282650407798852,"posz":0.28698832937369095,"roty":359.43715371752353,"rotx":0.03965127974800792},"left_arm":{"posx":0.3573308340481361,"posy":0.7225131002481145,"posz":-0.04692672271861256,"roty":0,"rotx":6.71875},"right_arm":{"posx":-0.35733083404813604,"posy":0.7225131002481145,"posz":-0.046926722718612646,"roty":0,"rotx":6.71875}}}