# This file was generated by Animated Java via MC-Build. It is not recommended to edit this file directly.
$data merge entity $(bone_eyes) {transformation: [-0.9978f,0.0653f,-0.0096f,0.0093f,0.0653f,0.9979f,0.0007f,1.7871f,0.0096f,0.0001f,-1f,0.2855f,0f,0f,0f,1f],start_interpolation: 0,interpolation_duration: 1}
$data merge entity $(bone_head) {transformation: [-0.9978f,0.0653f,-0.0096f,0f,0.0653f,0.9979f,0.0007f,1.4433f,0.0096f,0.0001f,-1f,0.0341f,0f,0f,0f,1f],start_interpolation: 0,interpolation_duration: 1}
$data merge entity $(bone_fabric_overray) {transformation: [-1f,0f,0f,0f,0f,0.9942f,0.108f,1.4433f,0f,0.108f,-0.9942f,0.0341f,0f,0f,0f,1f],start_interpolation: 0,interpolation_duration: 1}
$data merge entity $(bone_fabric) {transformation: [-1f,0f,0f,0f,0f,0.9942f,0.108f,1.4433f,0f,0.108f,-0.9942f,0.0341f,0f,0f,0f,1f],start_interpolation: 0,interpolation_duration: 1}
$data merge entity $(bone_bone_overray) {transformation: [-1f,0f,0f,0f,0f,0.9994f,0.0333f,1.4433f,0f,0.0333f,-0.9994f,0.0341f,0f,0f,0f,1f],start_interpolation: 0,interpolation_duration: 1}
$data merge entity $(bone_bone) {transformation: [-1f,0f,0f,0f,0f,0.9994f,0.0333f,1.4433f,0f,0.0333f,-0.9994f,0.0341f,0f,0f,0f,1f],start_interpolation: 0,interpolation_duration: 1}
$data merge entity $(bone_left_arm1) {transformation: [-0.9972f,-0.0752f,0f,0.25f,-0.0747f,0.9913f,0.108f,1.4108f,-0.0081f,0.1077f,-0.9942f,0.0306f,0f,0f,0f,1f],start_interpolation: 0,interpolation_duration: 1}
$data merge entity $(bone_right_arm1) {transformation: [-0.9972f,0.0752f,0f,-0.25f,0.0747f,0.9913f,0.108f,1.4108f,0.0081f,0.1077f,-0.9942f,0.0306f,0f,0f,0f,1f],start_interpolation: 0,interpolation_duration: 1}
data modify entity @s data merge value {"cameras":{},"locators":{"mouse":{"posx":0.008521574856488981,"posy":1.5366277276387628,"posz":0.28411157473379495,"roty":359.4498136648156,"rotx":0.04130668247050474},"left_arm":{"posx":0.36399820654852566,"posy":0.7339646990419612,"posz":-0.04293745528194897,"roty":0,"rotx":6.199843749999998},"right_arm":{"posx":-0.36399820654852566,"posy":0.7339646990419612,"posz":-0.04293745528194906,"roty":0,"rotx":6.199843749999998}}}