# This file was generated by Animated Java via MC-Build. It is not recommended to edit this file directly.
$data merge entity $(bone_eyes) {transformation: [-0.9975f,0.0708f,-0.0091f,0.011f,0.0708f,0.9975f,0.0007f,1.7955f,0.0092f,0.0001f,-1f,0.2826f,0f,0f,0f,1f],start_interpolation: 0,interpolation_duration: 1}
$data merge entity $(bone_head) {transformation: [-0.9975f,0.0708f,-0.0091f,0f,0.0708f,0.9975f,0.0007f,1.4517f,0.0092f,0.0001f,-1f,0.0312f,0f,0f,0f,1f],start_interpolation: 0,interpolation_duration: 1}
$data merge entity $(bone_fabric_overray) {transformation: [-1f,0f,0f,0f,0f,0.9951f,0.099f,1.4517f,0f,0.099f,-0.9951f,0.0312f,0f,0f,0f,1f],start_interpolation: 0,interpolation_duration: 1}
$data merge entity $(bone_fabric) {transformation: [-1f,0f,0f,0f,0f,0.9951f,0.099f,1.4517f,0f,0.099f,-0.9951f,0.0312f,0f,0f,0f,1f],start_interpolation: 0,interpolation_duration: 1}
$data merge entity $(bone_bone_overray) {transformation: [-1f,0f,0f,0f,0f,0.9993f,0.0366f,1.4517f,0f,0.0366f,-0.9993f,0.0312f,0f,0f,0f,1f],start_interpolation: 0,interpolation_duration: 1}
$data merge entity $(bone_bone) {transformation: [-1f,0f,0f,0f,0f,0.9993f,0.0366f,1.4517f,0f,0.0366f,-0.9993f,0.0312f,0f,0f,0f,1f],start_interpolation: 0,interpolation_duration: 1}
$data merge entity $(bone_left_arm1) {transformation: [-0.9964f,-0.0847f,0f,0.25f,-0.0843f,0.9915f,0.099f,1.4219f,-0.0084f,0.0986f,-0.9951f,0.0283f,0f,0f,0f,1f],start_interpolation: 0,interpolation_duration: 1}
$data merge entity $(bone_right_arm1) {transformation: [-0.9964f,0.0847f,0f,-0.25f,0.0843f,0.9915f,0.099f,1.4219f,0.0084f,0.0986f,-0.9951f,0.0283f,0f,0f,0f,1f],start_interpolation: 0,interpolation_duration: 1}
data modify entity @s data merge value {"cameras":{},"locators":{"mouse":{"posx":0.00891915508896507,"posy":1.544984530625567,"posz":0.2812326367179434,"roty":359.4761523457918,"rotx":0.041699478744989166},"left_arm":{"posx":0.3705212018254625,"posy":0.7455111422820409,"posz":-0.03899749688773817,"roty":0,"rotx":5.6800000000000015},"right_arm":{"posx":-0.3705212018254625,"posy":0.7455111422820409,"posz":-0.03899749688773826,"roty":0,"rotx":5.6800000000000015}}}