# This file was generated by Animated Java via MC-Build. It is not recommended to edit this file directly.
$data merge entity $(bone_eyes) {transformation: [-0.9971f,0.0757f,-0.0085f,0.0126f,0.0757f,0.9971f,0.0007f,1.8037f,0.0085f,0.0001f,-1f,0.2798f,0f,0f,0f,1f],start_interpolation: 0,interpolation_duration: 1}
$data merge entity $(bone_head) {transformation: [-0.9971f,0.0757f,-0.0085f,0f,0.0757f,0.9971f,0.0007f,1.4599f,0.0085f,0.0001f,-1f,0.0284f,0f,0f,0f,1f],start_interpolation: 0,interpolation_duration: 1}
$data merge entity $(bone_fabric_overray) {transformation: [-1f,0f,0f,0f,0f,0.9959f,0.0901f,1.4599f,0f,0.0901f,-0.9959f,0.0284f,0f,0f,0f,1f],start_interpolation: 0,interpolation_duration: 1}
$data merge entity $(bone_fabric) {transformation: [-1f,0f,0f,0f,0f,0.9959f,0.0901f,1.4599f,0f,0.0901f,-0.9959f,0.0284f,0f,0f,0f,1f],start_interpolation: 0,interpolation_duration: 1}
$data merge entity $(bone_bone_overray) {transformation: [-1f,0f,0f,0f,0f,0.9992f,0.04f,1.4599f,0f,0.04f,-0.9992f,0.0284f,0f,0f,0f,1f],start_interpolation: 0,interpolation_duration: 1}
$data merge entity $(bone_bone) {transformation: [-1f,0f,0f,0f,0f,0.9992f,0.04f,1.4599f,0f,0.04f,-0.9992f,0.0284f,0f,0f,0f,1f],start_interpolation: 0,interpolation_duration: 1}
$data merge entity $(bone_left_arm1) {transformation: [-0.9956f,-0.0939f,0f,0.25f,-0.0935f,0.9915f,0.0901f,1.4328f,-0.0085f,0.0897f,-0.9959f,0.026f,0f,0f,0f,1f],start_interpolation: 0,interpolation_duration: 1}
$data merge entity $(bone_right_arm1) {transformation: [-0.9956f,0.0939f,0f,-0.25f,0.0935f,0.9915f,0.0901f,1.4328f,0.0085f,0.0897f,-0.9959f,0.026f,0f,0f,0f,1f],start_interpolation: 0,interpolation_duration: 1}
data modify entity @s data merge value {"cameras":{},"locators":{"mouse":{"posx":0.009212511074303468,"posy":1.5532016186913353,"posz":0.278398388683265,"roty":359.51513560171213,"rotx":0.040714395110802444},"left_arm":{"posx":0.3767666424747983,"posy":0.7569968950534236,"posz":-0.035167947210476766,"roty":0,"rotx":5.167656250000002},"right_arm":{"posx":-0.3767666424747983,"posy":0.7569968950534236,"posz":-0.03516794721047688,"roty":0,"rotx":5.167656250000002}}}