# This file was generated by Animated Java via MC-Build. It is not recommended to edit this file directly.
$data merge entity $(bone_eyes) {transformation: [-0.9968f,0.08f,-0.0076f,0.0138f,0.08f,0.9968f,0.0007f,1.8116f,0.0076f,0.0001f,-1f,0.277f,0f,0f,0f,1f],start_interpolation: 0,interpolation_duration: 1}
$data merge entity $(bone_head) {transformation: [-0.9968f,0.08f,-0.0076f,0f,0.08f,0.9968f,0.0007f,1.4679f,0.0076f,0.0001f,-1f,0.0257f,0f,0f,0f,1f],start_interpolation: 0,interpolation_duration: 1}
$data merge entity $(bone_fabric_overray) {transformation: [-1f,0f,0f,0f,0f,0.9967f,0.0814f,1.4679f,0f,0.0814f,-0.9967f,0.0257f,0f,0f,0f,1f],start_interpolation: 0,interpolation_duration: 1}
$data merge entity $(bone_fabric) {transformation: [-1f,0f,0f,0f,0f,0.9967f,0.0814f,1.4679f,0f,0.0814f,-0.9967f,0.0257f,0f,0f,0f,1f],start_interpolation: 0,interpolation_duration: 1}
$data merge entity $(bone_bone_overray) {transformation: [-1f,0f,0f,0f,0f,0.999f,0.0437f,1.4679f,0f,0.0437f,-0.999f,0.0257f,0f,0f,0f,1f],start_interpolation: 0,interpolation_duration: 1}
$data merge entity $(bone_bone) {transformation: [-1f,0f,0f,0f,0f,0.999f,0.0437f,1.4679f,0f,0.0437f,-0.999f,0.0257f,0f,0f,0f,1f],start_interpolation: 0,interpolation_duration: 1}
$data merge entity $(bone_left_arm1) {transformation: [-0.9947f,-0.1024f,0f,0.25f,-0.1021f,0.9914f,0.0814f,1.4435f,-0.0083f,0.081f,-0.9967f,0.0237f,0f,0f,0f,1f],start_interpolation: 0,interpolation_duration: 1}
$data merge entity $(bone_right_arm1) {transformation: [-0.9947f,0.1024f,0f,-0.25f,0.1021f,0.9914f,0.0814f,1.4435f,0.0083f,0.081f,-0.9967f,0.0237f,0f,0f,0f,1f],start_interpolation: 0,interpolation_duration: 1}
data modify entity @s data merge value {"cameras":{},"locators":{"mouse":{"posx":0.00939804581448424,"posy":1.5611466497386448,"posz":0.2756554221339894,"roty":359.5653749324591,"rotx":0.03830306599046671},"left_arm":{"posx":0.382602318068606,"posy":0.7682594584353052,"posz":-0.03150748561252016,"roty":0,"rotx":4.6712500000000015},"right_arm":{"posx":-0.38260231806860595,"posy":0.7682594584353052,"posz":-0.03150748561252026,"roty":0,"rotx":4.6712500000000015}}}