# This file was generated by Animated Java via MC-Build. It is not recommended to edit this file directly.
$data merge entity $(bone_eyes) {transformation: [-0.9965f,0.0836f,-0.0065f,0.0148f,0.0836f,0.9965f,0.0006f,1.8191f,0.0066f,0.0001f,-1f,0.2744f,0f,0f,0f,1f],start_interpolation: 0,interpolation_duration: 1}
$data merge entity $(bone_head) {transformation: [-0.9965f,0.0836f,-0.0065f,0f,0.0836f,0.9965f,0.0006f,1.4754f,0.0066f,0.0001f,-1f,0.0231f,0f,0f,0f,1f],start_interpolation: 0,interpolation_duration: 1}
$data merge entity $(bone_fabric_overray) {transformation: [-1f,0f,0f,0f,0f,0.9973f,0.0732f,1.4754f,0f,0.0732f,-0.9973f,0.0231f,0f,0f,0f,1f],start_interpolation: 0,interpolation_duration: 1}
$data merge entity $(bone_fabric) {transformation: [-1f,0f,0f,0f,0f,0.9973f,0.0732f,1.4754f,0f,0.0732f,-0.9973f,0.0231f,0f,0f,0f,1f],start_interpolation: 0,interpolation_duration: 1}
$data merge entity $(bone_bone_overray) {transformation: [-1f,0f,0f,0f,0f,0.9989f,0.0478f,1.4754f,0f,0.0478f,-0.9989f,0.0231f,0f,0f,0f,1f],start_interpolation: 0,interpolation_duration: 1}
$data merge entity $(bone_bone) {transformation: [-1f,0f,0f,0f,0f,0.9989f,0.0478f,1.4754f,0f,0.0478f,-0.9989f,0.0231f,0f,0f,0f,1f],start_interpolation: 0,interpolation_duration: 1}
$data merge entity $(bone_left_arm1) {transformation: [-0.9939f,-0.1102f,0f,0.25f,-0.1099f,0.9912f,0.0732f,1.4537f,-0.0081f,0.0728f,-0.9973f,0.0215f,0f,0f,0f,1f],start_interpolation: 0,interpolation_duration: 1}
$data merge entity $(bone_right_arm1) {transformation: [-0.9939f,0.1102f,0f,-0.25f,0.1099f,0.9912f,0.0732f,1.4537f,0.0081f,0.0728f,-0.9973f,0.0215f,0f,0f,0f,1f],start_interpolation: 0,interpolation_duration: 1}
data modify entity @s data merge value {"cameras":{},"locators":{"mouse":{"posx":0.009473535988648932,"posy":1.5686885866380527,"posz":0.27305003729081256,"roty":359.62518980405525,"rotx":0.0344896627358181},"left_arm":{"posx":0.38789695313969186,"posy":0.7791302576068251,"posz":-0.028072109882862305,"roty":0,"rotx":4.199218750000001},"right_arm":{"posx":-0.38789695313969186,"posy":0.7791302576068251,"posz":-0.028072109882862392,"roty":0,"rotx":4.199218750000001}}}