# This file was generated by Animated Java via MC-Build. It is not recommended to edit this file directly.
$data merge entity $(bone_eyes) {transformation: [-0.9962f,0.0864f,-0.0054f,0.0155f,0.0864f,0.9963f,0.0005f,1.8261f,0.0054f,0f,-1f,0.272f,0f,0f,0f,1f],start_interpolation: 0,interpolation_duration: 1}
$data merge entity $(bone_head) {transformation: [-0.9962f,0.0864f,-0.0054f,0f,0.0864f,0.9963f,0.0005f,1.4824f,0.0054f,0f,-1f,0.0206f,0f,0f,0f,1f],start_interpolation: 0,interpolation_duration: 1}
$data merge entity $(bone_fabric_overray) {transformation: [-1f,0f,0f,0f,0f,0.9978f,0.0656f,1.4824f,0f,0.0656f,-0.9978f,0.0206f,0f,0f,0f,1f],start_interpolation: 0,interpolation_duration: 1}
$data merge entity $(bone_fabric) {transformation: [-1f,0f,0f,0f,0f,0.9978f,0.0656f,1.4824f,0f,0.0656f,-0.9978f,0.0206f,0f,0f,0f,1f],start_interpolation: 0,interpolation_duration: 1}
$data merge entity $(bone_bone_overray) {transformation: [-1f,0f,0f,0f,0f,0.9993f,0.0375f,1.4824f,0f,0.0375f,-0.9993f,0.0206f,0f,0f,0f,1f],start_interpolation: 0,interpolation_duration: 1}
$data merge entity $(bone_bone) {transformation: [-1f,0f,0f,0f,0f,0.9993f,0.0375f,1.4824f,0f,0.0375f,-0.9993f,0.0206f,0f,0f,0f,1f],start_interpolation: 0,interpolation_duration: 1}
$data merge entity $(bone_left_arm1) {transformation: [-0.9931f,-0.117f,0f,0.25f,-0.1168f,0.991f,0.0656f,1.4634f,-0.0077f,0.0651f,-0.9978f,0.0194f,0f,0f,0f,1f],start_interpolation: 0,interpolation_duration: 1}
$data merge entity $(bone_right_arm1) {transformation: [-0.9931f,0.117f,0f,-0.25f,0.1168f,0.991f,0.0656f,1.4634f,0.0077f,0.0651f,-0.9978f,0.0194f,0f,0f,0f,1f],start_interpolation: 0,interpolation_duration: 1}
data modify entity @s data merge value {"cameras":{},"locators":{"mouse":{"posx":0.009437806913491447,"posy":1.575697456790083,"posz":0.2706282562308022,"roty":359.6926869293567,"rotx":0.029371610994429705},"left_arm":{"posx":0.39252008716376796,"posy":0.7894358738143988,"posz":-0.02491500400190828,"roty":0,"rotx":3.7600000000000016},"right_arm":{"posx":-0.3925200871637679,"posy":0.7894358738143988,"posz":-0.024915004001908384,"roty":0,"rotx":3.7600000000000025}}}