# This file was generated by Animated Java via MC-Build. It is not recommended to edit this file directly.
$data merge entity $(bone_eyes) {transformation: [-0.9961f,0.0882f,-0.0041f,0.0158f,0.0882f,0.9961f,0.0004f,1.8324f,0.0041f,0f,-1f,0.2698f,0f,0f,0f,1f],start_interpolation: 0,interpolation_duration: 1}
$data merge entity $(bone_head) {transformation: [-0.9961f,0.0882f,-0.0041f,0f,0.0882f,0.9961f,0.0004f,1.4888f,0.0041f,0f,-1f,0.0184f,0f,0f,0f,1f],start_interpolation: 0,interpolation_duration: 1}
$data merge entity $(bone_fabric_overray) {transformation: [-1f,0f,0f,0f,0f,0.9983f,0.0586f,1.4888f,0f,0.0586f,-0.9983f,0.0184f,0f,0f,0f,1f],start_interpolation: 0,interpolation_duration: 1}
$data merge entity $(bone_fabric) {transformation: [-1f,0f,0f,0f,0f,0.9983f,0.0586f,1.4888f,0f,0.0586f,-0.9983f,0.0184f,0f,0f,0f,1f],start_interpolation: 0,interpolation_duration: 1}
$data merge entity $(bone_bone_overray) {transformation: [-1f,0f,0f,0f,0f,0.9996f,0.028f,1.4888f,0f,0.028f,-0.9996f,0.0184f,0f,0f,0f,1f],start_interpolation: 0,interpolation_duration: 1}
$data merge entity $(bone_bone) {transformation: [-1f,0f,0f,0f,0f,0.9996f,0.028f,1.4888f,0f,0.028f,-0.9996f,0.0184f,0f,0f,0f,1f],start_interpolation: 0,interpolation_duration: 1}
$data merge entity $(bone_left_arm1) {transformation: [-0.9925f,-0.1226f,0f,0.25f,-0.1224f,0.9907f,0.0586f,1.4725f,-0.0072f,0.0582f,-0.9983f,0.0175f,0f,0f,0f,1f],start_interpolation: 0,interpolation_duration: 1}
$data merge entity $(bone_right_arm1) {transformation: [-0.9925f,0.1226f,0f,-0.25f,0.1224f,0.9907f,0.0586f,1.4725f,0.0072f,0.0582f,-0.9983f,0.0175f,0f,0f,0f,1f],start_interpolation: 0,interpolation_duration: 1}
data modify entity @s data merge value {"cameras":{},"locators":{"mouse":{"posx":0.00929032511617441,"posy":1.5820440574386543,"posz":0.26843585942686005,"roty":359.76585608875007,"rotx":0.023115277666756556},"left_arm":{"posx":0.3963418580083876,"posy":0.7989996065892305,"posz":-0.022086565846602672,"roty":0,"rotx":3.3620312499999985},"right_arm":{"posx":-0.39634185800838756,"posy":0.7989996065892305,"posz":-0.02208656584660277,"roty":0,"rotx":3.3620312499999985}}}