# This file was generated by Animated Java via MC-Build. It is not recommended to edit this file directly.
$data merge entity $(bone_eyes) {transformation: [-0.996f,0.089f,-0.0027f,0.0157f,0.089f,0.996f,0.0003f,1.838f,0.0028f,0f,-1f,0.2678f,0f,0f,0f,1f],start_interpolation: 0,interpolation_duration: 1}
$data merge entity $(bone_head) {transformation: [-0.996f,0.089f,-0.0027f,0f,0.089f,0.996f,0.0003f,1.4943f,0.0028f,0f,-1f,0.0165f,0f,0f,0f,1f],start_interpolation: 0,interpolation_duration: 1}
$data merge entity $(bone_fabric_overray) {transformation: [-1f,0f,0f,0f,0f,0.9986f,0.0526f,1.4943f,0f,0.0526f,-0.9986f,0.0165f,0f,0f,0f,1f],start_interpolation: 0,interpolation_duration: 1}
$data merge entity $(bone_fabric) {transformation: [-1f,0f,0f,0f,0f,0.9986f,0.0526f,1.4943f,0f,0.0526f,-0.9986f,0.0165f,0f,0f,0f,1f],start_interpolation: 0,interpolation_duration: 1}
$data merge entity $(bone_bone_overray) {transformation: [-1f,0f,0f,0f,0f,0.9998f,0.0193f,1.4943f,0f,0.0193f,-0.9998f,0.0165f,0f,0f,0f,1f],start_interpolation: 0,interpolation_duration: 1}
$data merge entity $(bone_bone) {transformation: [-1f,0f,0f,0f,0f,0.9998f,0.0193f,1.4943f,0f,0.0193f,-0.9998f,0.0165f,0f,0f,0f,1f],start_interpolation: 0,interpolation_duration: 1}
$data merge entity $(bone_left_arm1) {transformation: [-0.9919f,-0.1269f,0f,0.25f,-0.1267f,0.9905f,0.0526f,1.4807f,-0.0067f,0.0522f,-0.9986f,0.0158f,0f,0f,0f,1f],start_interpolation: 0,interpolation_duration: 1}
$data merge entity $(bone_right_arm1) {transformation: [-0.9919f,0.1269f,0f,-0.25f,0.1267f,0.9905f,0.0526f,1.4807f,0.0067f,0.0522f,-0.9986f,0.0158f,0f,0f,0f,1f],start_interpolation: 0,interpolation_duration: 1}
data modify entity @s data merge value {"cameras":{},"locators":{"mouse":{"posx":0.009030710147170475,"posy":1.5875996068049083,"posz":0.26651844512179723,"roty":359.84268206073864,"rotx":0.01594697161290049},"left_arm":{"posx":0.3992326860720253,"posy":0.8076433534291132,"posz":-0.019634612314035866,"roty":0,"rotx":3.013750000000002},"right_arm":{"posx":-0.3992326860720253,"posy":0.8076433534291132,"posz":-0.019634612314035963,"roty":0,"rotx":3.013750000000002}}}