# This file was generated by Animated Java via MC-Build. It is not recommended to edit this file directly.
$data merge entity $(bone_eyes) {transformation: [-0.9961f,0.0887f,-0.0014f,0.0153f,0.0887f,0.9961f,0.0001f,1.8426f,0.0014f,0f,-1f,0.2662f,0f,0f,0f,1f],start_interpolation: 0,interpolation_duration: 1}
$data merge entity $(bone_head) {transformation: [-0.9961f,0.0887f,-0.0014f,0f,0.0887f,0.9961f,0.0001f,1.4989f,0.0014f,0f,-1f,0.0149f,0f,0f,0f,1f],start_interpolation: 0,interpolation_duration: 1}
$data merge entity $(bone_fabric_overray) {transformation: [-1f,0f,0f,0f,0f,0.9989f,0.0475f,1.4989f,0f,0.0475f,-0.9989f,0.0149f,0f,0f,0f,1f],start_interpolation: 0,interpolation_duration: 1}
$data merge entity $(bone_fabric) {transformation: [-1f,0f,0f,0f,0f,0.9989f,0.0475f,1.4989f,0f,0.0475f,-0.9989f,0.0149f,0f,0f,0f,1f],start_interpolation: 0,interpolation_duration: 1}
$data merge entity $(bone_bone_overray) {transformation: [-1f,0f,0f,0f,0f,0.9999f,0.0117f,1.4989f,0f,0.0117f,-0.9999f,0.0149f,0f,0f,0f,1f],start_interpolation: 0,interpolation_duration: 1}
$data merge entity $(bone_bone) {transformation: [-1f,0f,0f,0f,0f,0.9999f,0.0117f,1.4989f,0f,0.0117f,-0.9999f,0.0149f,0f,0f,0f,1f],start_interpolation: 0,interpolation_duration: 1}
$data merge entity $(bone_left_arm1) {transformation: [-0.9916f,-0.1296f,0f,0.25f,-0.1294f,0.9904f,0.0475f,1.488f,-0.0062f,0.0471f,-0.9989f,0.0144f,0f,0f,0f,1f],start_interpolation: 0,interpolation_duration: 1}
$data merge entity $(bone_right_arm1) {transformation: [-0.9916f,0.1296f,0f,-0.25f,0.1294f,0.9904f,0.0475f,1.488f,0.0062f,0.0471f,-0.9989f,0.0144f,0f,0f,0f,1f],start_interpolation: 0,interpolation_duration: 1}
data modify entity @s data merge value {"cameras":{},"locators":{"mouse":{"posx":0.00865816818293205,"posy":1.5922353385238974,"posz":0.26492150956952165,"roty":359.92127228787,"rotx":0.008140115534918502},"left_arm":{"posx":0.4010628634543826,"posy":0.8151897971357048,"posz":-0.01760476261736469,"roty":0,"rotx":2.723593749999997},"right_arm":{"posx":-0.4010628634543826,"posy":0.8151897971357048,"posz":-0.017604762617364784,"roty":0,"rotx":2.723593749999997}}}