# This file was generated by Animated Java via MC-Build. It is not recommended to edit this file directly.
$data merge entity $(bone_eyes) {transformation: [-0.9999f,0.0096f,-0.0032f,-0.0115f,0.0096f,1f,0.0001f,1.7279f,0.0032f,0.0001f,-1f,0.3056f,0f,0f,0f,1f],start_interpolation: 0,interpolation_duration: 1}
$data merge entity $(bone_head) {transformation: [-0.9999f,0.0096f,-0.0032f,0f,0.0096f,1f,0.0001f,1.384f,0.0032f,0.0001f,-1f,0.0542f,0f,0f,0f,1f],start_interpolation: 0,interpolation_duration: 1}
$data merge entity $(bone_fabric_overray) {transformation: [-1f,0f,0f,0f,0f,0.9853f,0.1706f,1.384f,0f,0.1706f,-0.9853f,0.0542f,0f,0f,0f,1f],start_interpolation: 0,interpolation_duration: 1}
$data merge entity $(bone_fabric) {transformation: [-1f,0f,0f,0f,0f,0.9853f,0.1706f,1.384f,0f,0.1706f,-0.9853f,0.0542f,0f,0f,0f,1f],start_interpolation: 0,interpolation_duration: 1}
$data merge entity $(bone_bone_overray) {transformation: [-1f,0f,0f,0f,0f,0.9882f,0.1534f,1.384f,0f,0.1534f,-0.9882f,0.0542f,0f,0f,0f,1f],start_interpolation: 0,interpolation_duration: 1}
$data merge entity $(bone_bone) {transformation: [-1f,0f,0f,0f,0f,0.9882f,0.1534f,1.384f,0f,0.1534f,-0.9882f,0.0542f,0f,0f,0f,1f],start_interpolation: 0,interpolation_duration: 1}
$data merge entity $(bone_left_arm1) {transformation: [-1f,-0.0037f,0f,0.25f,-0.0036f,0.9853f,0.1706f,1.3278f,-0.0006f,0.1706f,-0.9853f,0.0445f,0f,0f,0f,1f],start_interpolation: 0,interpolation_duration: 1}
$data merge entity $(bone_right_arm1) {transformation: [-1f,0.0037f,0f,-0.25f,0.0036f,0.9853f,0.1706f,1.3278f,0.0006f,0.1706f,-0.9853f,0.0445f,0f,0f,0f,1f],start_interpolation: 0,interpolation_duration: 1}
data modify entity @s data merge value {"cameras":{},"locators":{"mouse":{"posx":0.0016997097747193251,"posy":1.4777361894851953,"posz":0.30424106065176565,"roty":359.81619423508334,"rotx":0.006538040522753613},"left_arm":{"posx":0.3150193936654401,"posy":0.6506014300166008,"posz":-0.07276178903618319,"roty":0,"rotx":9.823750000000002},"right_arm":{"posx":-0.3150193936654401,"posy":0.6506014300166008,"posz":-0.07276178903618327,"roty":0,"rotx":9.823750000000002}}}