# This file was generated by Animated Java via MC-Build. It is not recommended to edit this file directly.
$data merge entity $(bone_eyes) {transformation: [-0.9962f,0.0872f,0f,0.0144f,0.0872f,0.9962f,0f,1.8462f,0f,0f,-1f,0.2649f,0f,0f,0f,1f],start_interpolation: 0,interpolation_duration: 1}
$data merge entity $(bone_head) {transformation: [-0.9962f,0.0872f,0f,0f,0.0872f,0.9962f,0f,1.5024f,0f,0f,-1f,0.0137f,0f,0f,0f,1f],start_interpolation: 0,interpolation_duration: 1}
$data merge entity $(bone_fabric_overray) {transformation: [-1f,0f,0f,0f,0f,0.999f,0.0436f,1.5024f,0f,0.0436f,-0.999f,0.0137f,0f,0f,0f,1f],start_interpolation: 0,interpolation_duration: 1}
$data merge entity $(bone_fabric) {transformation: [-1f,0f,0f,0f,0f,0.999f,0.0436f,1.5024f,0f,0.0436f,-0.999f,0.0137f,0f,0f,0f,1f],start_interpolation: 0,interpolation_duration: 1}
$data merge entity $(bone_bone_overray) {transformation: [-1f,0f,0f,0f,0f,1f,0.0052f,1.5024f,0f,0.0052f,-1f,0.0137f,0f,0f,0f,1f],start_interpolation: 0,interpolation_duration: 1}
$data merge entity $(bone_bone) {transformation: [-1f,0f,0f,0f,0f,1f,0.0052f,1.5024f,0f,0.0052f,-1f,0.0137f,0f,0f,0f,1f],start_interpolation: 0,interpolation_duration: 1}
$data merge entity $(bone_left_arm1) {transformation: [-0.9914f,-0.1305f,0f,0.25f,-0.1304f,0.9905f,0.0436f,1.4943f,-0.0057f,0.0432f,-0.999f,0.0133f,0f,0f,0f,1f],start_interpolation: 0,interpolation_duration: 1}
$data merge entity $(bone_right_arm1) {transformation: [-0.9914f,0.1305f,0f,-0.25f,0.1304f,0.9905f,0.0436f,1.4943f,0.0057f,0.0432f,-0.999f,0.0133f,0f,0f,0f,1f],start_interpolation: 0,interpolation_duration: 1}
data modify entity @s data merge value {"cameras":{},"locators":{"mouse":{"posx":0.00817085088260182,"posy":1.5958220339006532,"posz":0.2636905447028429,"roty":359.9999999999954,"rotx":2.588296845034197e-11},"left_arm":{"posx":0.4017020609871486,"posy":0.8214648960507838,"posz":-0.01604098059874546,"roty":0,"rotx":2.5},"right_arm":{"posx":-0.4017020609871486,"posy":0.8214648960507838,"posz":-0.016040980598745556,"roty":0,"rotx":2.5}}}