# This file was generated by Animated Java via MC-Build. It is not recommended to edit this file directly.
$data merge entity $(bone_eyes) {transformation: [-0.9979f,0.0648f,0.008f,0.0047f,0.0648f,0.9979f,-0.0007f,1.8561f,-0.008f,-0.0002f,-1f,0.2614f,0f,0f,0f,1f],start_interpolation: 0,interpolation_duration: 1}
$data merge entity $(bone_head) {transformation: [-0.9979f,0.0648f,0.008f,0f,0.0648f,0.9979f,-0.0007f,1.5119f,-0.008f,-0.0002f,-1f,0.0104f,0f,0f,0f,1f],start_interpolation: 0,interpolation_duration: 1}
$data merge entity $(bone_fabric_overray) {transformation: [-1f,0f,0f,0f,0f,0.9995f,0.0332f,1.5119f,0f,0.0332f,-0.9995f,0.0104f,0f,0f,0f,1f],start_interpolation: 0,interpolation_duration: 1}
$data merge entity $(bone_fabric) {transformation: [-1f,0f,0f,0f,0f,0.9995f,0.0332f,1.5119f,0f,0.0332f,-0.9995f,0.0104f,0f,0f,0f,1f],start_interpolation: 0,interpolation_duration: 1}
$data merge entity $(bone_bone_overray) {transformation: [-1f,0f,0f,0f,0f,1f,-0.0079f,1.5119f,0f,-0.0079f,-1f,0.0104f,0f,0f,0f,1f],start_interpolation: 0,interpolation_duration: 1}
$data merge entity $(bone_bone) {transformation: [-1f,0f,0f,0f,0f,1f,-0.0079f,1.5119f,0f,-0.0079f,-1f,0.0104f,0f,0f,0f,1f],start_interpolation: 0,interpolation_duration: 1}
$data merge entity $(bone_left_arm1) {transformation: [-0.9916f,-0.1296f,0f,0.25f,-0.1295f,0.991f,0.0332f,1.5065f,-0.0043f,0.0329f,-0.9995f,0.0102f,0f,0f,0f,1f],start_interpolation: 0,interpolation_duration: 1}
$data merge entity $(bone_right_arm1) {transformation: [-0.9916f,0.1296f,0f,-0.25f,0.1295f,0.991f,0.0332f,1.5065f,0.0043f,0.0329f,-0.9995f,0.0102f,0f,0f,0f,1f],start_interpolation: 0,interpolation_duration: 1}
data modify entity @s data merge value {"cameras":{},"locators":{"mouse":{"posx":0.0040821356025566346,"posy":1.6056365022215278,"posz":0.26036723346156476,"roty":0.45664935389436323,"rotx":-0.041969347813469116},"left_arm":{"posx":0.4010628634543826,"posy":0.8332348126895144,"posz":-0.012118301218472117,"roty":0,"rotx":1.8999999999999995},"right_arm":{"posx":-0.4010628634543826,"posy":0.8332348126895144,"posz":-0.01211830121847221,"roty":0,"rotx":1.8999999999999995}}}