# This file was generated by Animated Java via MC-Build. It is not recommended to edit this file directly.
$data merge entity $(bone_eyes) {transformation: [-0.9995f,0.0234f,0.0188f,-0.0123f,0.0234f,0.9997f,-0.0011f,1.8609f,-0.0189f,-0.0006f,-0.9998f,0.2594f,0f,0f,0f,1f],start_interpolation: 0,interpolation_duration: 1}
$data merge entity $(bone_head) {transformation: [-0.9995f,0.0234f,0.0188f,0f,0.0234f,0.9997f,-0.0011f,1.5166f,-0.0189f,-0.0006f,-0.9998f,0.0087f,0f,0f,0f,1f],start_interpolation: 0,interpolation_duration: 1}
$data merge entity $(bone_fabric_overray) {transformation: [-1f,0f,0f,0f,0f,0.9996f,0.0279f,1.5166f,0f,0.0279f,-0.9996f,0.0087f,0f,0f,0f,1f],start_interpolation: 0,interpolation_duration: 1}
$data merge entity $(bone_fabric) {transformation: [-1f,0f,0f,0f,0f,0.9996f,0.0279f,1.5166f,0f,0.0279f,-0.9996f,0.0087f,0f,0f,0f,1f],start_interpolation: 0,interpolation_duration: 1}
$data merge entity $(bone_bone_overray) {transformation: [-1f,0f,0f,0f,0f,0.9999f,-0.0157f,1.5166f,0f,-0.0157f,-0.9999f,0.0087f,0f,0f,0f,1f],start_interpolation: 0,interpolation_duration: 1}
$data merge entity $(bone_bone) {transformation: [-1f,0f,0f,0f,0f,0.9999f,-0.0157f,1.5166f,0f,-0.0157f,-0.9999f,0.0087f,0f,0f,0f,1f],start_interpolation: 0,interpolation_duration: 1}
$data merge entity $(bone_left_arm1) {transformation: [-0.9919f,-0.1269f,0f,0.25f,-0.1268f,0.9915f,0.0279f,1.5139f,-0.0035f,0.0277f,-0.9996f,0.0087f,0f,0f,0f,1f],start_interpolation: 0,interpolation_duration: 1}
$data merge entity $(bone_right_arm1) {transformation: [-0.9919f,0.1269f,0f,-0.25f,0.1268f,0.9915f,0.0279f,1.5139f,0.0035f,0.0277f,-0.9996f,0.0087f,0f,0f,0f,1f],start_interpolation: 0,interpolation_duration: 1}
data modify entity @s data merge value {"cameras":{},"locators":{"mouse":{"posx":-0.002510342671862389,"posy":1.610617471061574,"posz":0.2586455573450293,"roty":1.0789838895432808,"rotx":-0.061875120475844494},"left_arm":{"posx":0.3992326860720252,"posy":0.8401577711309938,"posz":-0.010145512201366124,"roty":0,"rotx":1.5999999999999996},"right_arm":{"posx":-0.3992326860720252,"posy":0.8401577711309938,"posz":-0.01014551220136622,"roty":0,"rotx":1.5999999999999996}}}