# This file was generated by Animated Java via MC-Build. It is not recommended to edit this file directly.
$data merge entity $(bone_eyes) {transformation: [-0.9993f,-0.0242f,0.03f,-0.0315f,-0.0242f,0.9997f,-0.0004f,1.86f,-0.03f,-0.0012f,-0.9996f,0.259f,0f,0f,0f,1f],start_interpolation: 0,interpolation_duration: 1}
$data merge entity $(bone_head) {transformation: [-0.9993f,-0.0242f,0.03f,0f,-0.0242f,0.9997f,-0.0004f,1.5166f,-0.03f,-0.0012f,-0.9996f,0.0087f,0f,0f,0f,1f],start_interpolation: 0,interpolation_duration: 1}
$data merge entity $(bone_fabric_overray) {transformation: [-1f,0f,0f,0f,0f,0.9996f,0.0279f,1.5166f,0f,0.0279f,-0.9996f,0.0087f,0f,0f,0f,1f],start_interpolation: 0,interpolation_duration: 1}
$data merge entity $(bone_fabric) {transformation: [-1f,0f,0f,0f,0f,0.9996f,0.0279f,1.5166f,0f,0.0279f,-0.9996f,0.0087f,0f,0f,0f,1f],start_interpolation: 0,interpolation_duration: 1}
$data merge entity $(bone_bone_overray) {transformation: [-1f,0f,0f,0f,0f,0.9998f,-0.0201f,1.5166f,0f,-0.0201f,-0.9998f,0.0087f,0f,0f,0f,1f],start_interpolation: 0,interpolation_duration: 1}
$data merge entity $(bone_bone) {transformation: [-1f,0f,0f,0f,0f,0.9998f,-0.0201f,1.5166f,0f,-0.0201f,-0.9998f,0.0087f,0f,0f,0f,1f],start_interpolation: 0,interpolation_duration: 1}
$data merge entity $(bone_left_arm1) {transformation: [-0.9925f,-0.1226f,0f,0.25f,-0.1226f,0.9921f,0.0279f,1.5166f,-0.0034f,0.0277f,-0.9996f,0.0087f,0f,0f,0f,1f],start_interpolation: 0,interpolation_duration: 1}
$data merge entity $(bone_right_arm1) {transformation: [-0.9925f,0.1226f,0f,-0.25f,0.1226f,0.9921f,0.0279f,1.5166f,0.0034f,0.0277f,-0.9996f,0.0087f,0f,0f,0f,1f],start_interpolation: 0,interpolation_duration: 1}
data modify entity @s data merge value {"cameras":{},"locators":{"mouse":{"posx":-0.009763246830829676,"posy":1.6104540693340819,"posz":0.25852882490749146,"roty":1.7179222077714655,"rotx":-0.024824957563973515},"left_arm":{"posx":0.3963418580083876,"posy":0.842240790151472,"posz":-0.010087328211759571,"roty":0,"rotx":1.6},"right_arm":{"posx":-0.3963418580083876,"posy":0.842240790151472,"posz":-0.010087328211759667,"roty":0,"rotx":1.6}}}