# This file was generated by Animated Java via MC-Build. It is not recommended to edit this file directly.
$data merge entity $(bone_eyes) {transformation: [-0.9971f,-0.0653f,0.0391f,-0.0478f,-0.0653f,0.9979f,0.0009f,1.8537f,-0.0391f,-0.0016f,-0.9992f,0.2603f,0f,0f,0f,1f],start_interpolation: 0,interpolation_duration: 1}
$data merge entity $(bone_head) {transformation: [-0.9971f,-0.0653f,0.0391f,0f,-0.0653f,0.9979f,0.0009f,1.5119f,-0.0391f,-0.0016f,-0.9992f,0.0104f,0f,0f,0f,1f],start_interpolation: 0,interpolation_duration: 1}
$data merge entity $(bone_fabric_overray) {transformation: [-1f,0f,0f,0f,0f,0.9995f,0.0332f,1.5119f,0f,0.0332f,-0.9995f,0.0104f,0f,0f,0f,1f],start_interpolation: 0,interpolation_duration: 1}
$data merge entity $(bone_fabric) {transformation: [-1f,0f,0f,0f,0f,0.9995f,0.0332f,1.5119f,0f,0.0332f,-0.9995f,0.0104f,0f,0f,0f,1f],start_interpolation: 0,interpolation_duration: 1}
$data merge entity $(bone_bone_overray) {transformation: [-1f,0f,0f,0f,0f,0.9998f,-0.0192f,1.5119f,0f,-0.0192f,-0.9998f,0.0104f,0f,0f,0f,1f],start_interpolation: 0,interpolation_duration: 1}
$data merge entity $(bone_bone) {transformation: [-1f,0f,0f,0f,0f,0.9998f,-0.0192f,1.5119f,0f,-0.0192f,-0.9998f,0.0104f,0f,0f,0f,1f],start_interpolation: 0,interpolation_duration: 1}
$data merge entity $(bone_left_arm1) {transformation: [-0.9931f,-0.117f,0f,0.25f,-0.117f,0.9926f,0.0332f,1.5091f,-0.0039f,0.0329f,-0.9995f,0.0103f,0f,0f,0f,1f],start_interpolation: 0,interpolation_duration: 1}
$data merge entity $(bone_right_arm1) {transformation: [-0.9931f,0.117f,0f,-0.25f,0.117f,0.9926f,0.0332f,1.5091f,0.0039f,0.0329f,-0.9995f,0.0103f,0f,0f,0f,1f],start_interpolation: 0,interpolation_duration: 1}
data modify entity @s data merge value {"cameras":{},"locators":{"mouse":{"posx":-0.015890595580683876,"posy":1.6052207782922043,"posz":0.26005083098117876,"roty":2.2401928546642864,"rotx":0.052625362251428644},"left_arm":{"posx":0.39252008716376796,"posy":0.8339692100758467,"posz":-0.012093938748022334,"roty":0,"rotx":1.8999999999999995},"right_arm":{"posx":-0.39252008716376796,"posy":0.8339692100758467,"posz":-0.01209393874802243,"roty":0,"rotx":1.8999999999999995}}}