# This file was generated by Animated Java via MC-Build. It is not recommended to edit this file directly.
$data merge entity $(bone_eyes) {transformation: [-0.9952f,-0.0871f,0.0436f,-0.0564f,-0.0871f,0.9962f,0.0019f,1.843f,-0.0436f,-0.0019f,-0.999f,0.2634f,0f,0f,0f,1f],start_interpolation: 0,interpolation_duration: 1}
$data merge entity $(bone_head) {transformation: [-0.9952f,-0.0871f,0.0436f,0f,-0.0871f,0.9962f,0.0019f,1.5024f,-0.0436f,-0.0019f,-0.999f,0.0137f,0f,0f,0f,1f],start_interpolation: 0,interpolation_duration: 1}
$data merge entity $(bone_fabric_overray) {transformation: [-1f,0f,0f,0f,0f,0.999f,0.0436f,1.5024f,0f,0.0436f,-0.999f,0.0137f,0f,0f,0f,1f],start_interpolation: 0,interpolation_duration: 1}
$data merge entity $(bone_fabric) {transformation: [-1f,0f,0f,0f,0f,0.999f,0.0436f,1.5024f,0f,0.0436f,-0.999f,0.0137f,0f,0f,0f,1f],start_interpolation: 0,interpolation_duration: 1}
$data merge entity $(bone_bone_overray) {transformation: [-1f,0f,0f,0f,0f,0.9999f,-0.0131f,1.5024f,0f,-0.0131f,-0.9999f,0.0137f,0f,0f,0f,1f],start_interpolation: 0,interpolation_duration: 1}
$data merge entity $(bone_bone) {transformation: [-1f,0f,0f,0f,0f,0.9999f,-0.0131f,1.5024f,0f,-0.0131f,-0.9999f,0.0137f,0f,0f,0f,1f],start_interpolation: 0,interpolation_duration: 1}
$data merge entity $(bone_left_arm1) {transformation: [-0.9939f,-0.1102f,0f,0.25f,-0.1101f,0.993f,0.0436f,1.4968f,-0.0048f,0.0434f,-0.999f,0.0134f,0f,0f,0f,1f],start_interpolation: 0,interpolation_duration: 1}
$data merge entity $(bone_right_arm1) {transformation: [-0.9939f,0.1102f,0f,-0.25f,0.1101f,0.993f,0.0436f,1.4968f,0.0048f,0.0434f,-0.999f,0.0134f,0f,0f,0f,1f],start_interpolation: 0,interpolation_duration: 1}
data modify entity @s data merge value {"cameras":{},"locators":{"mouse":{"posx":-0.019061430306221816,"posy":1.5953465409344092,"posz":0.2632742265712832,"roty":2.4976235686029042,"rotx":0.10901393531031772},"left_arm":{"posx":0.38789695313969186,"posy":0.82097402069167,"posz":-0.016062412679774922,"roty":0,"rotx":2.5},"right_arm":{"posx":-0.38789695313969186,"posy":0.82097402069167,"posz":-0.016062412679775016,"roty":0,"rotx":2.5}}}