# This file was generated by Animated Java via MC-Build. It is not recommended to edit this file directly.
$data merge entity $(bone_eyes) {transformation: [-0.9951f,-0.0885f,0.0437f,-0.0569f,-0.0885f,0.9961f,0.002f,1.8394f,-0.0437f,-0.0019f,-0.999f,0.2646f,0f,0f,0f,1f],start_interpolation: 0,interpolation_duration: 1}
$data merge entity $(bone_head) {transformation: [-0.9951f,-0.0885f,0.0437f,0f,-0.0885f,0.9961f,0.002f,1.4989f,-0.0437f,-0.0019f,-0.999f,0.0149f,0f,0f,0f,1f],start_interpolation: 0,interpolation_duration: 1}
$data merge entity $(bone_fabric_overray) {transformation: [-1f,0f,0f,0f,0f,0.9989f,0.0475f,1.4989f,0f,0.0475f,-0.9989f,0.0149f,0f,0f,0f,1f],start_interpolation: 0,interpolation_duration: 1}
$data merge entity $(bone_fabric) {transformation: [-1f,0f,0f,0f,0f,0.9989f,0.0475f,1.4989f,0f,0.0475f,-0.9989f,0.0149f,0f,0f,0f,1f],start_interpolation: 0,interpolation_duration: 1}
$data merge entity $(bone_bone_overray) {transformation: [-1f,0f,0f,0f,0f,0.9999f,-0.0136f,1.4989f,0f,-0.0136f,-0.9999f,0.0149f,0f,0f,0f,1f],start_interpolation: 0,interpolation_duration: 1}
$data merge entity $(bone_bone) {transformation: [-1f,0f,0f,0f,0f,0.9999f,-0.0136f,1.4989f,0f,-0.0136f,-0.9999f,0.0149f,0f,0f,0f,1f],start_interpolation: 0,interpolation_duration: 1}
$data merge entity $(bone_left_arm1) {transformation: [-0.9947f,-0.1024f,0f,0.25f,-0.1023f,0.9936f,0.0475f,1.4904f,-0.0049f,0.0473f,-0.9989f,0.0145f,0f,0f,0f,1f],start_interpolation: 0,interpolation_duration: 1}
$data merge entity $(bone_right_arm1) {transformation: [-0.9947f,0.1024f,0f,-0.25f,0.1023f,0.9936f,0.0475f,1.4904f,0.0049f,0.0473f,-0.9989f,0.0145f,0f,0f,0f,1f],start_interpolation: 0,interpolation_duration: 1}
data modify entity @s data merge value {"cameras":{},"locators":{"mouse":{"posx":-0.01920958052426844,"posy":1.5917828059197878,"posz":0.26450162857584225,"roty":2.5021807459812067,"rotx":0.11220904692043729},"left_arm":{"posx":0.382602318068606,"posy":0.8136625014397965,"posz":-0.017677418387982563,"roty":0,"rotx":2.72359375},"right_arm":{"posx":-0.382602318068606,"posy":0.8136625014397965,"posz":-0.017677418387982653,"roty":0,"rotx":2.72359375}}}