# This file was generated by Animated Java via MC-Build. It is not recommended to edit this file directly.
$data merge entity $(bone_eyes) {transformation: [-0.9951f,-0.0886f,0.0433f,-0.0569f,-0.0886f,0.9961f,0.0019f,1.8348f,-0.0434f,-0.0019f,-0.9991f,0.2662f,0f,0f,0f,1f],start_interpolation: 0,interpolation_duration: 1}
$data merge entity $(bone_head) {transformation: [-0.9951f,-0.0886f,0.0433f,0f,-0.0886f,0.9961f,0.0019f,1.4943f,-0.0434f,-0.0019f,-0.9991f,0.0165f,0f,0f,0f,1f],start_interpolation: 0,interpolation_duration: 1}
$data merge entity $(bone_fabric_overray) {transformation: [-1f,0f,0f,0f,0f,0.9986f,0.0526f,1.4943f,0f,0.0526f,-0.9986f,0.0165f,0f,0f,0f,1f],start_interpolation: 0,interpolation_duration: 1}
$data merge entity $(bone_fabric) {transformation: [-1f,0f,0f,0f,0f,0.9986f,0.0526f,1.4943f,0f,0.0526f,-0.9986f,0.0165f,0f,0f,0f,1f],start_interpolation: 0,interpolation_duration: 1}
$data merge entity $(bone_bone_overray) {transformation: [-1f,0f,0f,0f,0f,0.9999f,-0.0128f,1.4943f,0f,-0.0128f,-0.9999f,0.0165f,0f,0f,0f,1f],start_interpolation: 0,interpolation_duration: 1}
$data merge entity $(bone_bone) {transformation: [-1f,0f,0f,0f,0f,0.9999f,-0.0128f,1.4943f,0f,-0.0128f,-0.9999f,0.0165f,0f,0f,0f,1f],start_interpolation: 0,interpolation_duration: 1}
$data merge entity $(bone_left_arm1) {transformation: [-0.9956f,-0.0939f,0f,0.25f,-0.0938f,0.9942f,0.0526f,1.4829f,-0.0049f,0.0523f,-0.9986f,0.0159f,0f,0f,0f,1f],start_interpolation: 0,interpolation_duration: 1}
$data merge entity $(bone_right_arm1) {transformation: [-0.9956f,0.0939f,0f,-0.25f,0.0938f,0.9942f,0.0526f,1.4829f,0.0049f,0.0523f,-0.9986f,0.0159f,0f,0f,0f,1f],start_interpolation: 0,interpolation_duration: 1}
data modify entity @s data merge value {"cameras":{},"locators":{"mouse":{"posx":-0.019143437880453293,"posy":1.5871860708279373,"posz":0.26610227067411935,"roty":2.4844736794398443,"rotx":0.11145959413373531},"left_arm":{"posx":0.3767666424747983,"posy":0.8052857484361301,"posz":-0.019758736501842924,"roty":0,"rotx":3.013750000000001},"right_arm":{"posx":-0.3767666424747983,"posy":0.8052857484361301,"posz":-0.019758736501843017,"roty":0,"rotx":3.013750000000001}}}