# This file was generated by Animated Java via MC-Build. It is not recommended to edit this file directly.
$data merge entity $(bone_eyes) {transformation: [-0.9952f,-0.0876f,0.0427f,-0.0564f,-0.0876f,0.9962f,0.0019f,1.8294f,-0.0427f,-0.0019f,-0.9991f,0.2681f,0f,0f,0f,1f],start_interpolation: 0,interpolation_duration: 1}
$data merge entity $(bone_head) {transformation: [-0.9952f,-0.0876f,0.0427f,0f,-0.0876f,0.9962f,0.0019f,1.4888f,-0.0427f,-0.0019f,-0.9991f,0.0184f,0f,0f,0f,1f],start_interpolation: 0,interpolation_duration: 1}
$data merge entity $(bone_fabric_overray) {transformation: [-1f,0f,0f,0f,0f,0.9983f,0.0586f,1.4888f,0f,0.0586f,-0.9983f,0.0184f,0f,0f,0f,1f],start_interpolation: 0,interpolation_duration: 1}
$data merge entity $(bone_fabric) {transformation: [-1f,0f,0f,0f,0f,0.9983f,0.0586f,1.4888f,0f,0.0586f,-0.9983f,0.0184f,0f,0f,0f,1f],start_interpolation: 0,interpolation_duration: 1}
$data merge entity $(bone_bone_overray) {transformation: [-1f,0f,0f,0f,0f,0.9999f,-0.0111f,1.4888f,0f,-0.0111f,-0.9999f,0.0184f,0f,0f,0f,1f],start_interpolation: 0,interpolation_duration: 1}
$data merge entity $(bone_bone) {transformation: [-1f,0f,0f,0f,0f,0.9999f,-0.0111f,1.4888f,0f,-0.0111f,-0.9999f,0.0184f,0f,0f,0f,1f],start_interpolation: 0,interpolation_duration: 1}
$data merge entity $(bone_left_arm1) {transformation: [-0.9964f,-0.0847f,0f,0.25f,-0.0846f,0.9947f,0.0586f,1.4746f,-0.005f,0.0584f,-0.9983f,0.0176f,0f,0f,0f,1f],start_interpolation: 0,interpolation_duration: 1}
$data merge entity $(bone_right_arm1) {transformation: [-0.9964f,0.0847f,0f,-0.25f,0.0846f,0.9947f,0.0586f,1.4746f,0.005f,0.0584f,-0.9983f,0.0176f,0f,0f,0f,1f],start_interpolation: 0,interpolation_duration: 1}
data modify entity @s data merge value {"cameras":{},"locators":{"mouse":{"posx":-0.01887836343764046,"posy":1.5816822982992285,"posz":0.2680300913885925,"roty":2.4456203381028274,"rotx":0.1071611866057892},"left_arm":{"posx":0.37052120182546255,"posy":0.7960169198923178,"posz":-0.022261786623333425,"roty":0,"rotx":3.36203125},"right_arm":{"posx":-0.3705212018254625,"posy":0.7960169198923178,"posz":-0.022261786623333515,"roty":0,"rotx":3.3620312499999985}}}