# This file was generated by Animated Java via MC-Build. It is not recommended to edit this file directly.
$data merge entity $(bone_eyes) {transformation: [-0.9955f,-0.0855f,0.0416f,-0.0554f,-0.0855f,0.9963f,0.0017f,1.8231f,-0.0416f,-0.0018f,-0.9991f,0.2704f,0f,0f,0f,1f],start_interpolation: 0,interpolation_duration: 1}
$data merge entity $(bone_head) {transformation: [-0.9955f,-0.0855f,0.0416f,0f,-0.0855f,0.9963f,0.0017f,1.4824f,-0.0416f,-0.0018f,-0.9991f,0.0206f,0f,0f,0f,1f],start_interpolation: 0,interpolation_duration: 1}
$data merge entity $(bone_fabric_overray) {transformation: [-1f,0f,0f,0f,0f,0.9978f,0.0656f,1.4824f,0f,0.0656f,-0.9978f,0.0206f,0f,0f,0f,1f],start_interpolation: 0,interpolation_duration: 1}
$data merge entity $(bone_fabric) {transformation: [-1f,0f,0f,0f,0f,0.9978f,0.0656f,1.4824f,0f,0.0656f,-0.9978f,0.0206f,0f,0f,0f,1f],start_interpolation: 0,interpolation_duration: 1}
$data merge entity $(bone_bone_overray) {transformation: [-1f,0f,0f,0f,0f,1f,-0.0086f,1.4824f,0f,-0.0086f,-1f,0.0206f,0f,0f,0f,1f],start_interpolation: 0,interpolation_duration: 1}
$data merge entity $(bone_bone) {transformation: [-1f,0f,0f,0f,0f,1f,-0.0086f,1.4824f,0f,-0.0086f,-1f,0.0206f,0f,0f,0f,1f],start_interpolation: 0,interpolation_duration: 1}
$data merge entity $(bone_left_arm1) {transformation: [-0.9972f,-0.0752f,0f,0.25f,-0.075f,0.995f,0.0656f,1.4654f,-0.0049f,0.0654f,-0.9978f,0.0195f,0f,0f,0f,1f],start_interpolation: 0,interpolation_duration: 1}
$data merge entity $(bone_right_arm1) {transformation: [-0.9972f,0.0752f,0f,-0.25f,0.075f,0.995f,0.0656f,1.4654f,0.0049f,0.0654f,-0.9978f,0.0195f,0f,0f,0f,1f],start_interpolation: 0,interpolation_duration: 1}
data modify entity @s data merge value {"cameras":{},"locators":{"mouse":{"posx":-0.018428666002601703,"posy":1.5753966091164873,"posz":0.2702389283746053,"roty":2.386477033718421,"rotx":0.09983073212823614},"left_arm":{"posx":0.3639982065485256,"posy":0.7860252278105571,"posz":-0.025139147385553475,"roty":0,"rotx":3.759999999999999},"right_arm":{"posx":-0.3639982065485256,"posy":0.7860252278105571,"posz":-0.025139147385553572,"roty":0,"rotx":3.76}}}