# This file was generated by Animated Java via MC-Build. It is not recommended to edit this file directly.
$data merge entity $(bone_eyes) {transformation: [-0.9999f,0.0151f,-0.0047f,-0.0092f,0.0151f,0.9999f,0.0002f,1.7313f,0.0047f,0.0001f,-1f,0.3044f,0f,0f,0f,1f],start_interpolation: 0,interpolation_duration: 1}
$data merge entity $(bone_head) {transformation: [-0.9999f,0.0151f,-0.0047f,0f,0.0151f,0.9999f,0.0002f,1.3874f,0.0047f,0.0001f,-1f,0.0531f,0f,0f,0f,1f],start_interpolation: 0,interpolation_duration: 1}
$data merge entity $(bone_fabric_overray) {transformation: [-1f,0f,0f,0f,0f,0.9859f,0.167f,1.3874f,0f,0.167f,-0.9859f,0.0531f,0f,0f,0f,1f],start_interpolation: 0,interpolation_duration: 1}
$data merge entity $(bone_fabric) {transformation: [-1f,0f,0f,0f,0f,0.9859f,0.167f,1.3874f,0f,0.167f,-0.9859f,0.0531f,0f,0f,0f,1f],start_interpolation: 0,interpolation_duration: 1}
$data merge entity $(bone_bone_overray) {transformation: [-1f,0f,0f,0f,0f,0.99f,0.1412f,1.3874f,0f,0.1412f,-0.99f,0.0531f,0f,0f,0f,1f],start_interpolation: 0,interpolation_duration: 1}
$data merge entity $(bone_bone) {transformation: [-1f,0f,0f,0f,0f,0.99f,0.1412f,1.3874f,0f,0.1412f,-0.99f,0.0531f,0f,0f,0f,1f],start_interpolation: 0,interpolation_duration: 1}
$data merge entity $(bone_left_arm1) {transformation: [-1f,-0.008f,0f,0.25f,-0.0078f,0.9859f,0.167f,1.3339f,-0.0013f,0.167f,-0.9859f,0.044f,0f,0f,0f,1f],start_interpolation: 0,interpolation_duration: 1}
$data merge entity $(bone_right_arm1) {transformation: [-1f,0.008f,0f,-0.25f,0.0078f,0.9859f,0.167f,1.3339f,0.0013f,0.167f,-0.9859f,0.044f,0f,0f,0f,1f],start_interpolation: 0,interpolation_duration: 1}
data modify entity @s data merge value {"cameras":{},"locators":{"mouse":{"posx":0.0025905681037807467,"posy":1.4811411730361728,"posz":0.30308780325699824,"roty":359.7313930053088,"rotx":0.01054192501168809},"left_arm":{"posx":0.3179650737684968,"posy":0.6565351205797384,"posz":-0.07075587475863801,"roty":0,"rotx":9.616093750000003},"right_arm":{"posx":-0.3179650737684968,"posy":0.6565351205797384,"posz":-0.0707558747586381,"roty":0,"rotx":9.616093750000003}}}