# This file was generated by Animated Java via MC-Build. It is not recommended to edit this file directly.
$data merge entity $(bone_eyes) {transformation: [-0.9958f,-0.0826f,0.0403f,-0.0541f,-0.0826f,0.9966f,0.0016f,1.8163f,-0.0403f,-0.0018f,-0.9992f,0.2729f,0f,0f,0f,1f],start_interpolation: 0,interpolation_duration: 1}
$data merge entity $(bone_head) {transformation: [-0.9958f,-0.0826f,0.0403f,0f,-0.0826f,0.9966f,0.0016f,1.4754f,-0.0403f,-0.0018f,-0.9992f,0.0231f,0f,0f,0f,1f],start_interpolation: 0,interpolation_duration: 1}
$data merge entity $(bone_fabric_overray) {transformation: [-1f,0f,0f,0f,0f,0.9973f,0.0732f,1.4754f,0f,0.0732f,-0.9973f,0.0231f,0f,0f,0f,1f],start_interpolation: 0,interpolation_duration: 1}
$data merge entity $(bone_fabric) {transformation: [-1f,0f,0f,0f,0f,0.9973f,0.0732f,1.4754f,0f,0.0732f,-0.9973f,0.0231f,0f,0f,0f,1f],start_interpolation: 0,interpolation_duration: 1}
$data merge entity $(bone_bone_overray) {transformation: [-1f,0f,0f,0f,0f,1f,-0.0052f,1.4754f,0f,-0.0052f,-1f,0.0231f,0f,0f,0f,1f],start_interpolation: 0,interpolation_duration: 1}
$data merge entity $(bone_bone) {transformation: [-1f,0f,0f,0f,0f,1f,-0.0052f,1.4754f,0f,-0.0052f,-1f,0.0231f,0f,0f,0f,1f],start_interpolation: 0,interpolation_duration: 1}
$data merge entity $(bone_left_arm1) {transformation: [-0.9979f,-0.0654f,0f,0.25f,-0.0652f,0.9952f,0.0732f,1.4556f,-0.0048f,0.0731f,-0.9973f,0.0216f,0f,0f,0f,1f],start_interpolation: 0,interpolation_duration: 1}
$data merge entity $(bone_right_arm1) {transformation: [-0.9979f,0.0654f,0f,-0.25f,0.0652f,0.9952f,0.0732f,1.4556f,0.0048f,0.0731f,-0.9973f,0.0216f,0f,0f,0f,1f],start_interpolation: 0,interpolation_duration: 1}
data modify entity @s data merge value {"cameras":{},"locators":{"mouse":{"posx":-0.017808205119942373,"posy":1.5684539957223256,"posz":0.27268241009442223,"roty":2.307792077714481,"rotx":0.09007098829962767},"left_arm":{"posx":0.3573308340481361,"posy":0.7754747040138436,"posz":-0.028340506844619605,"roty":0,"rotx":4.199218750000001},"right_arm":{"posx":-0.35733083404813604,"posy":0.7754747040138436,"posz":-0.02834050684461969,"roty":0,"rotx":4.199218750000001}}}