# This file was generated by Animated Java via MC-Build. It is not recommended to edit this file directly.
$data merge entity $(bone_eyes) {transformation: [-0.9961f,-0.0788f,0.0386f,-0.0523f,-0.0788f,0.9969f,0.0014f,1.809f,-0.0386f,-0.0017f,-0.9993f,0.2755f,0f,0f,0f,1f],start_interpolation: 0,interpolation_duration: 1}
$data merge entity $(bone_head) {transformation: [-0.9961f,-0.0788f,0.0386f,0f,-0.0788f,0.9969f,0.0014f,1.4679f,-0.0386f,-0.0017f,-0.9993f,0.0257f,0f,0f,0f,1f],start_interpolation: 0,interpolation_duration: 1}
$data merge entity $(bone_fabric_overray) {transformation: [-1f,0f,0f,0f,0f,0.9967f,0.0814f,1.4679f,0f,0.0814f,-0.9967f,0.0257f,0f,0f,0f,1f],start_interpolation: 0,interpolation_duration: 1}
$data merge entity $(bone_fabric) {transformation: [-1f,0f,0f,0f,0f,0.9967f,0.0814f,1.4679f,0f,0.0814f,-0.9967f,0.0257f,0f,0f,0f,1f],start_interpolation: 0,interpolation_duration: 1}
$data merge entity $(bone_bone_overray) {transformation: [-1f,0f,0f,0f,0f,1f,-0.0014f,1.4679f,0f,-0.0014f,-1f,0.0257f,0f,0f,0f,1f],start_interpolation: 0,interpolation_duration: 1}
$data merge entity $(bone_bone) {transformation: [-1f,0f,0f,0f,0f,1f,-0.0014f,1.4679f,0f,-0.0014f,-1f,0.0257f,0f,0f,0f,1f],start_interpolation: 0,interpolation_duration: 1}
$data merge entity $(bone_left_arm1) {transformation: [-0.9985f,-0.0556f,0f,0.25f,-0.0555f,0.9951f,0.0814f,1.4452f,-0.0045f,0.0813f,-0.9967f,0.0238f,0f,0f,0f,1f],start_interpolation: 0,interpolation_duration: 1}
$data merge entity $(bone_right_arm1) {transformation: [-0.9985f,0.0556f,0f,-0.25f,0.0555f,0.9951f,0.0814f,1.4452f,0.0045f,0.0813f,-0.9967f,0.0238f,0f,0f,0f,1f],start_interpolation: 0,interpolation_duration: 1}
data modify entity @s data merge value {"cameras":{},"locators":{"mouse":{"posx":-0.017030917279833312,"posy":1.5609799432620377,"posz":0.27531387621785103,"roty":2.2103405633162367,"rotx":0.07853817068511007},"left_arm":{"posx":0.35065318562820524,"posy":0.7645232821036397,"posz":-0.03181276788078892,"roty":0,"rotx":4.6712500000000015},"right_arm":{"posx":-0.35065318562820524,"posy":0.7645232821036397,"posz":-0.03181276788078899,"roty":0,"rotx":4.671250000000001}}}