# This file was generated by Animated Java via MC-Build. It is not recommended to edit this file directly.
$data merge entity $(bone_eyes) {transformation: [-0.9966f,-0.0744f,0.0366f,-0.0503f,-0.0744f,0.9972f,0.0012f,1.8012f,-0.0365f,-0.0016f,-0.9993f,0.2784f,0f,0f,0f,1f],start_interpolation: 0,interpolation_duration: 1}
$data merge entity $(bone_head) {transformation: [-0.9966f,-0.0744f,0.0366f,0f,-0.0744f,0.9972f,0.0012f,1.4599f,-0.0365f,-0.0016f,-0.9993f,0.0284f,0f,0f,0f,1f],start_interpolation: 0,interpolation_duration: 1}
$data merge entity $(bone_fabric_overray) {transformation: [-1f,0f,0f,0f,0f,0.9959f,0.0901f,1.4599f,0f,0.0901f,-0.9959f,0.0284f,0f,0f,0f,1f],start_interpolation: 0,interpolation_duration: 1}
$data merge entity $(bone_fabric) {transformation: [-1f,0f,0f,0f,0f,0.9959f,0.0901f,1.4599f,0f,0.0901f,-0.9959f,0.0284f,0f,0f,0f,1f],start_interpolation: 0,interpolation_duration: 1}
$data merge entity $(bone_bone_overray) {transformation: [-1f,0f,0f,0f,0f,1f,0.0029f,1.4599f,0f,0.0029f,-1f,0.0284f,0f,0f,0f,1f],start_interpolation: 0,interpolation_duration: 1}
$data merge entity $(bone_bone) {transformation: [-1f,0f,0f,0f,0f,1f,0.0029f,1.4599f,0f,0.0029f,-1f,0.0284f,0f,0f,0f,1f],start_interpolation: 0,interpolation_duration: 1}
$data merge entity $(bone_left_arm1) {transformation: [-0.9989f,-0.0461f,0f,0.25f,-0.0459f,0.9949f,0.0901f,1.4344f,-0.0041f,0.09f,-0.9959f,0.0261f,0f,0f,0f,1f],start_interpolation: 0,interpolation_duration: 1}
$data merge entity $(bone_right_arm1) {transformation: [-0.9989f,0.0461f,0f,-0.25f,0.0459f,0.9949f,0.0901f,1.4344f,0.0041f,0.09f,-0.9959f,0.0261f,0f,0f,0f,1f],start_interpolation: 0,interpolation_duration: 1}
data modify entity @s data merge value {"cameras":{},"locators":{"mouse":{"posx":-0.016111260078039594,"posy":1.5531009618286153,"posz":0.27808633216667844,"roty":2.0950395409109888,"rotx":0.0659114225854901},"left_arm":{"posx":0.34410018421622157,"posy":0.7533222089263817,"posz":-0.03550027839401841,"roty":0,"rotx":5.167656250000002},"right_arm":{"posx":-0.34410018421622157,"posy":0.7533222089263817,"posz":-0.035500278394018495,"roty":0,"rotx":5.167656250000002}}}