# This file was generated by Animated Java via MC-Build. It is not recommended to edit this file directly.
$data merge entity $(bone_eyes) {transformation: [-0.997f,-0.0693f,0.0343f,-0.048f,-0.0694f,0.9976f,0.0009f,1.7933f,-0.0342f,-0.0015f,-0.9994f,0.2813f,0f,0f,0f,1f],start_interpolation: 0,interpolation_duration: 1}
$data merge entity $(bone_head) {transformation: [-0.997f,-0.0693f,0.0343f,0f,-0.0694f,0.9976f,0.0009f,1.4517f,-0.0342f,-0.0015f,-0.9994f,0.0312f,0f,0f,0f,1f],start_interpolation: 0,interpolation_duration: 1}
$data merge entity $(bone_fabric_overray) {transformation: [-1f,0f,0f,0f,0f,0.9951f,0.099f,1.4517f,0f,0.099f,-0.9951f,0.0312f,0f,0f,0f,1f],start_interpolation: 0,interpolation_duration: 1}
$data merge entity $(bone_fabric) {transformation: [-1f,0f,0f,0f,0f,0.9951f,0.099f,1.4517f,0f,0.099f,-0.9951f,0.0312f,0f,0f,0f,1f],start_interpolation: 0,interpolation_duration: 1}
$data merge entity $(bone_bone_overray) {transformation: [-1f,0f,0f,0f,0f,0.9998f,0.0191f,1.4517f,0f,0.0191f,-0.9998f,0.0312f,0f,0f,0f,1f],start_interpolation: 0,interpolation_duration: 1}
$data merge entity $(bone_bone) {transformation: [-1f,0f,0f,0f,0f,0.9998f,0.0191f,1.4517f,0f,0.0191f,-0.9998f,0.0312f,0f,0f,0f,1f],start_interpolation: 0,interpolation_duration: 1}
$data merge entity $(bone_left_arm1) {transformation: [-0.9993f,-0.0369f,0f,0.25f,-0.0367f,0.9944f,0.099f,1.4234f,-0.0036f,0.0989f,-0.9951f,0.0284f,0f,0f,0f,1f],start_interpolation: 0,interpolation_duration: 1}
$data merge entity $(bone_right_arm1) {transformation: [-0.9993f,0.0369f,0f,-0.25f,0.0367f,0.9944f,0.099f,1.4234f,0.0036f,0.0989f,-0.9951f,0.0284f,0f,0f,0f,1f],start_interpolation: 0,interpolation_duration: 1}
data modify entity @s data merge value {"cameras":{},"locators":{"mouse":{"posx":-0.015064572029750173,"posy":1.544945031012399,"posz":0.2809524395739675,"roty":1.9630432160355156,"rotx":0.052863590559325116},"left_arm":{"posx":0.3378074303360295,"posy":0.7420157982045161,"posz":-0.039345146390144095,"roty":0,"rotx":5.68},"right_arm":{"posx":-0.3378074303360295,"posy":0.7420157982045161,"posz":-0.039345146390144164,"roty":0,"rotx":5.68}}}