# This file was generated by Animated Java via MC-Build. It is not recommended to edit this file directly.
$data merge entity $(bone_eyes) {transformation: [-0.9975f,-0.0638f,0.0317f,-0.0455f,-0.0639f,0.998f,0.0007f,1.7851f,-0.0317f,-0.0013f,-0.9995f,0.2843f,0f,0f,0f,1f],start_interpolation: 0,interpolation_duration: 1}
$data merge entity $(bone_head) {transformation: [-0.9975f,-0.0638f,0.0317f,0f,-0.0639f,0.998f,0.0007f,1.4433f,-0.0317f,-0.0013f,-0.9995f,0.0341f,0f,0f,0f,1f],start_interpolation: 0,interpolation_duration: 1}
$data merge entity $(bone_fabric_overray) {transformation: [-1f,0f,0f,0f,0f,0.9942f,0.108f,1.4433f,0f,0.108f,-0.9942f,0.0341f,0f,0f,0f,1f],start_interpolation: 0,interpolation_duration: 1}
$data merge entity $(bone_fabric) {transformation: [-1f,0f,0f,0f,0f,0.9942f,0.108f,1.4433f,0f,0.108f,-0.9942f,0.0341f,0f,0f,0f,1f],start_interpolation: 0,interpolation_duration: 1}
$data merge entity $(bone_bone_overray) {transformation: [-1f,0f,0f,0f,0f,0.9994f,0.0355f,1.4433f,0f,0.0355f,-0.9994f,0.0341f,0f,0f,0f,1f],start_interpolation: 0,interpolation_duration: 1}
$data merge entity $(bone_bone) {transformation: [-1f,0f,0f,0f,0f,0.9994f,0.0355f,1.4433f,0f,0.0355f,-0.9994f,0.0341f,0f,0f,0f,1f],start_interpolation: 0,interpolation_duration: 1}
$data merge entity $(bone_left_arm1) {transformation: [-0.9996f,-0.0283f,0f,0.25f,-0.0281f,0.9938f,0.108f,1.4122f,-0.0031f,0.108f,-0.9942f,0.0307f,0f,0f,0f,1f],start_interpolation: 0,interpolation_duration: 1}
$data merge entity $(bone_right_arm1) {transformation: [-0.9996f,0.0283f,0f,-0.25f,0.0281f,0.9938f,0.108f,1.4122f,0.0031f,0.108f,-0.9942f,0.0307f,0f,0f,0f,1f],start_interpolation: 0,interpolation_duration: 1}
data modify entity @s data merge value {"cameras":{},"locators":{"mouse":{"posx":-0.013907348344908635,"posy":1.5366419558298776,"posz":0.2838645412600369,"roty":1.8158181333922414,"rotx":0.04003328442838489},"left_arm":{"posx":0.33191103388270393,"posy":0.730741536568582,"posz":-0.043287593884185016,"roty":0,"rotx":6.1998437499999985},"right_arm":{"posx":-0.3319110338827039,"posy":0.730741536568582,"posz":-0.043287593884185085,"roty":0,"rotx":6.1998437499999985}}}