# This file was generated by Animated Java via MC-Build. It is not recommended to edit this file directly.
$data merge entity $(bone_eyes) {transformation: [-0.9979f,-0.058f,0.0289f,-0.0428f,-0.058f,0.9983f,0.0005f,1.777f,-0.0289f,-0.0012f,-0.9996f,0.2873f,0f,0f,0f,1f],start_interpolation: 0,interpolation_duration: 1}
$data merge entity $(bone_head) {transformation: [-0.9979f,-0.058f,0.0289f,0f,-0.058f,0.9983f,0.0005f,1.4349f,-0.0289f,-0.0012f,-0.9996f,0.037f,0f,0f,0f,1f],start_interpolation: 0,interpolation_duration: 1}
$data merge entity $(bone_fabric_overray) {transformation: [-1f,0f,0f,0f,0f,0.9931f,0.117f,1.4349f,0f,0.117f,-0.9931f,0.037f,0f,0f,0f,1f],start_interpolation: 0,interpolation_duration: 1}
$data merge entity $(bone_fabric) {transformation: [-1f,0f,0f,0f,0f,0.9931f,0.117f,1.4349f,0f,0.117f,-0.9931f,0.037f,0f,0f,0f,1f],start_interpolation: 0,interpolation_duration: 1}
$data merge entity $(bone_bone_overray) {transformation: [-1f,0f,0f,0f,0f,0.9987f,0.0518f,1.4349f,0f,0.0518f,-0.9987f,0.037f,0f,0f,0f,1f],start_interpolation: 0,interpolation_duration: 1}
$data merge entity $(bone_bone) {transformation: [-1f,0f,0f,0f,0f,0.9987f,0.0518f,1.4349f,0f,0.0518f,-0.9987f,0.037f,0f,0f,0f,1f],start_interpolation: 0,interpolation_duration: 1}
$data merge entity $(bone_left_arm1) {transformation: [-0.9998f,-0.0205f,0f,0.25f,-0.0203f,0.9929f,0.117f,1.401f,-0.0024f,0.117f,-0.9931f,0.033f,0f,0f,0f,1f],start_interpolation: 0,interpolation_duration: 1}
$data merge entity $(bone_right_arm1) {transformation: [-0.9998f,0.0205f,0f,-0.25f,0.0203f,0.9929f,0.117f,1.401f,0.0024f,0.117f,-0.9931f,0.033f,0f,0f,0f,1f],start_interpolation: 0,interpolation_duration: 1}
data modify entity @s data merge value {"cameras":{},"locators":{"mouse":{"posx":-0.012657435245022282,"posy":1.5283236317052509,"posz":0.2867747166066138,"roty":1.6551986232149147,"rotx":0.027998615547082002},"left_arm":{"posx":0.326547437883685,"posy":0.7196305488809798,"posz":-0.04726630104654274,"roty":0,"rotx":6.71875},"right_arm":{"posx":-0.32654743788368495,"posy":0.7196305488809798,"posz":-0.04726630104654283,"roty":0,"rotx":6.71875}}}