# This file was generated by Animated Java via MC-Build. It is not recommended to edit this file directly.
$data merge entity $(bone_eyes) {transformation: [-0.9983f,-0.0519f,0.0259f,-0.0399f,-0.0519f,0.9987f,0.0003f,1.769f,-0.0259f,-0.001f,-0.9997f,0.2902f,0f,0f,0f,1f],start_interpolation: 0,interpolation_duration: 1}
$data merge entity $(bone_head) {transformation: [-0.9983f,-0.0519f,0.0259f,0f,-0.0519f,0.9987f,0.0003f,1.4266f,-0.0259f,-0.001f,-0.9997f,0.0398f,0f,0f,0f,1f],start_interpolation: 0,interpolation_duration: 1}
$data merge entity $(bone_fabric_overray) {transformation: [-1f,0f,0f,0f,0f,0.9921f,0.1258f,1.4266f,0f,0.1258f,-0.9921f,0.0398f,0f,0f,0f,1f],start_interpolation: 0,interpolation_duration: 1}
$data merge entity $(bone_fabric) {transformation: [-1f,0f,0f,0f,0f,0.9921f,0.1258f,1.4266f,0f,0.1258f,-0.9921f,0.0398f,0f,0f,0f,1f],start_interpolation: 0,interpolation_duration: 1}
$data merge entity $(bone_bone_overray) {transformation: [-1f,0f,0f,0f,0f,0.9977f,0.0679f,1.4266f,0f,0.0679f,-0.9977f,0.0398f,0f,0f,0f,1f],start_interpolation: 0,interpolation_duration: 1}
$data merge entity $(bone_bone) {transformation: [-1f,0f,0f,0f,0f,0.9977f,0.0679f,1.4266f,0f,0.0679f,-0.9977f,0.0398f,0f,0f,0f,1f],start_interpolation: 0,interpolation_duration: 1}
$data merge entity $(bone_left_arm1) {transformation: [-0.9999f,-0.0136f,0f,0.25f,-0.0135f,0.992f,0.1258f,1.3899f,-0.0017f,0.1258f,-0.9921f,0.0352f,0f,0f,0f,1f],start_interpolation: 0,interpolation_duration: 1}
$data merge entity $(bone_right_arm1) {transformation: [-0.9999f,0.0136f,0f,-0.25f,0.0135f,0.992f,0.1258f,1.3899f,0.0017f,0.1258f,-0.9921f,0.0352f,0f,0f,0f,1f],start_interpolation: 0,interpolation_duration: 1}
data modify entity @s data merge value {"cameras":{},"locators":{"mouse":{"posx":-0.011334147329237926,"posy":1.5201242154155787,"posz":0.28963486095908797,"roty":1.483423074066593,"rotx":0.017253296421805214},"left_arm":{"posx":0.32185324757439115,"posy":0.7088084261234895,"posz":-0.051218693286639055,"roty":0,"rotx":7.228281250000002},"right_arm":{"posx":-0.3218532475743911,"posy":0.7088084261234895,"posz":-0.05121869328663913,"roty":0,"rotx":7.228281250000002}}}