# This file was generated by Animated Java via MC-Build. It is not recommended to edit this file directly.
$data merge entity $(bone_eyes) {transformation: [-0.9987f,-0.0456f,0.0227f,-0.037f,-0.0456f,0.999f,0.0001f,1.7612f,-0.0227f,-0.0009f,-0.9997f,0.2931f,0f,0f,0f,1f],start_interpolation: 0,interpolation_duration: 1}
$data merge entity $(bone_head) {transformation: [-0.9987f,-0.0456f,0.0227f,0f,-0.0456f,0.999f,0.0001f,1.4186f,-0.0227f,-0.0009f,-0.9997f,0.0425f,0f,0f,0f,1f],start_interpolation: 0,interpolation_duration: 1}
$data merge entity $(bone_fabric_overray) {transformation: [-1f,0f,0f,0f,0f,0.9909f,0.1343f,1.4186f,0f,0.1343f,-0.9909f,0.0425f,0f,0f,0f,1f],start_interpolation: 0,interpolation_duration: 1}
$data merge entity $(bone_fabric) {transformation: [-1f,0f,0f,0f,0f,0.9909f,0.1343f,1.4186f,0f,0.1343f,-0.9909f,0.0425f,0f,0f,0f,1f],start_interpolation: 0,interpolation_duration: 1}
$data merge entity $(bone_bone_overray) {transformation: [-1f,0f,0f,0f,0f,0.9965f,0.0837f,1.4186f,0f,0.0837f,-0.9965f,0.0425f,0f,0f,0f,1f],start_interpolation: 0,interpolation_duration: 1}
$data merge entity $(bone_bone) {transformation: [-1f,0f,0f,0f,0f,0.9965f,0.0837f,1.4186f,0f,0.0837f,-0.9965f,0.0425f,0f,0f,0f,1f],start_interpolation: 0,interpolation_duration: 1}
$data merge entity $(bone_left_arm1) {transformation: [-1f,-0.008f,0f,0.25f,-0.0079f,0.9909f,0.1343f,1.3792f,-0.0011f,0.1343f,-0.9909f,0.0372f,0f,0f,0f,1f],start_interpolation: 0,interpolation_duration: 1}
$data merge entity $(bone_right_arm1) {transformation: [-1f,0.008f,0f,-0.25f,0.0079f,0.9909f,0.1343f,1.3792f,0.0011f,0.1343f,-0.9909f,0.0372f,0f,0f,0f,1f],start_interpolation: 0,interpolation_duration: 1}
data modify entity @s data merge value {"cameras":{},"locators":{"mouse":{"posx":-0.009958314045888936,"posy":1.5121801987357033,"posz":0.2923967809546763,"roty":1.303151847356503,"rotx":0.008185950834872023},"left_arm":{"posx":0.31796507376849686,"posy":0.6983964158958361,"posz":-0.05508112904400592,"roty":0,"rotx":7.720000000000003},"right_arm":{"posx":-0.3179650737684968,"posy":0.6983964158958361,"posz":-0.055081129044006,"roty":0,"rotx":7.720000000000003}}}