# This file was generated by Animated Java via MC-Build. It is not recommended to edit this file directly.
$data merge entity $(bone_eyes) {transformation: [-0.999f,-0.0392f,0.0195f,-0.034f,-0.0392f,0.9992f,0f,1.7538f,-0.0195f,-0.0007f,-0.9998f,0.2958f,0f,0f,0f,1f],start_interpolation: 0,interpolation_duration: 1}
$data merge entity $(bone_head) {transformation: [-0.999f,-0.0392f,0.0195f,0f,-0.0392f,0.9992f,0f,1.411f,-0.0195f,-0.0007f,-0.9998f,0.0451f,0f,0f,0f,1f],start_interpolation: 0,interpolation_duration: 1}
$data merge entity $(bone_fabric_overray) {transformation: [-1f,0f,0f,0f,0f,0.9898f,0.1424f,1.411f,0f,0.1424f,-0.9898f,0.0451f,0f,0f,0f,1f],start_interpolation: 0,interpolation_duration: 1}
$data merge entity $(bone_fabric) {transformation: [-1f,0f,0f,0f,0f,0.9898f,0.1424f,1.411f,0f,0.1424f,-0.9898f,0.0451f,0f,0f,0f,1f],start_interpolation: 0,interpolation_duration: 1}
$data merge entity $(bone_bone_overray) {transformation: [-1f,0f,0f,0f,0f,0.9951f,0.0991f,1.411f,0f,0.0991f,-0.9951f,0.0451f,0f,0f,0f,1f],start_interpolation: 0,interpolation_duration: 1}
$data merge entity $(bone_bone) {transformation: [-1f,0f,0f,0f,0f,0.9951f,0.0991f,1.411f,0f,0.0991f,-0.9951f,0.0451f,0f,0f,0f,1f],start_interpolation: 0,interpolation_duration: 1}
$data merge entity $(bone_left_arm1) {transformation: [-1f,-0.0037f,0f,0.25f,-0.0036f,0.9898f,0.1424f,1.3688f,-0.0005f,0.1424f,-0.9898f,0.0391f,0f,0f,0f,1f],start_interpolation: 0,interpolation_duration: 1}
$data merge entity $(bone_right_arm1) {transformation: [-1f,0.0037f,0f,-0.25f,0.0036f,0.9898f,0.1424f,1.3688f,0.0005f,0.1424f,-0.9898f,0.0391f,0f,0f,0f,1f],start_interpolation: 0,interpolation_duration: 1}
data modify entity @s data merge value {"cameras":{},"locators":{"mouse":{"posx":-0.008552262444734515,"posy":1.5046303818319637,"posz":0.2950122965257972,"roty":1.1174678476404267,"rotx":0.0010635373620435876},"left_arm":{"posx":0.3150193936654401,"posy":0.6885129733449946,"posz":-0.05878895491480572,"roty":0,"rotx":8.185468749999998},"right_arm":{"posx":-0.3150193936654401,"posy":0.6885129733449946,"posz":-0.0587889549148058,"roty":0,"rotx":8.185468749999998}}}