# This file was generated by Animated Java via MC-Build. It is not recommended to edit this file directly.
$data merge entity $(bone_eyes) {transformation: [-0.9993f,-0.0329f,0.0162f,-0.031f,-0.0329f,0.9995f,-0.0001f,1.747f,-0.0162f,-0.0006f,-0.9999f,0.2983f,0f,0f,0f,1f],start_interpolation: 0,interpolation_duration: 1}
$data merge entity $(bone_head) {transformation: [-0.9993f,-0.0329f,0.0162f,0f,-0.0329f,0.9995f,-0.0001f,1.4039f,-0.0162f,-0.0006f,-0.9999f,0.0475f,0f,0f,0f,1f],start_interpolation: 0,interpolation_duration: 1}
$data merge entity $(bone_fabric_overray) {transformation: [-1f,0f,0f,0f,0f,0.9887f,0.1498f,1.4039f,0f,0.1498f,-0.9887f,0.0475f,0f,0f,0f,1f],start_interpolation: 0,interpolation_duration: 1}
$data merge entity $(bone_fabric) {transformation: [-1f,0f,0f,0f,0f,0.9887f,0.1498f,1.4039f,0f,0.1498f,-0.9887f,0.0475f,0f,0f,0f,1f],start_interpolation: 0,interpolation_duration: 1}
$data merge entity $(bone_bone_overray) {transformation: [-1f,0f,0f,0f,0f,0.9935f,0.1138f,1.4039f,0f,0.1138f,-0.9935f,0.0475f,0f,0f,0f,1f],start_interpolation: 0,interpolation_duration: 1}
$data merge entity $(bone_bone) {transformation: [-1f,0f,0f,0f,0f,0.9935f,0.1138f,1.4039f,0f,0.1138f,-0.9935f,0.0475f,0f,0f,0f,1f],start_interpolation: 0,interpolation_duration: 1}
$data merge entity $(bone_left_arm1) {transformation: [-1f,-0.0009f,0f,0.25f,-0.0009f,0.9887f,0.1498f,1.359f,-0.0001f,0.1498f,-0.9887f,0.0407f,0f,0f,0f,1f],start_interpolation: 0,interpolation_duration: 1}
$data merge entity $(bone_right_arm1) {transformation: [-1f,0.0009f,0f,-0.25f,0.0009f,0.9887f,0.1498f,1.359f,0.0001f,0.1498f,-0.9887f,0.0407f,0f,0f,0f,1f],start_interpolation: 0,interpolation_duration: 1}
data modify entity @s data merge value {"cameras":{},"locators":{"mouse":{"posx":-0.007139744018400967,"posy":1.4976157441147806,"posz":0.29743333982537207,"roty":0.9298608916467686,"rotx":-0.003980250975569867},"left_arm":{"posx":0.3131524249187123,"posy":0.6792756695791532,"posz":-0.06227640731414599,"roty":0,"rotx":8.616249999999999},"right_arm":{"posx":-0.3131524249187123,"posy":0.6792756695791532,"posz":-0.06227640731414608,"roty":0,"rotx":8.616249999999999}}}