# This file was generated by Animated Java via MC-Build. It is not recommended to edit this file directly.
$data merge entity $(bone_eyes) {transformation: [-0.9998f,0.0211f,-0.006f,-0.0069f,0.0211f,0.9998f,0.0003f,1.7359f,0.006f,0.0001f,-1f,0.3029f,0f,0f,0f,1f],start_interpolation: 0,interpolation_duration: 1}
$data merge entity $(bone_head) {transformation: [-0.9998f,0.0211f,-0.006f,0f,0.0211f,0.9998f,0.0003f,1.392f,0.006f,0.0001f,-1f,0.0515f,0f,0f,0f,1f],start_interpolation: 0,interpolation_duration: 1}
$data merge entity $(bone_fabric_overray) {transformation: [-1f,0f,0f,0f,0f,0.9867f,0.1623f,1.392f,0f,0.1623f,-0.9867f,0.0515f,0f,0f,0f,1f],start_interpolation: 0,interpolation_duration: 1}
$data merge entity $(bone_fabric) {transformation: [-1f,0f,0f,0f,0f,0.9867f,0.1623f,1.392f,0f,0.1623f,-0.9867f,0.0515f,0f,0f,0f,1f],start_interpolation: 0,interpolation_duration: 1}
$data merge entity $(bone_bone_overray) {transformation: [-1f,0f,0f,0f,0f,0.9918f,0.1278f,1.392f,0f,0.1278f,-0.9918f,0.0515f,0f,0f,0f,1f],start_interpolation: 0,interpolation_duration: 1}
$data merge entity $(bone_bone) {transformation: [-1f,0f,0f,0f,0f,0.9918f,0.1278f,1.392f,0f,0.1278f,-0.9918f,0.0515f,0f,0f,0f,1f],start_interpolation: 0,interpolation_duration: 1}
$data merge entity $(bone_left_arm1) {transformation: [-0.9999f,-0.0136f,0f,0.25f,-0.0134f,0.9867f,0.1623f,1.3411f,-0.0022f,0.1623f,-0.9867f,0.0432f,0f,0f,0f,1f],start_interpolation: 0,interpolation_duration: 1}
$data merge entity $(bone_right_arm1) {transformation: [-0.9999f,0.0136f,0f,-0.25f,0.0134f,0.9867f,0.1623f,1.3411f,0.0022f,0.1623f,-0.9867f,0.0432f,0f,0f,0f,1f],start_interpolation: 0,interpolation_duration: 1}
data modify entity @s data merge value {"cameras":{},"locators":{"mouse":{"posx":0.0034850429754624567,"posy":1.4856643154383598,"posz":0.30155303098752645,"roty":359.6540972117648,"rotx":0.014951385712868356},"left_arm":{"posx":0.3218532475743911,"posy":0.6635712515245548,"posz":-0.06826201566615958,"roty":0,"rotx":9.339999999999998},"right_arm":{"posx":-0.32185324757439104,"posy":0.6635712515245548,"posz":-0.06826201566615966,"roty":0,"rotx":9.339999999999998}}}