# This file was generated by Animated Java via MC-Build. It is not recommended to edit this file directly.
$data merge entity $(bone_eyes) {transformation: [-0.9996f,-0.0267f,0.013f,-0.028f,-0.0267f,0.9996f,-0.0001f,1.7408f,-0.013f,-0.0005f,-0.9999f,0.3005f,0f,0f,0f,1f],start_interpolation: 0,interpolation_duration: 1}
$data merge entity $(bone_head) {transformation: [-0.9996f,-0.0267f,0.013f,0f,-0.0267f,0.9996f,-0.0001f,1.3975f,-0.013f,-0.0005f,-0.9999f,0.0497f,0f,0f,0f,1f],start_interpolation: 0,interpolation_duration: 1}
$data merge entity $(bone_fabric_overray) {transformation: [-1f,0f,0f,0f,0f,0.9877f,0.1565f,1.3975f,0f,0.1565f,-0.9877f,0.0497f,0f,0f,0f,1f],start_interpolation: 0,interpolation_duration: 1}
$data merge entity $(bone_fabric) {transformation: [-1f,0f,0f,0f,0f,0.9877f,0.1565f,1.3975f,0f,0.1565f,-0.9877f,0.0497f,0f,0f,0f,1f],start_interpolation: 0,interpolation_duration: 1}
$data merge entity $(bone_bone_overray) {transformation: [-1f,0f,0f,0f,0f,0.9918f,0.1277f,1.3975f,0f,0.1277f,-0.9918f,0.0497f,0f,0f,0f,1f],start_interpolation: 0,interpolation_duration: 1}
$data merge entity $(bone_bone) {transformation: [-1f,0f,0f,0f,0f,0.9918f,0.1277f,1.3975f,0f,0.1277f,-0.9918f,0.0497f,0f,0f,0f,1f],start_interpolation: 0,interpolation_duration: 1}
$data merge entity $(bone_left_arm1) {transformation: [-1f,0f,0f,0.25f,0f,0.9877f,0.1565f,1.3498f,0f,0.1565f,-0.9877f,0.0421f,0f,0f,0f,1f],start_interpolation: 0,interpolation_duration: 1}
$data merge entity $(bone_right_arm1) {transformation: [-1f,0f,0f,-0.25f,0f,0.9877f,0.1565f,1.3498f,0f,0.1565f,-0.9877f,0.0421f,0f,0f,0f,1f],start_interpolation: 0,interpolation_duration: 1}
data modify entity @s data merge value {"cameras":{},"locators":{"mouse":{"posx":-0.005745813534031687,"posy":1.491279211106017,"posz":0.2996120415130724,"roty":0.7441970614550257,"rotx":-0.006950857759907579},"left_arm":{"posx":0.3125,"posy":0.6708034555689293,"posz":-0.06547635607934427,"roty":0,"rotx":9.003906250000002},"right_arm":{"posx":-0.3125,"posy":0.6708034555689293,"posz":-0.06547635607934435,"roty":0,"rotx":9.003906250000002}}}