# This file was generated by Animated Java via MC-Build. It is not recommended to edit this file directly.
$data merge entity $(bone_eyes) {transformation: [-0.9997f,-0.0206f,0.0099f,-0.0252f,-0.0206f,0.9998f,-0.0001f,1.7354f,-0.0099f,-0.0003f,-1f,0.3025f,0f,0f,0f,1f],start_interpolation: 0,interpolation_duration: 1}
$data merge entity $(bone_head) {transformation: [-0.9997f,-0.0206f,0.0099f,0f,-0.0206f,0.9998f,-0.0001f,1.392f,-0.0099f,-0.0003f,-1f,0.0515f,0f,0f,0f,1f],start_interpolation: 0,interpolation_duration: 1}
$data merge entity $(bone_fabric_overray) {transformation: [-1f,0f,0f,0f,0f,0.9867f,0.1623f,1.392f,0f,0.1623f,-0.9867f,0.0515f,0f,0f,0f,1f],start_interpolation: 0,interpolation_duration: 1}
$data merge entity $(bone_fabric) {transformation: [-1f,0f,0f,0f,0f,0.9867f,0.1623f,1.392f,0f,0.1623f,-0.9867f,0.0515f,0f,0f,0f,1f],start_interpolation: 0,interpolation_duration: 1}
$data merge entity $(bone_bone_overray) {transformation: [-1f,0f,0f,0f,0f,0.99f,0.1407f,1.392f,0f,0.1407f,-0.99f,0.0515f,0f,0f,0f,1f],start_interpolation: 0,interpolation_duration: 1}
$data merge entity $(bone_bone) {transformation: [-1f,0f,0f,0f,0f,0.99f,0.1407f,1.392f,0f,0.1407f,-0.99f,0.0515f,0f,0f,0f,1f],start_interpolation: 0,interpolation_duration: 1}
$data merge entity $(bone_left_arm1) {transformation: [-1f,0f,0f,0.25f,0f,0.9867f,0.1623f,1.3415f,0f,0.1623f,-0.9867f,0.0432f,0f,0f,0f,1f],start_interpolation: 0,interpolation_duration: 1}
$data merge entity $(bone_right_arm1) {transformation: [-1f,0f,0f,-0.25f,0f,0.9867f,0.1623f,1.3415f,0f,0.1623f,-0.9867f,0.0432f,0f,0f,0f,1f],start_interpolation: 0,interpolation_duration: 1}
data modify entity @s data merge value {"cameras":{},"locators":{"mouse":{"posx":-0.004396667260051922,"posy":1.4857653167362985,"posz":0.3015007957577185,"roty":0.5646741698366213,"rotx":-0.007992402584731526},"left_arm":{"posx":0.3125,"posy":0.6631563691367727,"posz":-0.06833025270634645,"roty":0,"rotx":9.339999999999995},"right_arm":{"posx":-0.3125,"posy":0.6631563691367727,"posz":-0.06833025270634654,"roty":0,"rotx":9.339999999999995}}}