# This file was generated by Animated Java via MC-Build. It is not recommended to edit this file directly.
$data merge entity $(bone_eyes) {transformation: [-0.9999f,-0.0149f,0.0069f,-0.0225f,-0.0149f,0.9999f,-0.0001f,1.731f,-0.0069f,-0.0002f,-1f,0.3041f,0f,0f,0f,1f],start_interpolation: 0,interpolation_duration: 1}
$data merge entity $(bone_head) {transformation: [-0.9999f,-0.0149f,0.0069f,0f,-0.0149f,0.9999f,-0.0001f,1.3874f,-0.0069f,-0.0002f,-1f,0.0531f,0f,0f,0f,1f],start_interpolation: 0,interpolation_duration: 1}
$data merge entity $(bone_fabric_overray) {transformation: [-1f,0f,0f,0f,0f,0.9859f,0.167f,1.3874f,0f,0.167f,-0.9859f,0.0531f,0f,0f,0f,1f],start_interpolation: 0,interpolation_duration: 1}
$data merge entity $(bone_fabric) {transformation: [-1f,0f,0f,0f,0f,0.9859f,0.167f,1.3874f,0f,0.167f,-0.9859f,0.0531f,0f,0f,0f,1f],start_interpolation: 0,interpolation_duration: 1}
$data merge entity $(bone_bone_overray) {transformation: [-1f,0f,0f,0f,0f,0.9883f,0.1527f,1.3874f,0f,0.1527f,-0.9883f,0.0531f,0f,0f,0f,1f],start_interpolation: 0,interpolation_duration: 1}
$data merge entity $(bone_bone) {transformation: [-1f,0f,0f,0f,0f,0.9883f,0.1527f,1.3874f,0f,0.1527f,-0.9883f,0.0531f,0f,0f,0f,1f],start_interpolation: 0,interpolation_duration: 1}
$data merge entity $(bone_left_arm1) {transformation: [-1f,0f,0f,0.25f,0f,0.9859f,0.167f,1.3342f,0f,0.167f,-0.9859f,0.0441f,0f,0f,0f,1f],start_interpolation: 0,interpolation_duration: 1}
$data merge entity $(bone_right_arm1) {transformation: [-1f,0f,0f,-0.25f,0f,0.9859f,0.167f,1.3342f,0f,0.167f,-0.9859f,0.0441f,0f,0f,0f,1f],start_interpolation: 0,interpolation_duration: 1}
data modify entity @s data merge value {"cameras":{},"locators":{"mouse":{"posx":-0.003119446871893554,"posy":1.4812197611982616,"posz":0.30305229695914476,"roty":0.39576429934822954,"rotx":-0.007380449573522023},"left_arm":{"posx":0.3125,"posy":0.6563890140464689,"posz":-0.07078062904475052,"roty":0,"rotx":9.616093750000003},"right_arm":{"posx":-0.3125,"posy":0.6563890140464689,"posz":-0.0707806290447506,"roty":0,"rotx":9.616093750000003}}}