# This file was generated by Animated Java via MC-Build. It is not recommended to edit this file directly.
$data merge entity $(bone_eyes) {transformation: [-0.9999f,-0.0094f,0.0042f,-0.0199f,-0.0094f,1f,-0.0001f,1.7276f,-0.0042f,-0.0001f,-1f,0.3054f,0f,0f,0f,1f],start_interpolation: 0,interpolation_duration: 1}
$data merge entity $(bone_head) {transformation: [-0.9999f,-0.0094f,0.0042f,0f,-0.0094f,1f,-0.0001f,1.384f,-0.0042f,-0.0001f,-1f,0.0542f,0f,0f,0f,1f],start_interpolation: 0,interpolation_duration: 1}
$data merge entity $(bone_fabric_overray) {transformation: [-1f,0f,0f,0f,0f,0.9853f,0.1706f,1.384f,0f,0.1706f,-0.9853f,0.0542f,0f,0f,0f,1f],start_interpolation: 0,interpolation_duration: 1}
$data merge entity $(bone_fabric) {transformation: [-1f,0f,0f,0f,0f,0.9853f,0.1706f,1.384f,0f,0.1706f,-0.9853f,0.0542f,0f,0f,0f,1f],start_interpolation: 0,interpolation_duration: 1}
$data merge entity $(bone_bone_overray) {transformation: [-1f,0f,0f,0f,0f,0.9866f,0.1634f,1.384f,0f,0.1634f,-0.9866f,0.0542f,0f,0f,0f,1f],start_interpolation: 0,interpolation_duration: 1}
$data merge entity $(bone_bone) {transformation: [-1f,0f,0f,0f,0f,0.9866f,0.1634f,1.384f,0f,0.1634f,-0.9866f,0.0542f,0f,0f,0f,1f],start_interpolation: 0,interpolation_duration: 1}
$data merge entity $(bone_left_arm1) {transformation: [-1f,0f,0f,0.25f,0f,0.9853f,0.1706f,1.328f,0f,0.1706f,-0.9853f,0.0445f,0f,0f,0f,1f],start_interpolation: 0,interpolation_duration: 1}
$data merge entity $(bone_right_arm1) {transformation: [-1f,0f,0f,-0.25f,0f,0.9853f,0.1706f,1.328f,0f,0.1706f,-0.9853f,0.0445f,0f,0f,0f,1f],start_interpolation: 0,interpolation_duration: 1}
data modify entity @s data merge value {"cameras":{},"locators":{"mouse":{"posx":-0.0019420135519743927,"posy":1.4777888649092181,"posz":0.30421954356423264,"roty":0.2421440973004394,"rotx":-0.00550771467255898},"left_arm":{"posx":0.3125,"posy":0.6506145781768229,"posz":-0.07275951234143438,"roty":0,"rotx":9.823750000000002},"right_arm":{"posx":-0.3125,"posy":0.6506145781768229,"posz":-0.07275951234143446,"roty":0,"rotx":9.823750000000002}}}