# This file was generated by Animated Java via MC-Build. It is not recommended to edit this file directly.
$data merge entity $(bone_eyes) {transformation: [-0.9996f,0.0273f,-0.0072f,-0.0044f,0.0273f,0.9996f,0.0003f,1.7415f,0.0072f,0.0001f,-1f,0.3011f,0f,0f,0f,1f],start_interpolation: 0,interpolation_duration: 1}
$data merge entity $(bone_head) {transformation: [-0.9996f,0.0273f,-0.0072f,0f,0.0273f,0.9996f,0.0003f,1.3975f,0.0072f,0.0001f,-1f,0.0497f,0f,0f,0f,1f],start_interpolation: 0,interpolation_duration: 1}
$data merge entity $(bone_fabric_overray) {transformation: [-1f,0f,0f,0f,0f,0.9877f,0.1565f,1.3975f,0f,0.1565f,-0.9877f,0.0497f,0f,0f,0f,1f],start_interpolation: 0,interpolation_duration: 1}
$data merge entity $(bone_fabric) {transformation: [-1f,0f,0f,0f,0f,0.9877f,0.1565f,1.3975f,0f,0.1565f,-0.9877f,0.0497f,0f,0f,0f,1f],start_interpolation: 0,interpolation_duration: 1}
$data merge entity $(bone_bone_overray) {transformation: [-1f,0f,0f,0f,0f,0.9936f,0.1133f,1.3975f,0f,0.1133f,-0.9936f,0.0497f,0f,0f,0f,1f],start_interpolation: 0,interpolation_duration: 1}
$data merge entity $(bone_bone) {transformation: [-1f,0f,0f,0f,0f,0.9936f,0.1133f,1.3975f,0f,0.1133f,-0.9936f,0.0497f,0f,0f,0f,1f],start_interpolation: 0,interpolation_duration: 1}
$data merge entity $(bone_left_arm1) {transformation: [-0.9998f,-0.0205f,0f,0.25f,-0.0202f,0.9875f,0.1565f,1.3492f,-0.0032f,0.1565f,-0.9877f,0.042f,0f,0f,0f,1f],start_interpolation: 0,interpolation_duration: 1}
$data merge entity $(bone_right_arm1) {transformation: [-0.9998f,0.0205f,0f,-0.25f,0.0202f,0.9875f,0.1565f,1.3492f,0.0032f,0.1565f,-0.9877f,0.042f,0f,0f,0f,1f],start_interpolation: 0,interpolation_duration: 1}
data modify entity @s data merge value {"cameras":{},"locators":{"mouse":{"posx":0.0043657178923516065,"posy":1.4911615682122632,"posz":0.2996840466018825,"roty":359.58624718568524,"rotx":0.019631572347361216},"left_arm":{"posx":0.326547437883685,"posy":0.6715979776915042,"posz":-0.06535046061012047,"roty":0,"rotx":9.003906250000002},"right_arm":{"posx":-0.32654743788368495,"posy":0.6715979776915042,"posz":-0.06535046061012056,"roty":0,"rotx":9.003906250000002}}}