# This file was generated by Animated Java via MC-Build. It is not recommended to edit this file directly.
$data merge entity $(bone_eyes) {transformation: [-0.9994f,0.0337f,-0.0082f,-0.002f,0.0337f,0.9994f,0.0004f,1.7479f,0.0082f,0.0001f,-1f,0.2989f,0f,0f,0f,1f],start_interpolation: 0,interpolation_duration: 1}
$data merge entity $(bone_head) {transformation: [-0.9994f,0.0337f,-0.0082f,0f,0.0337f,0.9994f,0.0004f,1.4039f,0.0082f,0.0001f,-1f,0.0475f,0f,0f,0f,1f],start_interpolation: 0,interpolation_duration: 1}
$data merge entity $(bone_fabric_overray) {transformation: [-1f,0f,0f,0f,0f,0.9887f,0.1498f,1.4039f,0f,0.1498f,-0.9887f,0.0475f,0f,0f,0f,1f],start_interpolation: 0,interpolation_duration: 1}
$data merge entity $(bone_fabric) {transformation: [-1f,0f,0f,0f,0f,0.9887f,0.1498f,1.4039f,0f,0.1498f,-0.9887f,0.0475f,0f,0f,0f,1f],start_interpolation: 0,interpolation_duration: 1}
$data merge entity $(bone_bone_overray) {transformation: [-1f,0f,0f,0f,0f,0.9952f,0.0979f,1.4039f,0f,0.0979f,-0.9952f,0.0475f,0f,0f,0f,1f],start_interpolation: 0,interpolation_duration: 1}
$data merge entity $(bone_bone) {transformation: [-1f,0f,0f,0f,0f,0.9952f,0.0979f,1.4039f,0f,0.0979f,-0.9952f,0.0475f,0f,0f,0f,1f],start_interpolation: 0,interpolation_duration: 1}
$data merge entity $(bone_left_arm1) {transformation: [-0.9996f,-0.0283f,0f,0.25f,-0.028f,0.9883f,0.1498f,1.3582f,-0.0042f,0.1498f,-0.9887f,0.0406f,0f,0f,0f,1f],start_interpolation: 0,interpolation_duration: 1}
$data merge entity $(bone_right_arm1) {transformation: [-0.9996f,0.0283f,0f,-0.25f,0.028f,0.9883f,0.1498f,1.3582f,0.0042f,0.1498f,-0.9887f,0.0406f,0f,0f,0f,1f],start_interpolation: 0,interpolation_duration: 1}
data modify entity @s data merge value {"cameras":{},"locators":{"mouse":{"posx":0.005215963339574819,"posy":1.4974892447175534,"posz":0.297528283513371,"roty":359.5295597654836,"rotx":0.024398769799108957},"left_arm":{"posx":0.33191103388270393,"posy":0.6805026326034492,"posz":-0.06209049064212441,"roty":0,"rotx":8.616249999999999},"right_arm":{"posx":-0.3319110338827039,"posy":0.6805026326034492,"posz":-0.062090490642124484,"roty":0,"rotx":8.616249999999999}}}