# This file was generated by Animated Java via MC-Build. It is not recommended to edit this file directly.
$data merge entity $(bone_eyes) {transformation: [-0.9991f,0.0403f,-0.009f,0.0005f,0.0403f,0.9992f,0.0005f,1.7549f,0.009f,0.0001f,-1f,0.2966f,0f,0f,0f,1f],start_interpolation: 0,interpolation_duration: 1}
$data merge entity $(bone_head) {transformation: [-0.9991f,0.0403f,-0.009f,0f,0.0403f,0.9992f,0.0005f,1.411f,0.009f,0.0001f,-1f,0.0451f,0f,0f,0f,1f],start_interpolation: 0,interpolation_duration: 1}
$data merge entity $(bone_fabric_overray) {transformation: [-1f,0f,0f,0f,0f,0.9898f,0.1424f,1.411f,0f,0.1424f,-0.9898f,0.0451f,0f,0f,0f,1f],start_interpolation: 0,interpolation_duration: 1}
$data merge entity $(bone_fabric) {transformation: [-1f,0f,0f,0f,0f,0.9898f,0.1424f,1.411f,0f,0.1424f,-0.9898f,0.0451f,0f,0f,0f,1f],start_interpolation: 0,interpolation_duration: 1}
$data merge entity $(bone_bone_overray) {transformation: [-1f,0f,0f,0f,0f,0.9967f,0.0817f,1.411f,0f,0.0817f,-0.9967f,0.0451f,0f,0f,0f,1f],start_interpolation: 0,interpolation_duration: 1}
$data merge entity $(bone_bone) {transformation: [-1f,0f,0f,0f,0f,0.9967f,0.0817f,1.411f,0f,0.0817f,-0.9967f,0.0451f,0f,0f,0f,1f],start_interpolation: 0,interpolation_duration: 1}
$data merge entity $(bone_left_arm1) {transformation: [-0.9993f,-0.0369f,0f,0.25f,-0.0365f,0.9891f,0.1424f,1.3679f,-0.0052f,0.1423f,-0.9898f,0.0389f,0f,0f,0f,1f],start_interpolation: 0,interpolation_duration: 1}
$data merge entity $(bone_right_arm1) {transformation: [-0.9993f,0.0369f,0f,-0.25f,0.0365f,0.9891f,0.1424f,1.3679f,0.0052f,0.1423f,-0.9898f,0.0389f,0f,0f,0f,1f],start_interpolation: 0,interpolation_duration: 1}
data modify entity @s data merge value {"cameras":{},"locators":{"mouse":{"posx":0.006020277689940186,"posy":1.5045044570314534,"posz":0.2951332704317625,"roty":359.485452292117,"rotx":0.029031501486876807},"left_arm":{"posx":0.33780743033602956,"posy":0.6901696631757743,"posz":-0.05855065113915988,"roty":0,"rotx":8.185468749999998},"right_arm":{"posx":-0.3378074303360295,"posy":0.6901696631757743,"posz":-0.05855065113915996,"roty":0,"rotx":8.185468749999998}}}