# This file was generated by Animated Java via MC-Build. It is not recommended to edit this file directly.
$data merge entity $(bone_eyes) {transformation: [-0.9989f,0.0468f,-0.0095f,0.0029f,0.0468f,0.9989f,0.0006f,1.7625f,0.0095f,0.0001f,-1f,0.294f,0f,0f,0f,1f],start_interpolation: 0,interpolation_duration: 1}
$data merge entity $(bone_head) {transformation: [-0.9989f,0.0468f,-0.0095f,0f,0.0468f,0.9989f,0.0006f,1.4186f,0.0095f,0.0001f,-1f,0.0425f,0f,0f,0f,1f],start_interpolation: 0,interpolation_duration: 1}
$data merge entity $(bone_fabric_overray) {transformation: [-1f,0f,0f,0f,0f,0.9909f,0.1343f,1.4186f,0f,0.1343f,-0.9909f,0.0425f,0f,0f,0f,1f],start_interpolation: 0,interpolation_duration: 1}
$data merge entity $(bone_fabric) {transformation: [-1f,0f,0f,0f,0f,0.9909f,0.1343f,1.4186f,0f,0.1343f,-0.9909f,0.0425f,0f,0f,0f,1f],start_interpolation: 0,interpolation_duration: 1}
$data merge entity $(bone_bone_overray) {transformation: [-1f,0f,0f,0f,0f,0.9979f,0.0649f,1.4186f,0f,0.0649f,-0.9979f,0.0425f,0f,0f,0f,1f],start_interpolation: 0,interpolation_duration: 1}
$data merge entity $(bone_bone) {transformation: [-1f,0f,0f,0f,0f,0.9979f,0.0649f,1.4186f,0f,0.0649f,-0.9979f,0.0425f,0f,0f,0f,1f],start_interpolation: 0,interpolation_duration: 1}
$data merge entity $(bone_left_arm1) {transformation: [-0.9989f,-0.0461f,0f,0.25f,-0.0456f,0.9899f,0.1343f,1.3782f,-0.0062f,0.1342f,-0.9909f,0.0371f,0f,0f,0f,1f],start_interpolation: 0,interpolation_duration: 1}
$data merge entity $(bone_right_arm1) {transformation: [-0.9989f,0.0461f,0f,-0.25f,0.0456f,0.9899f,0.1343f,1.3782f,0.0062f,0.1342f,-0.9909f,0.0371f,0f,0f,0f,1f],start_interpolation: 0,interpolation_duration: 1}
data modify entity @s data merge value {"cameras":{},"locators":{"mouse":{"posx":0.006764568046126068,"posy":1.5120654612953126,"posz":0.29254658140811995,"roty":359.4549828648184,"rotx":0.03328459772992691},"left_arm":{"posx":0.34410018421622157,"posy":0.7004789314230622,"posz":-0.05479882163897546,"roty":0,"rotx":7.720000000000003},"right_arm":{"posx":-0.34410018421622157,"posy":0.7004789314230622,"posz":-0.05479882163897554,"roty":0,"rotx":7.720000000000002}}}