# This file was generated by Animated Java via MC-Build. It is not recommended to edit this file directly.
$data merge entity $(bone_eyes) {transformation: [-0.9985f,0.0532f,-0.0098f,0.0051f,0.0532f,0.9986f,0.0006f,1.7705f,0.0098f,0.0001f,-1f,0.2912f,0f,0f,0f,1f],start_interpolation: 0,interpolation_duration: 1}
$data merge entity $(bone_head) {transformation: [-0.9985f,0.0532f,-0.0098f,0f,0.0532f,0.9986f,0.0006f,1.4266f,0.0098f,0.0001f,-1f,0.0398f,0f,0f,0f,1f],start_interpolation: 0,interpolation_duration: 1}
$data merge entity $(bone_fabric_overray) {transformation: [-1f,0f,0f,0f,0f,0.9921f,0.1258f,1.4266f,0f,0.1258f,-0.9921f,0.0398f,0f,0f,0f,1f],start_interpolation: 0,interpolation_duration: 1}
$data merge entity $(bone_fabric) {transformation: [-1f,0f,0f,0f,0f,0.9921f,0.1258f,1.4266f,0f,0.1258f,-0.9921f,0.0398f,0f,0f,0f,1f],start_interpolation: 0,interpolation_duration: 1}
$data merge entity $(bone_bone_overray) {transformation: [-1f,0f,0f,0f,0f,0.9989f,0.0476f,1.4266f,0f,0.0476f,-0.9989f,0.0398f,0f,0f,0f,1f],start_interpolation: 0,interpolation_duration: 1}
$data merge entity $(bone_bone) {transformation: [-1f,0f,0f,0f,0f,0.9989f,0.0476f,1.4266f,0f,0.0476f,-0.9989f,0.0398f,0f,0f,0f,1f],start_interpolation: 0,interpolation_duration: 1}
$data merge entity $(bone_left_arm1) {transformation: [-0.9985f,-0.0556f,0f,0.25f,-0.0552f,0.9905f,0.1258f,1.3888f,-0.007f,0.1256f,-0.9921f,0.035f,0f,0f,0f,1f],start_interpolation: 0,interpolation_duration: 1}
$data merge entity $(bone_right_arm1) {transformation: [-0.9985f,0.0556f,0f,-0.25f,0.0552f,0.9905f,0.1258f,1.3888f,0.007f,0.1256f,-0.9921f,0.035f,0f,0f,0f,1f],start_interpolation: 0,interpolation_duration: 1}
data modify entity @s data merge value {"cameras":{},"locators":{"mouse":{"posx":0.00743636726819405,"posy":1.5200319137382121,"posz":0.2898157752177606,"roty":359.438807367927,"rotx":0.03690542918106245},"left_arm":{"posx":0.35065318562820524,"posy":0.711304385065683,"posz":-0.05090212859728799,"roty":0,"rotx":7.228281250000002},"right_arm":{"posx":-0.35065318562820524,"posy":0.711304385065683,"posz":-0.050902128597288064,"roty":0,"rotx":7.228281249999999}}}