# This file was generated by Animated Java via MC-Build. It is not recommended to edit this file directly.
$data merge entity $(bone_eyes) {transformation: [-1f,0f,0f,-0.0156f,0f,0.9994f,0.0352f,1.7159f,0f,0.0352f,-0.9994f,0.3296f,0f,0f,0f,1f],start_interpolation: 0,interpolation_duration: 1}
$data merge entity $(bone_head) {transformation: [-1f,0f,0f,0f,0f,0.9994f,0.0352f,1.3812f,0f,0.0352f,-0.9994f,0.0664f,0f,0f,0f,1f],start_interpolation: 0,interpolation_duration: 1}
$data merge entity $(bone_fabric_overray) {transformation: [-1f,0f,0f,0f,0f,0.9781f,0.2082f,1.3812f,0f,0.2082f,-0.9781f,0.0664f,0f,0f,0f,1f],start_interpolation: 0,interpolation_duration: 1}
$data merge entity $(bone_fabric) {transformation: [-1f,0f,0f,0f,0f,0.9781f,0.2082f,1.3812f,0f,0.2082f,-0.9781f,0.0664f,0f,0f,0f,1f],start_interpolation: 0,interpolation_duration: 1}
$data merge entity $(bone_bone_overray) {transformation: [-1f,0f,0f,0f,0f,0.9781f,0.2082f,1.3812f,0f,0.2082f,-0.9781f,0.0664f,0f,0f,0f,1f],start_interpolation: 0,interpolation_duration: 1}
$data merge entity $(bone_bone) {transformation: [-1f,0f,0f,0f,0f,0.9781f,0.2082f,1.3812f,0f,0.2082f,-0.9781f,0.0664f,0f,0f,0f,1f],start_interpolation: 0,interpolation_duration: 1}
$data merge entity $(bone_left_arm1) {transformation: [-0.9999f,-0.0074f,0.0135f,0.25f,0.0015f,-0.9213f,-0.3889f,1.32f,0.0153f,-0.3889f,0.9212f,0.0534f,0f,0f,0f,1f],start_interpolation: 0,interpolation_duration: 1}
$data merge entity $(bone_right_arm1) {transformation: [-0.9999f,-0.0018f,-0.0152f,-0.25f,0.0076f,-0.9213f,-0.3888f,1.32f,-0.0133f,-0.3889f,0.9212f,0.0534f,0f,0f,0f,1f],start_interpolation: 0,interpolation_duration: 1}
data modify entity @s data merge value {"cameras":{},"locators":{"mouse":{"posx":-3.913666408066794e-17,"posy":1.4660588587181624,"posz":0.31957511429349594,"roty":0,"rotx":2.01666666666667},"left_arm":{"posx":0.3175476280353799,"posy":1.9533124593556113,"posz":0.3197985147774883,"roty":179.16200655152883,"rotx":-22.887102973413825},"right_arm":{"posx":-0.3112274592884694,"posy":1.9539019813314829,"posz":0.31992400078552957,"roty":180.94771454109804,"rotx":-22.878928465585613}}}