# This file was generated by Animated Java via MC-Build. It is not recommended to edit this file directly.
$data merge entity $(bone_eyes) {transformation: [-1f,0f,0f,-0.0156f,0f,0.9993f,0.0364f,1.7152f,0f,0.0364f,-0.9993f,0.3413f,0f,0f,0f,1f],start_interpolation: 0,interpolation_duration: 1}
$data merge entity $(bone_head) {transformation: [-1f,0f,0f,0f,0f,0.9993f,0.0364f,1.3808f,0f,0.0364f,-0.9993f,0.0776f,0f,0f,0f,1f],start_interpolation: 0,interpolation_duration: 1}
$data merge entity $(bone_fabric_overray) {transformation: [-1f,0f,0f,0f,0f,0.9528f,0.3035f,1.3808f,0f,0.3035f,-0.9528f,0.0776f,0f,0f,0f,1f],start_interpolation: 0,interpolation_duration: 1}
$data merge entity $(bone_fabric) {transformation: [-1f,0f,0f,0f,0f,0.9528f,0.3035f,1.3808f,0f,0.3035f,-0.9528f,0.0776f,0f,0f,0f,1f],start_interpolation: 0,interpolation_duration: 1}
$data merge entity $(bone_bone_overray) {transformation: [-1f,0f,0f,0f,0f,0.9526f,0.3042f,1.3808f,0f,0.3042f,-0.9526f,0.0776f,0f,0f,0f,1f],start_interpolation: 0,interpolation_duration: 1}
$data merge entity $(bone_bone) {transformation: [-1f,0f,0f,0f,0f,0.9526f,0.3042f,1.3808f,0f,0.3042f,-0.9526f,0.0776f,0f,0f,0f,1f],start_interpolation: 0,interpolation_duration: 1}
$data merge entity $(bone_left_arm1) {transformation: [-1f,0f,0f,0.25f,0f,-0.7189f,-0.6951f,1.3202f,0f,-0.6951f,0.7189f,0.0625f,0f,0f,0f,1f],start_interpolation: 0,interpolation_duration: 1}
$data merge entity $(bone_right_arm1) {transformation: [-1f,0f,0f,-0.25f,0f,-0.7189f,-0.6951f,1.3202f,0f,-0.6951f,0.7189f,0.0625f,0f,0f,0f,1f],start_interpolation: 0,interpolation_duration: 1}
data modify entity @s data merge value {"cameras":{},"locators":{"mouse":{"posx":-4.0522749151131125e-17,"posy":1.4654040005298448,"posz":0.3308933578183084,"roty":0,"rotx":2.088888888888891},"left_arm":{"posx":0.31249999999999994,"posy":1.8144622869218294,"posz":0.5403521754666325,"roty":180,"rotx":-44.03333333333334},"right_arm":{"posx":-0.31250000000000006,"posy":1.8144622869218294,"posz":0.5403521754666325,"roty":180,"rotx":-44.03333333333334}}}
execute as @n[tag=aj.ginunga.locator.mouse] at @s run function ch_trip_and_magic_boss:ginga/animation/cry_special/effect