# This file was generated by Animated Java via MC-Build. It is not recommended to edit this file directly.
$data merge entity $(bone_eyes) {transformation: [-1f,0f,0f,-0.0156f,0f,0.9993f,0.0377f,1.7141f,0f,0.0377f,-0.9993f,0.3529f,0f,0f,0f,1f],start_interpolation: 0,interpolation_duration: 1}
$data merge entity $(bone_head) {transformation: [-1f,0f,0f,0f,0f,0.9993f,0.0377f,1.3801f,0f,0.0377f,-0.9993f,0.0888f,0f,0f,0f,1f],start_interpolation: 0,interpolation_duration: 1}
$data merge entity $(bone_fabric_overray) {transformation: [-1f,0f,0f,0f,0f,0.9081f,0.4188f,1.3801f,0f,0.4188f,-0.9081f,0.0888f,0f,0f,0f,1f],start_interpolation: 0,interpolation_duration: 1}
$data merge entity $(bone_fabric) {transformation: [-1f,0f,0f,0f,0f,0.9081f,0.4188f,1.3801f,0f,0.4188f,-0.9081f,0.0888f,0f,0f,0f,1f],start_interpolation: 0,interpolation_duration: 1}
$data merge entity $(bone_bone_overray) {transformation: [-1f,0f,0f,0f,0f,0.907f,0.4211f,1.3801f,0f,0.4211f,-0.907f,0.0888f,0f,0f,0f,1f],start_interpolation: 0,interpolation_duration: 1}
$data merge entity $(bone_bone) {transformation: [-1f,0f,0f,0f,0f,0.907f,0.4211f,1.3801f,0f,0.4211f,-0.907f,0.0888f,0f,0f,0f,1f],start_interpolation: 0,interpolation_duration: 1}
$data merge entity $(bone_left_arm1) {transformation: [-0.9995f,0.0314f,-0.0048f,0.25f,-0.0009f,-0.178f,-0.984f,1.32f,-0.0318f,-0.9835f,0.178f,0.0716f,0f,0f,0f,1f],start_interpolation: 0,interpolation_duration: 1}
$data merge entity $(bone_right_arm1) {transformation: [-0.9995f,-0.0228f,0.0221f,-0.25f,-0.0177f,-0.1785f,-0.9838f,1.32f,0.0264f,-0.9837f,0.178f,0.0716f,0f,0f,0f,1f],start_interpolation: 0,interpolation_duration: 1}
data modify entity @s data merge value {"cameras":{},"locators":{"mouse":{"posx":-4.190648783679127e-17,"posy":1.4643546832070655,"posz":0.3421924416572043,"roty":0,"rotx":2.1611111111111145},"left_arm":{"posx":0.2908670220623205,"posy":1.4424870189729462,"posz":0.7497129371437867,"roty":181.52889634934408,"rotx":-79.7449174804567},"right_arm":{"posx":-0.2967614771980086,"posy":1.4416725986530445,"posz":0.7494786365293461,"roty":172.9282135028313,"rotx":-79.66495380541042}}}