# This file was generated by Animated Java via MC-Build. It is not recommended to edit this file directly.
$data merge entity $(bone_eyes) {transformation: [-1f,0f,0f,-0.0156f,0f,0.9992f,0.039f,1.7127f,0f,0.039f,-0.9992f,0.3644f,0f,0f,0f,1f],start_interpolation: 0,interpolation_duration: 1}
$data merge entity $(bone_head) {transformation: [-1f,0f,0f,0f,0f,0.9992f,0.039f,1.379f,0f,0.039f,-0.9992f,0.1f,0f,0f,0f,1f],start_interpolation: 0,interpolation_duration: 1}
$data merge entity $(bone_fabric_overray) {transformation: [-1f,0f,0f,0f,0f,0.8398f,0.5429f,1.379f,0f,0.5429f,-0.8398f,0.1f,0f,0f,0f,1f],start_interpolation: 0,interpolation_duration: 1}
$data merge entity $(bone_fabric) {transformation: [-1f,0f,0f,0f,0f,0.8398f,0.5429f,1.379f,0f,0.5429f,-0.8398f,0.1f,0f,0f,0f,1f],start_interpolation: 0,interpolation_duration: 1}
$data merge entity $(bone_bone_overray) {transformation: [-1f,0f,0f,0f,0f,0.8372f,0.547f,1.379f,0f,0.547f,-0.8372f,0.1f,0f,0f,0f,1f],start_interpolation: 0,interpolation_duration: 1}
$data merge entity $(bone_bone) {transformation: [-1f,0f,0f,0f,0f,0.8372f,0.547f,1.379f,0f,0.547f,-0.8372f,0.1f,0f,0f,0f,1f],start_interpolation: 0,interpolation_duration: 1}
$data merge entity $(bone_left_arm1) {transformation: [-0.997f,0.0587f,0.0511f,0.25f,0.0005f,0.6614f,-0.7501f,1.3196f,-0.0778f,-0.7478f,-0.6594f,0.0806f,0f,0f,0f,1f],start_interpolation: 0,interpolation_duration: 1}
$data merge entity $(bone_right_arm1) {transformation: [-0.997f,-0.0774f,-0.0075f,-0.25f,-0.0454f,0.6583f,-0.7514f,1.3196f,0.0631f,-0.7488f,-0.6598f,0.0806f,0f,0f,0f,1f],start_interpolation: 0,interpolation_duration: 1}
data modify entity @s data merge value {"cameras":{},"locators":{"mouse":{"posx":-4.328618217456106e-17,"posy":1.4629118115620319,"posz":0.3534585008893877,"roty":0,"rotx":2.2333333333333383},"left_arm":{"posx":0.27195181348045216,"posy":0.8648250589267985,"posz":0.5995532396374731,"roty":4.427275817551958,"rotx":-48.59482021115132},"right_arm":{"posx":-0.25907597432257196,"posy":0.8641262171947908,"posz":0.5993252728691123,"roty":359.34487744890777,"rotx":-48.70928830900187}}}