# This file was generated by Animated Java via MC-Build. It is not recommended to edit this file directly.
$data merge entity $(bone_eyes) {transformation: [-1f,0f,0f,-0.0156f,0f,0.9992f,0.0402f,1.7108f,0f,0.0402f,-0.9992f,0.376f,0f,0f,0f,1f],start_interpolation: 0,interpolation_duration: 1}
$data merge entity $(bone_head) {transformation: [-1f,0f,0f,0f,0f,0.9992f,0.0402f,1.3775f,0f,0.0402f,-0.9992f,0.1111f,0f,0f,0f,1f],start_interpolation: 0,interpolation_duration: 1}
$data merge entity $(bone_fabric_overray) {transformation: [-1f,0f,0f,0f,0f,0.7476f,0.6642f,1.3775f,0f,0.6642f,-0.7476f,0.1111f,0f,0f,0f,1f],start_interpolation: 0,interpolation_duration: 1}
$data merge entity $(bone_fabric) {transformation: [-1f,0f,0f,0f,0f,0.7476f,0.6642f,1.3775f,0f,0.6642f,-0.7476f,0.1111f,0f,0f,0f,1f],start_interpolation: 0,interpolation_duration: 1}
$data merge entity $(bone_bone_overray) {transformation: [-1f,0f,0f,0f,0f,0.7428f,0.6695f,1.3775f,0f,0.6695f,-0.7428f,0.1111f,0f,0f,0f,1f],start_interpolation: 0,interpolation_duration: 1}
$data merge entity $(bone_bone) {transformation: [-1f,0f,0f,0f,0f,0.7428f,0.6695f,1.3775f,0f,0.6695f,-0.7428f,0.1111f,0f,0f,0f,1f],start_interpolation: 0,interpolation_duration: 1}
$data merge entity $(bone_left_arm1) {transformation: [-0.9916f,-0.0136f,0.1288f,0.25f,0.0056f,0.9891f,0.1472f,1.3188f,-0.1294f,0.1466f,-0.9807f,0.0896f,0f,0f,0f,1f],start_interpolation: 0,interpolation_duration: 1}
$data merge entity $(bone_right_arm1) {transformation: [-0.9916f,-0.0638f,-0.1127f,-0.25f,-0.0792f,0.9872f,0.1382f,1.3188f,0.1025f,0.146f,-0.984f,0.0896f,0f,0f,0f,1f],start_interpolation: 0,interpolation_duration: 1}
data modify entity @s data merge value {"cameras":{},"locators":{"mouse":{"posx":-4.4660139150234917e-17,"posy":1.4610767777505407,"posz":0.36467771100474883,"roty":0,"rotx":2.3055555555555625},"left_arm":{"posx":0.3213153780521246,"posy":0.6384091621334447,"posz":-0.0030842338883104448,"roty":7.483037618452045,"rotx":8.46292132419422},"right_arm":{"posx":-0.26812047497115377,"posy":0.6350875042864774,"posz":-0.004298692534304899,"roty":353.46401831880553,"rotx":7.943595259901042}}}