# This file was generated by Animated Java via MC-Build. It is not recommended to edit this file directly.
$data merge entity $(bone_eyes) {transformation: [-1f,0f,0f,-0.0156f,0f,0.9991f,0.0415f,1.7086f,0f,0.0415f,-0.9991f,0.3875f,0f,0f,0f,1f],start_interpolation: 0,interpolation_duration: 1}
$data merge entity $(bone_head) {transformation: [-1f,0f,0f,0f,0f,0.9991f,0.0415f,1.3756f,0f,0.0415f,-0.9991f,0.1222f,0f,0f,0f,1f],start_interpolation: 0,interpolation_duration: 1}
$data merge entity $(bone_fabric_overray) {transformation: [-1f,0f,0f,0f,0f,0.6352f,0.7723f,1.3756f,0f,0.7723f,-0.6352f,0.1222f,0f,0f,0f,1f],start_interpolation: 0,interpolation_duration: 1}
$data merge entity $(bone_fabric) {transformation: [-1f,0f,0f,0f,0f,0.6352f,0.7723f,1.3756f,0f,0.7723f,-0.6352f,0.1222f,0f,0f,0f,1f],start_interpolation: 0,interpolation_duration: 1}
$data merge entity $(bone_bone_overray) {transformation: [-1f,0f,0f,0f,0f,0.6283f,0.778f,1.3756f,0f,0.778f,-0.6283f,0.1222f,0f,0f,0f,1f],start_interpolation: 0,interpolation_duration: 1}
$data merge entity $(bone_bone) {transformation: [-1f,0f,0f,0f,0f,0.6283f,0.778f,1.3756f,0f,0.778f,-0.6283f,0.1222f,0f,0f,0f,1f],start_interpolation: 0,interpolation_duration: 1}
$data merge entity $(bone_left_arm1) {transformation: [-0.9839f,-0.1477f,0.1001f,0.25f,0.0141f,0.4947f,0.8689f,1.3176f,-0.1779f,0.8564f,-0.4847f,0.0986f,0f,0f,0f,1f],start_interpolation: 0,interpolation_duration: 1}
$data merge entity $(bone_right_arm1) {transformation: [-0.9839f,0.0617f,-0.1675f,-0.25f,-0.1139f,0.5054f,0.8554f,1.3176f,0.1374f,0.8607f,-0.4902f,0.0986f,0f,0f,0f,1f],start_interpolation: 0,interpolation_duration: 1}
data modify entity @s data merge value {"cameras":{},"locators":{"mouse":{"posx":-4.602667279565818e-17,"posy":1.458851459548093,"posz":0.3758363050285498,"roty":0,"rotx":2.3777777777777818},"left_arm":{"posx":0.41307156976867104,"posy":0.9766226195652994,"posz":-0.4789964130205787,"roty":11.672804907192614,"rotx":60.33350694034811},"right_arm":{"posx":-0.35391618373362743,"posy":0.9630881323118288,"posz":-0.4844921983900115,"roty":341.1377351470346,"rotx":58.79892905299783}}}