# This file was generated by Animated Java via MC-Build. It is not recommended to edit this file directly.
$data merge entity $(bone_eyes) {transformation: [-1f,0f,0f,-0.0156f,0f,0.9991f,0.0427f,1.706f,0f,0.0427f,-0.9991f,0.3989f,0f,0f,0f,1f],start_interpolation: 0,interpolation_duration: 1}
$data merge entity $(bone_head) {transformation: [-1f,0f,0f,0f,0f,0.9991f,0.0427f,1.3733f,0f,0.0427f,-0.9991f,0.1331f,0f,0f,0f,1f],start_interpolation: 0,interpolation_duration: 1}
$data merge entity $(bone_fabric_overray) {transformation: [-1f,0f,0f,0f,0f,0.5105f,0.8599f,1.3733f,0f,0.8599f,-0.5105f,0.1331f,0f,0f,0f,1f],start_interpolation: 0,interpolation_duration: 1}
$data merge entity $(bone_fabric) {transformation: [-1f,0f,0f,0f,0f,0.5105f,0.8599f,1.3733f,0f,0.8599f,-0.5105f,0.1331f,0f,0f,0f,1f],start_interpolation: 0,interpolation_duration: 1}
$data merge entity $(bone_bone_overray) {transformation: [-1f,0f,0f,0f,0f,0.5022f,0.8648f,1.3733f,0f,0.8648f,-0.5022f,0.1331f,0f,0f,0f,1f],start_interpolation: 0,interpolation_duration: 1}
$data merge entity $(bone_bone) {transformation: [-1f,0f,0f,0f,0f,0.5022f,0.8648f,1.3733f,0f,0.8648f,-0.5022f,0.1331f,0f,0f,0f,1f],start_interpolation: 0,interpolation_duration: 1}
$data merge entity $(bone_left_arm1) {transformation: [-0.9763f,-0.2164f,0f,0.25f,0.0249f,-0.1125f,0.9933f,1.3162f,-0.215f,0.9698f,0.1152f,0.1076f,0f,0f,0f,1f],start_interpolation: 0,interpolation_duration: 1}
$data merge entity $(bone_right_arm1) {transformation: [-0.9763f,0.1756f,-0.1266f,-0.25f,-0.1437f,-0.0886f,0.9856f,1.3162f,0.1618f,0.9805f,0.1118f,0.1076f,0f,0f,0f,1f],start_interpolation: 0,interpolation_duration: 1}
data modify entity @s data merge value {"cameras":{},"locators":{"mouse":{"posx":-4.738410627716809e-17,"posy":1.4562382180244597,"posz":0.38692059057483963,"roty":0,"rotx":2.4500000000000037},"left_arm":{"posx":0.4598207350264306,"posy":1.3919975363790198,"posz":-0.5456911555871179,"roty":180.0000000001006,"rotx":83.38333333335724},"right_arm":{"posx":-0.4317124587702129,"posy":1.3681742874912421,"posz":-0.5563561274409865,"roty":228.5572014914615,"rotx":80.27722262038324}}}