# This file was generated by Animated Java via MC-Build. It is not recommended to edit this file directly.
$data merge entity $(bone_eyes) {transformation: [-1f,0f,0f,-0.0156f,0f,0.999f,0.044f,1.7029f,0f,0.044f,-0.999f,0.4102f,0f,0f,0f,1f],start_interpolation: 0,interpolation_duration: 1}
$data merge entity $(bone_head) {transformation: [-1f,0f,0f,0f,0f,0.999f,0.044f,1.3706f,0f,0.044f,-0.999f,0.144f,0f,0f,0f,1f],start_interpolation: 0,interpolation_duration: 1}
$data merge entity $(bone_fabric_overray) {transformation: [-1f,0f,0f,0f,0f,0.3839f,0.9234f,1.3706f,0f,0.9234f,-0.3839f,0.144f,0f,0f,0f,1f],start_interpolation: 0,interpolation_duration: 1}
$data merge entity $(bone_fabric) {transformation: [-1f,0f,0f,0f,0f,0.3839f,0.9234f,1.3706f,0f,0.9234f,-0.3839f,0.144f,0f,0f,0f,1f],start_interpolation: 0,interpolation_duration: 1}
$data merge entity $(bone_bone_overray) {transformation: [-1f,0f,0f,0f,0f,0.3758f,0.9267f,1.3706f,0f,0.9267f,-0.3758f,0.144f,0f,0f,0f,1f],start_interpolation: 0,interpolation_duration: 1}
$data merge entity $(bone_bone) {transformation: [-1f,0f,0f,0f,0f,0.3758f,0.9267f,1.3706f,0f,0.9267f,-0.3758f,0.144f,0f,0f,0f,1f],start_interpolation: 0,interpolation_duration: 1}
$data merge entity $(bone_left_arm1) {transformation: [-0.9754f,-0.2201f,-0.011f,0.25f,0.0331f,-0.1959f,0.9801f,1.3145f,-0.2179f,0.9556f,0.1983f,0.1165f,0f,0f,0f,1f],start_interpolation: 0,interpolation_duration: 1}
$data merge entity $(bone_right_arm1) {transformation: [-0.9754f,0.185f,-0.1199f,-0.25f,-0.1521f,-0.1712f,0.9734f,1.3145f,0.1595f,0.9677f,0.1951f,0.1165f,0f,0f,0f,1f],start_interpolation: 0,interpolation_duration: 1}
data modify entity @s data merge value {"cameras":{},"locators":{"mouse":{"posx":-4.8730773972719717e-17,"posy":1.4532398946195701,"posz":0.39791696680747446,"roty":0,"rotx":2.52222222222223},"left_arm":{"posx":0.46229819135474864,"posy":1.4470525054571663,"posz":-0.5268570580460442,"roty":183.18737790146398,"rotx":78.54304423663557},"right_arm":{"posx":-0.4381222909965199,"posy":1.422632867642082,"posz":-0.5388377365474271,"roty":211.5689021801498,"rotx":76.76469490763199}}}