# This file was generated by Animated Java via MC-Build. It is not recommended to edit this file directly.
$data merge entity $(bone_eyes) {transformation: [-1f,0f,0f,-0.0156f,0f,0.999f,0.0453f,1.6995f,0f,0.0453f,-0.999f,0.4214f,0f,0f,0f,1f],start_interpolation: 0,interpolation_duration: 1}
$data merge entity $(bone_head) {transformation: [-1f,0f,0f,0f,0f,0.999f,0.0453f,1.3675f,0f,0.0453f,-0.999f,0.1548f,0f,0f,0f,1f],start_interpolation: 0,interpolation_duration: 1}
$data merge entity $(bone_fabric_overray) {transformation: [-1f,0f,0f,0f,0f,0.267f,0.9637f,1.3675f,0f,0.9637f,-0.267f,0.1548f,0f,0f,0f,1f],start_interpolation: 0,interpolation_duration: 1}
$data merge entity $(bone_fabric) {transformation: [-1f,0f,0f,0f,0f,0.267f,0.9637f,1.3675f,0f,0.9637f,-0.267f,0.1548f,0f,0f,0f,1f],start_interpolation: 0,interpolation_duration: 1}
$data merge entity $(bone_bone_overray) {transformation: [-1f,0f,0f,0f,0f,0.2614f,0.9652f,1.3675f,0f,0.9652f,-0.2614f,0.1548f,0f,0f,0f,1f],start_interpolation: 0,interpolation_duration: 1}
$data merge entity $(bone_bone) {transformation: [-1f,0f,0f,0f,0f,0.2614f,0.9652f,1.3675f,0f,0.9652f,-0.2614f,0.1548f,0f,0f,0f,1f],start_interpolation: 0,interpolation_duration: 1}
$data merge entity $(bone_left_arm1) {transformation: [-0.9745f,-0.2234f,-0.0215f,0.25f,0.0415f,-0.2737f,0.9609f,1.3124f,-0.2206f,0.9355f,0.276f,0.1253f,0f,0f,0f,1f],start_interpolation: 0,interpolation_duration: 1}
$data merge entity $(bone_right_arm1) {transformation: [-0.9745f,0.1937f,-0.1133f,-0.25f,-0.1605f,-0.2483f,0.9553f,1.3124f,0.1569f,0.9491f,0.273f,0.1253f,0f,0f,0f,1f],start_interpolation: 0,interpolation_duration: 1}
data modify entity @s data merge value {"cameras":{},"locators":{"mouse":{"posx":-5.006502353512385e-17,"posy":1.4498598076243532,"posz":0.40881194128773346,"roty":0,"rotx":2.594444444444449},"left_arm":{"posx":0.4644905776923167,"posy":1.4980164816474195,"posz":-0.5040333251607844,"roty":184.46246967449673,"rotx":73.9265833533766},"right_arm":{"posx":-0.4440816182939031,"posy":1.4730800569308502,"posz":-0.5173761142964133,"roty":202.54434496401737,"rotx":72.80515037312364}}}