# This file was generated by Animated Java via MC-Build. It is not recommended to edit this file directly.
$data merge entity $(bone_eyes) {transformation: [-1f,0f,0f,-0.0156f,0f,0.9989f,0.0465f,1.6958f,0f,0.0465f,-0.9989f,0.4325f,0f,0f,0f,1f],start_interpolation: 0,interpolation_duration: 1}
$data merge entity $(bone_head) {transformation: [-1f,0f,0f,0f,0f,0.9989f,0.0465f,1.3641f,0f,0.0465f,-0.9989f,0.1655f,0f,0f,0f,1f],start_interpolation: 0,interpolation_duration: 1}
$data merge entity $(bone_fabric_overray) {transformation: [-1f,0f,0f,0f,0f,0.1708f,0.9853f,1.3641f,0f,0.9853f,-0.1708f,0.1655f,0f,0f,0f,1f],start_interpolation: 0,interpolation_duration: 1}
$data merge entity $(bone_fabric) {transformation: [-1f,0f,0f,0f,0f,0.1708f,0.9853f,1.3641f,0f,0.9853f,-0.1708f,0.1655f,0f,0f,0f,1f],start_interpolation: 0,interpolation_duration: 1}
$data merge entity $(bone_bone_overray) {transformation: [-1f,0f,0f,0f,0f,0.1708f,0.9853f,1.3641f,0f,0.9853f,-0.1708f,0.1655f,0f,0f,0f,1f],start_interpolation: 0,interpolation_duration: 1}
$data merge entity $(bone_bone) {transformation: [-1f,0f,0f,0f,0f,0.1708f,0.9853f,1.3641f,0f,0.9853f,-0.1708f,0.1655f,0f,0f,0f,1f],start_interpolation: 0,interpolation_duration: 1}
$data merge entity $(bone_left_arm1) {transformation: [-0.9735f,-0.2263f,-0.0315f,0.25f,0.0502f,-0.346f,0.9369f,1.31f,-0.2229f,0.9105f,0.3482f,0.1341f,0f,0f,0f,1f],start_interpolation: 0,interpolation_duration: 1}
$data merge entity $(bone_right_arm1) {transformation: [-0.9735f,0.2019f,-0.1071f,-0.25f,-0.1689f,-0.3199f,0.9323f,1.31f,0.1539f,0.9257f,0.3455f,0.1341f,0f,0f,0f,1f],start_interpolation: 0,interpolation_duration: 1}
data modify entity @s data merge value {"cameras":{},"locators":{"mouse":{"posx":-5.138521793884078e-17,"posy":1.446101748070885,"posz":0.4195921466876586,"roty":0,"rotx":2.6666666666666825},"left_arm":{"posx":0.46645792687655563,"posy":1.5447833570854048,"posz":-0.477958736061058,"roty":185.16383122348532,"rotx":69.53661960053536},"right_arm":{"posx":-0.44962862936643605,"posy":1.5194094884661458,"posz":-0.49270692456327336,"roty":197.22357972557836,"rotx":68.79353378991544}}}