# This file was generated by Animated Java via MC-Build. It is not recommended to edit this file directly.
$data merge entity $(bone_eyes) {transformation: [-1f,0f,0f,-0.0156f,0f,0.9965f,0.0837f,1.6818f,0f,0.0837f,-0.9965f,0.4552f,0f,0f,0f,1f],start_interpolation: 0,interpolation_duration: 1}
$data merge entity $(bone_head) {transformation: [-1f,0f,0f,0f,0f,0.9965f,0.0837f,1.3603f,0f,0.0837f,-0.9965f,0.1761f,0f,0f,0f,1f],start_interpolation: 0,interpolation_duration: 1}
$data merge entity $(bone_fabric_overray) {transformation: [-1f,0f,0f,0f,0f,0.0843f,0.9964f,1.3603f,0f,0.9964f,-0.0843f,0.1761f,0f,0f,0f,1f],start_interpolation: 0,interpolation_duration: 1}
$data merge entity $(bone_fabric) {transformation: [-1f,0f,0f,0f,0f,0.0843f,0.9964f,1.3603f,0f,0.9964f,-0.0843f,0.1761f,0f,0f,0f,1f],start_interpolation: 0,interpolation_duration: 1}
$data merge entity $(bone_bone_overray) {transformation: [-1f,0f,0f,0f,0f,0.1224f,0.9925f,1.3603f,0f,0.9925f,-0.1224f,0.1761f,0f,0f,0f,1f],start_interpolation: 0,interpolation_duration: 1}
$data merge entity $(bone_bone) {transformation: [-1f,0f,0f,0f,0f,0.1224f,0.9925f,1.3603f,0f,0.9925f,-0.1224f,0.1761f,0f,0f,0f,1f],start_interpolation: 0,interpolation_duration: 1}
$data merge entity $(bone_left_arm1) {transformation: [-0.9726f,-0.229f,-0.0408f,0.25f,0.059f,-0.4126f,0.909f,1.3074f,-0.225f,0.8817f,0.4148f,0.1428f,0f,0f,0f,1f],start_interpolation: 0,interpolation_duration: 1}
$data merge entity $(bone_right_arm1) {transformation: [-0.9726f,0.2095f,-0.1012f,-0.25f,-0.1773f,-0.3859f,0.9053f,1.3074f,0.1506f,0.8984f,0.4125f,0.1428f,0f,0f,0f,1f],start_interpolation: 0,interpolation_duration: 1}
data modify entity @s data merge value {"cameras":{},"locators":{"mouse":{"posx":-5.3029799560249305e-17,"posy":1.4327642409019885,"posz":0.433021174735203,"roty":0,"rotx":4.802380952380949},"left_arm":{"posx":0.46825501420867854,"posy":1.587337512570648,"posz":-0.44931104636582286,"roty":185.61719265272365,"rotx":65.36817768235129},"right_arm":{"posx":-0.4547997208371945,"posy":1.561605442200382,"posz":-0.4655049443085333,"roty":193.78869265942834,"rotx":64.86764394488485}}}