# This file was generated by Animated Java via MC-Build. It is not recommended to edit this file directly.
$data merge entity $(bone_eyes) {transformation: [-1f,0f,0f,-0.0156f,0f,0.9927f,0.1208f,1.667f,0f,0.1208f,-0.9927f,0.4774f,0f,0f,0f,1f],start_interpolation: 0,interpolation_duration: 1}
$data merge entity $(bone_head) {transformation: [-1f,0f,0f,0f,0f,0.9927f,0.1208f,1.3561f,0f,0.1208f,-0.9927f,0.1865f,0f,0f,0f,1f],start_interpolation: 0,interpolation_duration: 1}
$data merge entity $(bone_fabric_overray) {transformation: [-1f,0f,0f,0f,0f,0.0317f,0.9995f,1.3561f,0f,0.9995f,-0.0317f,0.1865f,0f,0f,0f,1f],start_interpolation: 0,interpolation_duration: 1}
$data merge entity $(bone_fabric) {transformation: [-1f,0f,0f,0f,0f,0.0317f,0.9995f,1.3561f,0f,0.9995f,-0.0317f,0.1865f,0f,0f,0f,1f],start_interpolation: 0,interpolation_duration: 1}
$data merge entity $(bone_bone_overray) {transformation: [-1f,0f,0f,0f,0f,0.0759f,0.9971f,1.3561f,0f,0.9971f,-0.0759f,0.1865f,0f,0f,0f,1f],start_interpolation: 0,interpolation_duration: 1}
$data merge entity $(bone_bone) {transformation: [-1f,0f,0f,0f,0f,0.0759f,0.9971f,1.3561f,0f,0.9971f,-0.0759f,0.1865f,0f,0f,0f,1f],start_interpolation: 0,interpolation_duration: 1}
$data merge entity $(bone_left_arm1) {transformation: [-0.9716f,-0.2316f,-0.0495f,0.25f,0.0681f,-0.4736f,0.8781f,1.3044f,-0.2268f,0.8498f,0.4759f,0.1513f,0f,0f,0f,1f],start_interpolation: 0,interpolation_duration: 1}
$data merge entity $(bone_right_arm1) {transformation: [-0.9716f,0.2166f,-0.0957f,-0.25f,-0.1858f,-0.4465f,0.8753f,1.3044f,0.1468f,0.8682f,0.474f,0.1513f,0f,0f,0f,1f],start_interpolation: 0,interpolation_duration: 1}
data modify entity @s data merge value {"cameras":{},"locators":{"mouse":{"posx":-5.461343492399458e-17,"posy":1.4189571612952645,"posz":0.44595253882195734,"roty":0,"rotx":6.938095238095244},"left_arm":{"posx":0.4699312152941625,"posy":1.6257360967286183,"posz":-0.41870335846537504,"roty":185.93999963163802,"rotx":61.414686633471646},"right_arm":{"posx":-0.459628882685362,"posy":1.5997251756788837,"posz":-0.43638036215694787,"roty":191.42015906535823,"rotx":61.08122854089184}}}