# This file was generated by Animated Java via MC-Build. It is not recommended to edit this file directly.
$data merge entity $(bone_eyes) {transformation: [-1f,0f,0f,-0.0156f,0f,0.9932f,0.1168f,1.6689f,0f,0.1168f,-0.9932f,0.4743f,0f,0f,0f,1f],start_interpolation: 0,interpolation_duration: 1}
$data merge entity $(bone_head) {transformation: [-1f,0f,0f,0f,0f,0.9932f,0.1168f,1.3568f,0f,0.1168f,-0.9932f,0.1847f,0f,0f,0f,1f],start_interpolation: 0,interpolation_duration: 1}
$data merge entity $(bone_fabric_overray) {transformation: [-1f,0f,0f,0f,0f,0.0446f,0.999f,1.3568f,0f,0.999f,-0.0446f,0.1847f,0f,0f,0f,1f],start_interpolation: 0,interpolation_duration: 1}
$data merge entity $(bone_fabric) {transformation: [-1f,0f,0f,0f,0f,0.0446f,0.999f,1.3568f,0f,0.999f,-0.0446f,0.1847f,0f,0f,0f,1f],start_interpolation: 0,interpolation_duration: 1}
$data merge entity $(bone_bone_overray) {transformation: [-1f,0f,0f,0f,0f,0.0725f,0.9974f,1.3568f,0f,0.9974f,-0.0725f,0.1847f,0f,0f,0f,1f],start_interpolation: 0,interpolation_duration: 1}
$data merge entity $(bone_bone) {transformation: [-1f,0f,0f,0f,0f,0.0725f,0.9974f,1.3568f,0f,0.9974f,-0.0725f,0.1847f,0f,0f,0f,1f],start_interpolation: 0,interpolation_duration: 1}
$data merge entity $(bone_left_arm1) {transformation: [-0.9705f,-0.234f,-0.0576f,0.25f,0.0679f,-0.495f,0.8662f,1.3049f,-0.2312f,0.8368f,0.4963f,0.1498f,0f,0f,0f,1f],start_interpolation: 0,interpolation_duration: 1}
$data merge entity $(bone_right_arm1) {transformation: [-0.9705f,0.2233f,-0.0907f,-0.25f,-0.1881f,-0.4667f,0.8642f,1.3049f,0.1506f,0.8558f,0.495f,0.1498f,0f,0f,0f,1f],start_interpolation: 0,interpolation_duration: 1}
data modify entity @s data merge value {"cameras":{},"locators":{"mouse":{"posx":-5.4361672614631275e-17,"posy":1.4207591975515435,"posz":0.44389674355479464,"roty":0,"rotx":6.706418219461702},"left_arm":{"posx":0.4715304407023526,"posy":1.6410287493057476,"posz":-0.41098456742491124,"roty":186.62104906753103,"rotx":60.021695236302776},"right_arm":{"posx":-0.4641472238498863,"posy":1.614048187320676,"posz":-0.4290801013251426,"roty":190.38604845286847,"rotx":59.78744285679076}}}