# This file was generated by Animated Java via MC-Build. It is not recommended to edit this file directly.
$data merge entity $(bone_eyes) {transformation: [-1f,0f,0f,-0.0156f,0f,0.9936f,0.1128f,1.6708f,0f,0.1128f,-0.9936f,0.4713f,0f,0f,0f,1f],start_interpolation: 0,interpolation_duration: 1}
$data merge entity $(bone_head) {transformation: [-1f,0f,0f,0f,0f,0.9936f,0.1128f,1.3576f,0f,0.1128f,-0.9936f,0.1829f,0f,0f,0f,1f],start_interpolation: 0,interpolation_duration: 1}
$data merge entity $(bone_fabric_overray) {transformation: [-1f,0f,0f,0f,0f,0.0714f,0.9974f,1.3576f,0f,0.9974f,-0.0714f,0.1829f,0f,0f,0f,1f],start_interpolation: 0,interpolation_duration: 1}
$data merge entity $(bone_fabric) {transformation: [-1f,0f,0f,0f,0f,0.0714f,0.9974f,1.3576f,0f,0.9974f,-0.0714f,0.1829f,0f,0f,0f,1f],start_interpolation: 0,interpolation_duration: 1}
$data merge entity $(bone_bone_overray) {transformation: [-1f,0f,0f,0f,0f,0.0711f,0.9975f,1.3576f,0f,0.9975f,-0.0711f,0.1829f,0f,0f,0f,1f],start_interpolation: 0,interpolation_duration: 1}
$data merge entity $(bone_bone) {transformation: [-1f,0f,0f,0f,0f,0.0711f,0.9975f,1.3576f,0f,0.9975f,-0.0711f,0.1829f,0f,0f,0f,1f],start_interpolation: 0,interpolation_duration: 1}
$data merge entity $(bone_left_arm1) {transformation: [-0.9695f,-0.2364f,-0.0651f,0.25f,0.0677f,-0.5132f,0.8556f,1.3055f,-0.2356f,0.8251f,0.5135f,0.1484f,0f,0f,0f,1f],start_interpolation: 0,interpolation_duration: 1}
$data merge entity $(bone_right_arm1) {transformation: [-0.9695f,0.2295f,-0.0862f,-0.25f,-0.1904f,-0.4837f,0.8543f,1.3055f,0.1544f,0.8446f,0.5127f,0.1484f,0f,0f,0f,1f],start_interpolation: 0,interpolation_duration: 1}
data modify entity @s data merge value {"cameras":{},"locators":{"mouse":{"posx":-5.4108830671143673e-17,"posy":1.4225491596164512,"posz":0.44183213240598307,"roty":0,"rotx":6.474741200828157},"left_arm":{"posx":0.4730911313716992,"posy":1.6540654028688555,"posz":-0.40415571367406744,"roty":187.22276891821087,"rotx":58.825579928214026},"right_arm":{"posx":-0.4683826204987154,"posy":1.6261141479171526,"posz":-0.42265522900570673,"roty":189.5421195120152,"rotx":58.67806905402772}}}