# This file was generated by Animated Java via MC-Build. It is not recommended to edit this file directly.
$data merge entity $(bone_eyes) {transformation: [-1f,0f,0f,-0.0156f,0f,0.9941f,0.1087f,1.6727f,0f,0.1087f,-0.9941f,0.4682f,0f,0f,0f,1f],start_interpolation: 0,interpolation_duration: 1}
$data merge entity $(bone_head) {transformation: [-1f,0f,0f,0f,0f,0.9941f,0.1087f,1.3583f,0f,0.1087f,-0.9941f,0.181f,0f,0f,0f,1f],start_interpolation: 0,interpolation_duration: 1}
$data merge entity $(bone_fabric_overray) {transformation: [-1f,0f,0f,0f,0f,0.1017f,0.9948f,1.3583f,0f,0.9948f,-0.1017f,0.181f,0f,0f,0f,1f],start_interpolation: 0,interpolation_duration: 1}
$data merge entity $(bone_fabric) {transformation: [-1f,0f,0f,0f,0f,0.1017f,0.9948f,1.3583f,0f,0.9948f,-0.1017f,0.181f,0f,0f,0f,1f],start_interpolation: 0,interpolation_duration: 1}
$data merge entity $(bone_bone_overray) {transformation: [-1f,0f,0f,0f,0f,0.0717f,0.9974f,1.3583f,0f,0.9974f,-0.0717f,0.181f,0f,0f,0f,1f],start_interpolation: 0,interpolation_duration: 1}
$data merge entity $(bone_bone) {transformation: [-1f,0f,0f,0f,0f,0.0717f,0.9974f,1.3583f,0f,0.9974f,-0.0717f,0.181f,0f,0f,0f,1f],start_interpolation: 0,interpolation_duration: 1}
$data merge entity $(bone_left_arm1) {transformation: [-0.9684f,-0.2387f,-0.0719f,0.25f,0.0674f,-0.5283f,0.8464f,1.306f,-0.24f,0.8148f,0.5277f,0.1469f,0f,0f,0f,1f],start_interpolation: 0,interpolation_duration: 1}
$data merge entity $(bone_right_arm1) {transformation: [-0.9684f,0.2354f,-0.0822f,-0.25f,-0.1927f,-0.4976f,0.8457f,1.306f,0.1582f,0.8348f,0.5273f,0.1469f,0f,0f,0f,1f],start_interpolation: 0,interpolation_duration: 1}
data modify entity @s data merge value {"cameras":{},"locators":{"mouse":{"posx":-5.3854917893657454e-17,"posy":1.4243270025474943,"posz":0.43975877723400203,"roty":0,"rotx":6.2430641821946145},"left_arm":{"posx":0.47464630219961657,"posy":1.6649927215676699,"posz":-0.3983021065459175,"roty":187.76048398983136,"rotx":57.81944464623869},"right_arm":{"posx":-0.4723594721670527,"posy":1.636068928851219,"posz":-0.4171917119175861,"roty":188.8557658822051,"rotx":57.748262437110725}}}