# This file was generated by Animated Java via MC-Build. It is not recommended to edit this file directly.
$data merge entity $(bone_eyes) {transformation: [-1f,0f,0f,-0.0156f,0f,0.9945f,0.1047f,1.6746f,0f,0.1047f,-0.9945f,0.4651f,0f,0f,0f,1f],start_interpolation: 0,interpolation_duration: 1}
$data merge entity $(bone_head) {transformation: [-1f,0f,0f,0f,0f,0.9945f,0.1047f,1.359f,0f,0.1047f,-0.9945f,0.1792f,0f,0f,0f,1f],start_interpolation: 0,interpolation_duration: 1}
$data merge entity $(bone_fabric_overray) {transformation: [-1f,0f,0f,0f,0f,0.1254f,0.9921f,1.359f,0f,0.9921f,-0.1254f,0.1792f,0f,0f,0f,1f],start_interpolation: 0,interpolation_duration: 1}
$data merge entity $(bone_fabric) {transformation: [-1f,0f,0f,0f,0f,0.1254f,0.9921f,1.359f,0f,0.9921f,-0.1254f,0.1792f,0f,0f,0f,1f],start_interpolation: 0,interpolation_duration: 1}
$data merge entity $(bone_bone_overray) {transformation: [-1f,0f,0f,0f,0f,0.0741f,0.9972f,1.359f,0f,0.9972f,-0.0741f,0.1792f,0f,0f,0f,1f],start_interpolation: 0,interpolation_duration: 1}
$data merge entity $(bone_bone) {transformation: [-1f,0f,0f,0f,0f,0.0741f,0.9972f,1.359f,0f,0.9972f,-0.0741f,0.1792f,0f,0f,0f,1f],start_interpolation: 0,interpolation_duration: 1}
$data merge entity $(bone_left_arm1) {transformation: [-0.9673f,-0.2411f,-0.0781f,0.25f,0.067f,-0.5406f,0.8386f,1.3065f,-0.2444f,0.806f,0.5391f,0.1454f,0f,0f,0f,1f],start_interpolation: 0,interpolation_duration: 1}
$data merge entity $(bone_right_arm1) {transformation: [-0.9673f,0.2409f,-0.0787f,-0.25f,-0.1949f,-0.5087f,0.8386f,1.3065f,0.162f,0.8265f,0.539f,0.1454f,0f,0f,0f,1f],start_interpolation: 0,interpolation_duration: 1}
data modify entity @s data merge value {"cameras":{},"locators":{"mouse":{"posx":-5.35999431114708e-17,"posy":1.4260926818338546,"posz":0.4376767501355425,"roty":0,"rotx":6.011387163561078},"left_arm":{"posx":0.4762236242572523,"posy":1.673946411523749,"posz":-0.3934810035106709,"roty":188.24508644083573,"rotx":56.996246223605105},"right_arm":{"posx":-0.47609855329346246,"posy":1.644047847315083,"posz":-0.41274717261913385,"roty":188.30366594457578,"rotx":56.99235746621947}}}