# This file was generated by Animated Java via MC-Build. It is not recommended to edit this file directly.
$data merge entity $(bone_eyes) {transformation: [-1f,0f,0f,-0.0156f,0f,0.9949f,0.1007f,1.6764f,0f,0.1007f,-0.9949f,0.462f,0f,0f,0f,1f],start_interpolation: 0,interpolation_duration: 1}
$data merge entity $(bone_head) {transformation: [-1f,0f,0f,0f,0f,0.9949f,0.1007f,1.3597f,0f,0.1007f,-0.9949f,0.1774f,0f,0f,0f,1f],start_interpolation: 0,interpolation_duration: 1}
$data merge entity $(bone_fabric_overray) {transformation: [-1f,0f,0f,0f,0f,0.1337f,0.991f,1.3597f,0f,0.991f,-0.1337f,0.1774f,0f,0f,0f,1f],start_interpolation: 0,interpolation_duration: 1}
$data merge entity $(bone_fabric) {transformation: [-1f,0f,0f,0f,0f,0.1337f,0.991f,1.3597f,0f,0.991f,-0.1337f,0.1774f,0f,0f,0f,1f],start_interpolation: 0,interpolation_duration: 1}
$data merge entity $(bone_bone_overray) {transformation: [-1f,0f,0f,0f,0f,0.0783f,0.9969f,1.3597f,0f,0.9969f,-0.0783f,0.1774f,0f,0f,0f,1f],start_interpolation: 0,interpolation_duration: 1}
$data merge entity $(bone_bone) {transformation: [-1f,0f,0f,0f,0f,0.0783f,0.9969f,1.3597f,0f,0.9969f,-0.0783f,0.1774f,0f,0f,0f,1f],start_interpolation: 0,interpolation_duration: 1}
$data merge entity $(bone_left_arm1) {transformation: [-0.9663f,-0.2436f,-0.0837f,0.25f,0.0666f,-0.5501f,0.8324f,1.307f,-0.2488f,0.7988f,0.5478f,0.1439f,0f,0f,0f,1f],start_interpolation: 0,interpolation_duration: 1}
$data merge entity $(bone_right_arm1) {transformation: [-0.9663f,0.2461f,-0.0758f,-0.25f,-0.197f,-0.5171f,0.833f,1.307f,0.1659f,0.8198f,0.5481f,0.1439f,0f,0f,0f,1f],start_interpolation: 0,interpolation_duration: 1}
data modify entity @s data merge value {"cameras":{},"locators":{"mouse":{"posx":-5.3343915182734703e-17,"posy":1.4278461533976943,"posz":0.4355861234428965,"roty":0,"rotx":5.779710144927541},"left_arm":{"posx":0.47784553862033063,"posy":1.6810507374108203,"posz":-0.3897252375658195,"roty":188.68446281563178,"rotx":56.348844402940124},"right_arm":{"posx":-0.4796169496441215,"posy":1.650175231240174,"posz":-0.40935450424736897,"roty":187.8689864209323,"rotx":56.40411715090727}}}