# This file was generated by Animated Java via MC-Build. It is not recommended to edit this file directly.
$data merge entity $(bone_eyes) {transformation: [-1f,0f,0f,-0.0156f,0f,0.9953f,0.0967f,1.6783f,0f,0.0967f,-0.9953f,0.4589f,0f,0f,0f,1f],start_interpolation: 0,interpolation_duration: 1}
$data merge entity $(bone_head) {transformation: [-1f,0f,0f,0f,0f,0.9953f,0.0967f,1.3604f,0f,0.0967f,-0.9953f,0.1756f,0f,0f,0f,1f],start_interpolation: 0,interpolation_duration: 1}
$data merge entity $(bone_fabric_overray) {transformation: [-1f,0f,0f,0f,0f,0.1416f,0.9899f,1.3604f,0f,0.9899f,-0.1416f,0.1756f,0f,0f,0f,1f],start_interpolation: 0,interpolation_duration: 1}
$data merge entity $(bone_fabric) {transformation: [-1f,0f,0f,0f,0f,0.1416f,0.9899f,1.3604f,0f,0.9899f,-0.1416f,0.1756f,0f,0f,0f,1f],start_interpolation: 0,interpolation_duration: 1}
$data merge entity $(bone_bone_overray) {transformation: [-1f,0f,0f,0f,0f,0.0842f,0.9964f,1.3604f,0f,0.9964f,-0.0842f,0.1756f,0f,0f,0f,1f],start_interpolation: 0,interpolation_duration: 1}
$data merge entity $(bone_bone) {transformation: [-1f,0f,0f,0f,0f,0.0842f,0.9964f,1.3604f,0f,0.9964f,-0.0842f,0.1756f,0f,0f,0f,1f],start_interpolation: 0,interpolation_duration: 1}
$data merge entity $(bone_left_arm1) {transformation: [-0.9652f,-0.2461f,-0.0886f,0.25f,0.0661f,-0.5572f,0.8278f,1.3075f,-0.2531f,0.7931f,0.554f,0.1424f,0f,0f,0f,1f],start_interpolation: 0,interpolation_duration: 1}
$data merge entity $(bone_right_arm1) {transformation: [-0.9652f,0.2511f,-0.0734f,-0.25f,-0.1991f,-0.5229f,0.8288f,1.3075f,0.1697f,0.8146f,0.5547f,0.1424f,0f,0f,0f,1f],start_interpolation: 0,interpolation_duration: 1}
data modify entity @s data merge value {"cameras":{},"locators":{"mouse":{"posx":-5.3086842994132486e-17,"posy":1.429587373595446,"posz":0.43348696972134015,"roty":0,"rotx":5.548033126293998},"left_arm":{"posx":0.4795293969508623,"posy":1.6864185553718178,"posz":-0.3870464907274904,"roty":189.08440482819432,"rotx":55.870033850545894},"right_arm":{"posx":-0.4829280707300636,"posy":1.654564496672592,"posz":-0.40702513585003486,"roty":187.53955379116687,"rotx":55.97689503343616}}}