# This file was generated by Animated Java via MC-Build. It is not recommended to edit this file directly.
$data merge entity $(bone_eyes) {transformation: [-1f,0f,0f,-0.0156f,0f,0.9957f,0.0927f,1.6801f,0f,0.0927f,-0.9957f,0.4558f,0f,0f,0f,1f],start_interpolation: 0,interpolation_duration: 1}
$data merge entity $(bone_head) {transformation: [-1f,0f,0f,0f,0f,0.9957f,0.0927f,1.3611f,0f,0.0927f,-0.9957f,0.1738f,0f,0f,0f,1f],start_interpolation: 0,interpolation_duration: 1}
$data merge entity $(bone_fabric_overray) {transformation: [-1f,0f,0f,0f,0f,0.1491f,0.9888f,1.3611f,0f,0.9888f,-0.1491f,0.1738f,0f,0f,0f,1f],start_interpolation: 0,interpolation_duration: 1}
$data merge entity $(bone_fabric) {transformation: [-1f,0f,0f,0f,0f,0.1491f,0.9888f,1.3611f,0f,0.9888f,-0.1491f,0.1738f,0f,0f,0f,1f],start_interpolation: 0,interpolation_duration: 1}
$data merge entity $(bone_bone_overray) {transformation: [-1f,0f,0f,0f,0f,0.0917f,0.9958f,1.3611f,0f,0.9958f,-0.0917f,0.1738f,0f,0f,0f,1f],start_interpolation: 0,interpolation_duration: 1}
$data merge entity $(bone_bone) {transformation: [-1f,0f,0f,0f,0f,0.0917f,0.9958f,1.3611f,0f,0.9958f,-0.0917f,0.1738f,0f,0f,0f,1f],start_interpolation: 0,interpolation_duration: 1}
$data merge entity $(bone_left_arm1) {transformation: [-0.9641f,-0.2488f,-0.0929f,0.25f,0.0655f,-0.5618f,0.8246f,1.308f,-0.2573f,0.789f,0.558f,0.1409f,0f,0f,0f,1f],start_interpolation: 0,interpolation_duration: 1}
$data merge entity $(bone_right_arm1) {transformation: [-0.9641f,0.2557f,-0.0717f,-0.25f,-0.201f,-0.5264f,0.8261f,1.308f,0.1735f,0.8109f,0.5589f,0.1409f,0f,0f,0f,1f],start_interpolation: 0,interpolation_duration: 1}
data modify entity @s data merge value {"cameras":{},"locators":{"mouse":{"posx":-5.28287354605583e-17,"posy":1.4313162992190898,"posz":0.4313793617665088,"roty":0,"rotx":5.316356107660453},"left_arm":{"posx":0.4812876257309234,"posy":1.6901517504638826,"posz":-0.3854382282382471,"roty":189.44920847268486,"rotx":55.55256531031001},"right_arm":{"posx":-0.4860417306073436,"posy":1.6573186243672933,"posz":-0.40575196352611154,"roty":187.30663177563324,"rotx":55.703743142285134}}}