# This file was generated by Animated Java via MC-Build. It is not recommended to edit this file directly.
$data merge entity $(bone_eyes) {transformation: [-1f,0f,0f,-0.0156f,0f,0.9961f,0.0886f,1.6819f,0f,0.0886f,-0.9961f,0.4527f,0f,0f,0f,1f],start_interpolation: 0,interpolation_duration: 1}
$data merge entity $(bone_head) {transformation: [-1f,0f,0f,0f,0f,0.9961f,0.0886f,1.3618f,0f,0.0886f,-0.9961f,0.1719f,0f,0f,0f,1f],start_interpolation: 0,interpolation_duration: 1}
$data merge entity $(bone_fabric_overray) {transformation: [-1f,0f,0f,0f,0f,0.1564f,0.9877f,1.3618f,0f,0.9877f,-0.1564f,0.1719f,0f,0f,0f,1f],start_interpolation: 0,interpolation_duration: 1}
$data merge entity $(bone_fabric) {transformation: [-1f,0f,0f,0f,0f,0.1564f,0.9877f,1.3618f,0f,0.9877f,-0.1564f,0.1719f,0f,0f,0f,1f],start_interpolation: 0,interpolation_duration: 1}
$data merge entity $(bone_bone_overray) {transformation: [-1f,0f,0f,0f,0f,0.1008f,0.9949f,1.3618f,0f,0.9949f,-0.1008f,0.1719f,0f,0f,0f,1f],start_interpolation: 0,interpolation_duration: 1}
$data merge entity $(bone_bone) {transformation: [-1f,0f,0f,0f,0f,0.1008f,0.9949f,1.3618f,0f,0.9949f,-0.1008f,0.1719f,0f,0f,0f,1f],start_interpolation: 0,interpolation_duration: 1}
$data merge entity $(bone_left_arm1) {transformation: [-0.963f,-0.2515f,-0.0965f,0.25f,0.0649f,-0.5643f,0.823f,1.3085f,-0.2615f,0.7863f,0.5597f,0.1394f,0f,0f,0f,1f],start_interpolation: 0,interpolation_duration: 1}
$data merge entity $(bone_right_arm1) {transformation: [-0.963f,0.26f,-0.0705f,-0.25f,-0.2029f,-0.5276f,0.8249f,1.3085f,0.1773f,0.8087f,0.5609f,0.1394f,0f,0f,0f,1f],start_interpolation: 0,interpolation_duration: 1}
data modify entity @s data merge value {"cameras":{},"locators":{"mouse":{"posx":-5.256960152479496e-17,"posy":1.4330328874974092,"posz":0.42926337260176534,"roty":0,"rotx":5.084679089026916},"left_arm":{"posx":0.483127912459996,"posy":1.6923419827487436,"posz":-0.3848783176892505,"roty":189.7820782826973,"rotx":55.38915996318411},"right_arm":{"posx":-0.48896429042370926,"posy":1.6585309382572544,"posz":-0.4055119721135463,"roty":187.1640898493216,"rotx":55.57748543701308}}}