# This file was generated by Animated Java via MC-Build. It is not recommended to edit this file directly.
$data merge entity $(bone_eyes) {transformation: [-1f,0f,0f,-0.0156f,0f,0.9964f,0.0846f,1.6837f,0f,0.0846f,-0.9964f,0.4495f,0f,0f,0f,1f],start_interpolation: 0,interpolation_duration: 1}
$data merge entity $(bone_head) {transformation: [-1f,0f,0f,0f,0f,0.9964f,0.0846f,1.3625f,0f,0.0846f,-0.9964f,0.1701f,0f,0f,0f,1f],start_interpolation: 0,interpolation_duration: 1}
$data merge entity $(bone_fabric_overray) {transformation: [-1f,0f,0f,0f,0f,0.1634f,0.9866f,1.3625f,0f,0.9866f,-0.1634f,0.1701f,0f,0f,0f,1f],start_interpolation: 0,interpolation_duration: 1}
$data merge entity $(bone_fabric) {transformation: [-1f,0f,0f,0f,0f,0.1634f,0.9866f,1.3625f,0f,0.9866f,-0.1634f,0.1701f,0f,0f,0f,1f],start_interpolation: 0,interpolation_duration: 1}
$data merge entity $(bone_bone_overray) {transformation: [-1f,0f,0f,0f,0f,0.1113f,0.9938f,1.3625f,0f,0.9938f,-0.1113f,0.1701f,0f,0f,0f,1f],start_interpolation: 0,interpolation_duration: 1}
$data merge entity $(bone_bone) {transformation: [-1f,0f,0f,0f,0f,0.1113f,0.9938f,1.3625f,0f,0.9938f,-0.1113f,0.1701f,0f,0f,0f,1f],start_interpolation: 0,interpolation_duration: 1}
$data merge entity $(bone_left_arm1) {transformation: [-0.962f,-0.2544f,-0.0995f,0.25f,0.0642f,-0.5646f,0.8229f,1.3089f,-0.2656f,0.7852f,0.5595f,0.1379f,0f,0f,0f,1f],start_interpolation: 0,interpolation_duration: 1}
$data merge entity $(bone_right_arm1) {transformation: [-0.962f,0.2641f,-0.0699f,-0.25f,-0.2046f,-0.5268f,0.825f,1.3089f,0.1811f,0.8079f,0.5608f,0.1379f,0f,0f,0f,1f],start_interpolation: 0,interpolation_duration: 1}
data modify entity @s data merge value {"cameras":{},"locators":{"mouse":{"posx":-5.2309450157190526e-17,"posy":1.4347370960972359,"posz":0.42713907547556085,"roty":0,"rotx":4.853002070393375},"left_arm":{"posx":0.4850534131975248,"posy":1.693071660395516,"posz":-0.3853313630555083,"roty":190.08540597306322,"rotx":55.37251939720555},"right_arm":{"posx":-0.4916988567570786,"posy":1.6582861027095888,"posz":-0.4062685778739627,"roty":187.10783131328495,"rotx":55.59076851945477}}}