# This file was generated by Animated Java via MC-Build. It is not recommended to edit this file directly.
$data merge entity $(bone_eyes) {transformation: [-1f,0f,0f,-0.0156f,0f,0.9967f,0.0806f,1.6855f,0f,0.0806f,-0.9967f,0.4464f,0f,0f,0f,1f],start_interpolation: 0,interpolation_duration: 1}
$data merge entity $(bone_head) {transformation: [-1f,0f,0f,0f,0f,0.9967f,0.0806f,1.3631f,0f,0.0806f,-0.9967f,0.1683f,0f,0f,0f,1f],start_interpolation: 0,interpolation_duration: 1}
$data merge entity $(bone_fabric_overray) {transformation: [-1f,0f,0f,0f,0f,0.1704f,0.9854f,1.3631f,0f,0.9854f,-0.1704f,0.1683f,0f,0f,0f,1f],start_interpolation: 0,interpolation_duration: 1}
$data merge entity $(bone_fabric) {transformation: [-1f,0f,0f,0f,0f,0.1704f,0.9854f,1.3631f,0f,0.9854f,-0.1704f,0.1683f,0f,0f,0f,1f],start_interpolation: 0,interpolation_duration: 1}
$data merge entity $(bone_bone_overray) {transformation: [-1f,0f,0f,0f,0f,0.1232f,0.9924f,1.3631f,0f,0.9924f,-0.1232f,0.1683f,0f,0f,0f,1f],start_interpolation: 0,interpolation_duration: 1}
$data merge entity $(bone_bone) {transformation: [-1f,0f,0f,0f,0f,0.1232f,0.9924f,1.3631f,0f,0.9924f,-0.1232f,0.1683f,0f,0f,0f,1f],start_interpolation: 0,interpolation_duration: 1}
$data merge entity $(bone_left_arm1) {transformation: [-0.9609f,-0.2575f,-0.1019f,0.25f,0.0635f,-0.5629f,0.8241f,1.3094f,-0.2695f,0.7854f,0.5572f,0.1364f,0f,0f,0f,1f],start_interpolation: 0,interpolation_duration: 1}
$data merge entity $(bone_right_arm1) {transformation: [-0.9609f,0.2679f,-0.0699f,-0.25f,-0.2062f,-0.5239f,0.8265f,1.3094f,0.1848f,0.8086f,0.5586f,0.1364f,0f,0f,0f,1f],start_interpolation: 0,interpolation_duration: 1}
data modify entity @s data merge value {"cameras":{},"locators":{"mouse":{"posx":-5.204829035533455e-17,"posy":1.436428883124675,"posz":0.4250065438587893,"roty":0,"rotx":4.621325051759839},"left_arm":{"posx":0.4870629815765308,"posy":1.6924150706707266,"posz":-0.3867507864797929,"roty":190.36096584892542,"rotx":55.49533265858909},"right_arm":{"posx":-0.49424553020298057,"posy":1.6566612680476087,"posz":-0.40797372534259213,"roty":187.13539850628277,"rotx":55.736096906812605}}}