# This file was generated by Animated Java via MC-Build. It is not recommended to edit this file directly.
$data merge entity $(bone_eyes) {transformation: [-1f,0f,0f,-0.0156f,0f,0.9971f,0.0765f,1.6873f,0f,0.0765f,-0.9971f,0.4432f,0f,0f,0f,1f],start_interpolation: 0,interpolation_duration: 1}
$data merge entity $(bone_head) {transformation: [-1f,0f,0f,0f,0f,0.9971f,0.0765f,1.3638f,0f,0.0765f,-0.9971f,0.1664f,0f,0f,0f,1f],start_interpolation: 0,interpolation_duration: 1}
$data merge entity $(bone_fabric_overray) {transformation: [-1f,0f,0f,0f,0f,0.1773f,0.9842f,1.3638f,0f,0.9842f,-0.1773f,0.1664f,0f,0f,0f,1f],start_interpolation: 0,interpolation_duration: 1}
$data merge entity $(bone_fabric) {transformation: [-1f,0f,0f,0f,0f,0.1773f,0.9842f,1.3638f,0f,0.9842f,-0.1773f,0.1664f,0f,0f,0f,1f],start_interpolation: 0,interpolation_duration: 1}
$data merge entity $(bone_bone_overray) {transformation: [-1f,0f,0f,0f,0f,0.1364f,0.9906f,1.3638f,0f,0.9906f,-0.1364f,0.1664f,0f,0f,0f,1f],start_interpolation: 0,interpolation_duration: 1}
$data merge entity $(bone_bone) {transformation: [-1f,0f,0f,0f,0f,0.1364f,0.9906f,1.3638f,0f,0.9906f,-0.1364f,0.1664f,0f,0f,0f,1f],start_interpolation: 0,interpolation_duration: 1}
$data merge entity $(bone_left_arm1) {transformation: [-0.9599f,-0.2606f,-0.1036f,0.25f,0.0626f,-0.5593f,0.8266f,1.3098f,-0.2734f,0.7869f,0.5532f,0.1349f,0f,0f,0f,1f],start_interpolation: 0,interpolation_duration: 1}
$data merge entity $(bone_right_arm1) {transformation: [-0.9599f,0.2714f,-0.0705f,-0.25f,-0.2077f,-0.5191f,0.8291f,1.3098f,0.1884f,0.8105f,0.5546f,0.1349f,0f,0f,0f,1f],start_interpolation: 0,interpolation_duration: 1}
data modify entity @s data merge value {"cameras":{},"locators":{"mouse":{"posx":-5.1786131143732985e-17,"posy":1.4381082071263172,"posz":0.42286585144213423,"roty":0,"rotx":4.3896480331263},"left_arm":{"posx":0.48915141984720906,"posy":1.6904396105111876,"posz":-0.38908069120326094,"roty":190.61005367801218,"rotx":55.75028130991881},"right_arm":{"posx":-0.49660169883583194,"posy":1.6537273047544163,"posz":-0.4105697719294128,"roty":187.2457023698529,"rotx":56.005857490217785}}}