# This file was generated by Animated Java via MC-Build. It is not recommended to edit this file directly.
$data merge entity $(bone_eyes) {transformation: [-1f,0f,0f,-0.0156f,0f,0.9974f,0.0725f,1.689f,0f,0.0725f,-0.9974f,0.4401f,0f,0f,0f,1f],start_interpolation: 0,interpolation_duration: 1}
$data merge entity $(bone_head) {transformation: [-1f,0f,0f,0f,0f,0.9974f,0.0725f,1.3644f,0f,0.0725f,-0.9974f,0.1646f,0f,0f,0f,1f],start_interpolation: 0,interpolation_duration: 1}
$data merge entity $(bone_fabric_overray) {transformation: [-1f,0f,0f,0f,0f,0.1842f,0.9829f,1.3644f,0f,0.9829f,-0.1842f,0.1646f,0f,0f,0f,1f],start_interpolation: 0,interpolation_duration: 1}
$data merge entity $(bone_fabric) {transformation: [-1f,0f,0f,0f,0f,0.1842f,0.9829f,1.3644f,0f,0.9829f,-0.1842f,0.1646f,0f,0f,0f,1f],start_interpolation: 0,interpolation_duration: 1}
$data merge entity $(bone_bone_overray) {transformation: [-1f,0f,0f,0f,0f,0.1509f,0.9886f,1.3644f,0f,0.9886f,-0.1509f,0.1646f,0f,0f,0f,1f],start_interpolation: 0,interpolation_duration: 1}
$data merge entity $(bone_bone) {transformation: [-1f,0f,0f,0f,0f,0.1509f,0.9886f,1.3644f,0f,0.9886f,-0.1509f,0.1646f,0f,0f,0f,1f],start_interpolation: 0,interpolation_duration: 1}
$data merge entity $(bone_left_arm1) {transformation: [-0.9589f,-0.2638f,-0.1048f,0.25f,0.0617f,-0.5539f,0.8303f,1.3103f,-0.2771f,0.7897f,0.5474f,0.1333f,0f,0f,0f,1f],start_interpolation: 0,interpolation_duration: 1}
$data merge entity $(bone_right_arm1) {transformation: [-0.9589f,0.2747f,-0.0717f,-0.25f,-0.2091f,-0.5125f,0.8328f,1.3103f,0.192f,0.8136f,0.5488f,0.1333f,0f,0f,0f,1f],start_interpolation: 0,interpolation_duration: 1}
data modify entity @s data merge value {"cameras":{},"locators":{"mouse":{"posx":-5.1522981573482586e-17,"posy":1.439775027090433,"posz":0.42071707213340936,"roty":0,"rotx":4.15797101449275},"left_arm":{"posx":0.4913097526490623,"posy":1.6872070676424467,"posz":-0.39225753790243156,"roty":190.83358626137877,"rotx":56.13004309413597},"right_arm":{"posx":-0.49876237112251753,"posy":1.6495500762154736,"posz":-0.41399119255088246,"roty":187.4388419584479,"rotx":56.39233616187155}}}