# This file was generated by Animated Java via MC-Build. It is not recommended to edit this file directly.
$data merge entity $(bone_eyes) {transformation: [-1f,0f,0f,-0.0156f,0f,0.9977f,0.0685f,1.6908f,0f,0.0685f,-0.9977f,0.4369f,0f,0f,0f,1f],start_interpolation: 0,interpolation_duration: 1}
$data merge entity $(bone_head) {transformation: [-1f,0f,0f,0f,0f,0.9977f,0.0685f,1.365f,0f,0.0685f,-0.9977f,0.1627f,0f,0f,0f,1f],start_interpolation: 0,interpolation_duration: 1}
$data merge entity $(bone_fabric_overray) {transformation: [-1f,0f,0f,0f,0f,0.1913f,0.9815f,1.365f,0f,0.9815f,-0.1913f,0.1627f,0f,0f,0f,1f],start_interpolation: 0,interpolation_duration: 1}
$data merge entity $(bone_fabric) {transformation: [-1f,0f,0f,0f,0f,0.1913f,0.9815f,1.365f,0f,0.9815f,-0.1913f,0.1627f,0f,0f,0f,1f],start_interpolation: 0,interpolation_duration: 1}
$data merge entity $(bone_bone_overray) {transformation: [-1f,0f,0f,0f,0f,0.1664f,0.9861f,1.365f,0f,0.9861f,-0.1664f,0.1627f,0f,0f,0f,1f],start_interpolation: 0,interpolation_duration: 1}
$data merge entity $(bone_bone) {transformation: [-1f,0f,0f,0f,0f,0.1664f,0.9861f,1.365f,0f,0.9861f,-0.1664f,0.1627f,0f,0f,0f,1f],start_interpolation: 0,interpolation_duration: 1}
$data merge entity $(bone_left_arm1) {transformation: [-0.9579f,-0.2671f,-0.1053f,0.25f,0.0607f,-0.5467f,0.8351f,1.3107f,-0.2806f,0.7936f,0.5399f,0.1318f,0f,0f,0f,1f],start_interpolation: 0,interpolation_duration: 1}
$data merge entity $(bone_right_arm1) {transformation: [-0.9579f,0.2776f,-0.0733f,-0.25f,-0.2103f,-0.5042f,0.8376f,1.3107f,0.1955f,0.8178f,0.5413f,0.1318f,0f,0f,0f,1f],start_interpolation: 0,interpolation_duration: 1}
data modify entity @s data merge value {"cameras":{},"locators":{"mouse":{"posx":-5.1258850721944396e-17,"posy":1.4414293024481486,"posz":0.41856028005489254,"roty":0,"rotx":3.92629399585922},"left_arm":{"posx":0.4935255240780771,"posy":1.682774911098712,"posz":-0.39621166432486765,"roty":191.03217306539278,"rotx":56.62729460059333},"right_arm":{"posx":-0.5007205426409287,"posy":1.6441917079852133,"posz":-0.41816613401662484,"roty":187.71599117467005,"rotx":56.88772855868156}}}