# This file was generated by Animated Java via MC-Build. It is not recommended to edit this file directly.
$data merge entity $(bone_eyes) {transformation: [-1f,0f,0f,-0.0156f,0f,0.9979f,0.0644f,1.6925f,0f,0.0644f,-0.9979f,0.4338f,0f,0f,0f,1f],start_interpolation: 0,interpolation_duration: 1}
$data merge entity $(bone_head) {transformation: [-1f,0f,0f,0f,0f,0.9979f,0.0644f,1.3656f,0f,0.0644f,-0.9979f,0.1609f,0f,0f,0f,1f],start_interpolation: 0,interpolation_duration: 1}
$data merge entity $(bone_fabric_overray) {transformation: [-1f,0f,0f,0f,0f,0.1986f,0.9801f,1.3656f,0f,0.9801f,-0.1986f,0.1609f,0f,0f,0f,1f],start_interpolation: 0,interpolation_duration: 1}
$data merge entity $(bone_fabric) {transformation: [-1f,0f,0f,0f,0f,0.1986f,0.9801f,1.3656f,0f,0.9801f,-0.1986f,0.1609f,0f,0f,0f,1f],start_interpolation: 0,interpolation_duration: 1}
$data merge entity $(bone_bone_overray) {transformation: [-1f,0f,0f,0f,0f,0.183f,0.9831f,1.3656f,0f,0.9831f,-0.183f,0.1609f,0f,0f,0f,1f],start_interpolation: 0,interpolation_duration: 1}
$data merge entity $(bone_bone) {transformation: [-1f,0f,0f,0f,0f,0.183f,0.9831f,1.3656f,0f,0.9831f,-0.183f,0.1609f,0f,0f,0f,1f],start_interpolation: 0,interpolation_duration: 1}
$data merge entity $(bone_left_arm1) {transformation: [-0.957f,-0.2705f,-0.1052f,0.25f,0.0596f,-0.5379f,0.8409f,1.3111f,-0.284f,0.7984f,0.5309f,0.1303f,0f,0f,0f,1f],start_interpolation: 0,interpolation_duration: 1}
$data merge entity $(bone_right_arm1) {transformation: [-0.957f,0.2802f,-0.0755f,-0.25f,-0.2113f,-0.4943f,0.8432f,1.3111f,0.199f,0.8229f,0.5322f,0.1303f,0f,0f,0f,1f],start_interpolation: 0,interpolation_duration: 1}
data modify entity @s data merge value {"cameras":{},"locators":{"mouse":{"posx":-5.0993747692416333e-17,"posy":1.4430709930746133,"posz":0.4163955495406525,"roty":0,"rotx":3.6946169772256794},"left_arm":{"posx":0.4957831182386301,"posy":1.67719755672088,"posz":-0.4008686749047654,"roty":191.20616753079486,"rotx":57.23471320098772},"right_arm":{"posx":-0.5024675905900122,"posy":1.6377118185758701,"posz":-0.4230178454822309,"roty":188.07933761839965,"rotx":57.48414619931516}}}