# This file was generated by Animated Java via MC-Build. It is not recommended to edit this file directly.
$data merge entity $(bone_eyes) {transformation: [-1f,0f,0f,-0.0156f,0f,0.9982f,0.0604f,1.6942f,0f,0.0604f,-0.9982f,0.4306f,0f,0f,0f,1f],start_interpolation: 0,interpolation_duration: 1}
$data merge entity $(bone_head) {transformation: [-1f,0f,0f,0f,0f,0.9982f,0.0604f,1.3662f,0f,0.0604f,-0.9982f,0.159f,0f,0f,0f,1f],start_interpolation: 0,interpolation_duration: 1}
$data merge entity $(bone_fabric_overray) {transformation: [-1f,0f,0f,0f,0f,0.2062f,0.9785f,1.3662f,0f,0.9785f,-0.2062f,0.159f,0f,0f,0f,1f],start_interpolation: 0,interpolation_duration: 1}
$data merge entity $(bone_fabric) {transformation: [-1f,0f,0f,0f,0f,0.2062f,0.9785f,1.3662f,0f,0.9785f,-0.2062f,0.159f,0f,0f,0f,1f],start_interpolation: 0,interpolation_duration: 1}
$data merge entity $(bone_bone_overray) {transformation: [-1f,0f,0f,0f,0f,0.2006f,0.9797f,1.3662f,0f,0.9797f,-0.2006f,0.159f,0f,0f,0f,1f],start_interpolation: 0,interpolation_duration: 1}
$data merge entity $(bone_bone) {transformation: [-1f,0f,0f,0f,0f,0.2006f,0.9797f,1.3662f,0f,0.9797f,-0.2006f,0.159f,0f,0f,0f,1f],start_interpolation: 0,interpolation_duration: 1}
$data merge entity $(bone_left_arm1) {transformation: [-0.9561f,-0.2739f,-0.1045f,0.25f,0.0585f,-0.5275f,0.8475f,1.3115f,-0.2873f,0.8042f,0.5203f,0.1288f,0f,0f,0f,1f],start_interpolation: 0,interpolation_duration: 1}
$data merge entity $(bone_right_arm1) {transformation: [-0.9561f,0.2825f,-0.0782f,-0.25f,-0.2122f,-0.4828f,0.8496f,1.3115f,0.2023f,0.8289f,0.5215f,0.1288f,0f,0f,0f,1f],start_interpolation: 0,interpolation_duration: 1}
data modify entity @s data merge value {"cameras":{},"locators":{"mouse":{"posx":-5.0727681613805133e-17,"posy":1.4447000592901398,"posz":0.41422295513386975,"roty":0,"rotx":3.4629399585921337},"left_arm":{"posx":0.4980641028805516,"posy":1.6705275789628697,"posz":-0.40615072329705254,"roty":191.35570321692896,"rotx":57.94497843945214},"right_arm":{"posx":-0.503993689614529,"posy":1.6301686828661812,"posz":-0.428466007326771,"roty":188.53206349182375,"rotx":58.173618845072006}}}