# This file was generated by Animated Java via MC-Build. It is not recommended to edit this file directly.
$data merge entity $(bone_eyes) {transformation: [-1f,0f,0f,-0.0156f,0f,0.9984f,0.0564f,1.6958f,0f,0.0564f,-0.9984f,0.4274f,0f,0f,0f,1f],start_interpolation: 0,interpolation_duration: 1}
$data merge entity $(bone_head) {transformation: [-1f,0f,0f,0f,0f,0.9984f,0.0564f,1.3668f,0f,0.0564f,-0.9984f,0.1572f,0f,0f,0f,1f],start_interpolation: 0,interpolation_duration: 1}
$data merge entity $(bone_fabric_overray) {transformation: [-1f,0f,0f,0f,0f,0.2141f,0.9768f,1.3668f,0f,0.9768f,-0.2141f,0.1572f,0f,0f,0f,1f],start_interpolation: 0,interpolation_duration: 1}
$data merge entity $(bone_fabric) {transformation: [-1f,0f,0f,0f,0f,0.2141f,0.9768f,1.3668f,0f,0.9768f,-0.2141f,0.1572f,0f,0f,0f,1f],start_interpolation: 0,interpolation_duration: 1}
$data merge entity $(bone_bone_overray) {transformation: [-1f,0f,0f,0f,0f,0.219f,0.9757f,1.3668f,0f,0.9757f,-0.219f,0.1572f,0f,0f,0f,1f],start_interpolation: 0,interpolation_duration: 1}
$data merge entity $(bone_bone) {transformation: [-1f,0f,0f,0f,0f,0.219f,0.9757f,1.3668f,0f,0.9757f,-0.219f,0.1572f,0f,0f,0f,1f],start_interpolation: 0,interpolation_duration: 1}
$data merge entity $(bone_left_arm1) {transformation: [-0.9552f,-0.2773f,-0.1033f,0.25f,0.0573f,-0.5156f,0.8549f,1.3119f,-0.2903f,0.8107f,0.5084f,0.1272f,0f,0f,0f,1f],start_interpolation: 0,interpolation_duration: 1}
$data merge entity $(bone_right_arm1) {transformation: [-0.9552f,0.2845f,-0.0814f,-0.25f,-0.2129f,-0.4698f,0.8567f,1.3119f,0.2055f,0.8357f,0.5094f,0.1272f,0f,0f,0f,1f],start_interpolation: 0,interpolation_duration: 1}
data modify entity @s data merge value {"cameras":{},"locators":{"mouse":{"posx":-5.046066164029748e-17,"posy":1.4463164618613387,"posz":0.41204257158415103,"roty":0,"rotx":3.2312629399585915},"left_arm":{"posx":0.5003475949578609,"posy":1.66281684531886,"posz":-0.41197770674672274,"roty":191.48071827793493,"rotx":58.75077300549792},"right_arm":{"posx":-0.5052882419528905,"posy":1.6216203046018989,"posz":-0.4344279765814709,"roty":189.07836189892612,"rotx":58.94809361059049}}}