# This file was generated by Animated Java via MC-Build. It is not recommended to edit this file directly.
$data merge entity $(bone_eyes) {transformation: [-1f,0f,0f,-0.0156f,0f,0.9986f,0.0523f,1.6975f,0f,0.0523f,-0.9986f,0.4242f,0f,0f,0f,1f],start_interpolation: 0,interpolation_duration: 1}
$data merge entity $(bone_head) {transformation: [-1f,0f,0f,0f,0f,0.9986f,0.0523f,1.3674f,0f,0.0523f,-0.9986f,0.1553f,0f,0f,0f,1f],start_interpolation: 0,interpolation_duration: 1}
$data merge entity $(bone_fabric_overray) {transformation: [-1f,0f,0f,0f,0f,0.2225f,0.9749f,1.3674f,0f,0.9749f,-0.2225f,0.1553f,0f,0f,0f,1f],start_interpolation: 0,interpolation_duration: 1}
$data merge entity $(bone_fabric) {transformation: [-1f,0f,0f,0f,0f,0.2225f,0.9749f,1.3674f,0f,0.9749f,-0.2225f,0.1553f,0f,0f,0f,1f],start_interpolation: 0,interpolation_duration: 1}
$data merge entity $(bone_bone_overray) {transformation: [-1f,0f,0f,0f,0f,0.2382f,0.9712f,1.3674f,0f,0.9712f,-0.2382f,0.1553f,0f,0f,0f,1f],start_interpolation: 0,interpolation_duration: 1}
$data merge entity $(bone_bone) {transformation: [-1f,0f,0f,0f,0f,0.2382f,0.9712f,1.3674f,0f,0.9712f,-0.2382f,0.1553f,0f,0f,0f,1f],start_interpolation: 0,interpolation_duration: 1}
$data merge entity $(bone_left_arm1) {transformation: [-0.9544f,-0.2807f,-0.1015f,0.25f,0.056f,-0.5023f,0.8629f,1.3123f,-0.2931f,0.8179f,0.4951f,0.1257f,0f,0f,0f,1f],start_interpolation: 0,interpolation_duration: 1}
$data merge entity $(bone_right_arm1) {transformation: [-0.9544f,0.2861f,-0.085f,-0.25f,-0.2135f,-0.4555f,0.8643f,1.3123f,0.2086f,0.843f,0.4958f,0.1257f,0f,0f,0f,1f],start_interpolation: 0,interpolation_duration: 1}
data modify entity @s data merge value {"cameras":{},"locators":{"mouse":{"posx":-5.0192696951030195e-17,"posy":1.447920162002229,"posz":0.40985447384483675,"roty":0,"rotx":2.9995859213250613},"left_arm":{"posx":0.5026106460498361,"posy":1.6541175540726312,"posz":-0.4182683871117697,"roty":191.58097060339367,"rotx":59.644783380642615},"right_arm":{"posx":-0.5063403143973784,"posy":1.6121253792758623,"posz":-0.4408199627355889,"roty":189.72348414105136,"rotx":59.799431139639395}}}