# This file was generated by Animated Java via MC-Build. It is not recommended to edit this file directly.
$data merge entity $(bone_eyes) {transformation: [-1f,0f,0f,-0.0156f,0f,0.9988f,0.0483f,1.6992f,0f,0.0483f,-0.9988f,0.421f,0f,0f,0f,1f],start_interpolation: 0,interpolation_duration: 1}
$data merge entity $(bone_head) {transformation: [-1f,0f,0f,0f,0f,0.9988f,0.0483f,1.3679f,0f,0.0483f,-0.9988f,0.1534f,0f,0f,0f,1f],start_interpolation: 0,interpolation_duration: 1}
$data merge entity $(bone_fabric_overray) {transformation: [-1f,0f,0f,0f,0f,0.2314f,0.9729f,1.3679f,0f,0.9729f,-0.2314f,0.1534f,0f,0f,0f,1f],start_interpolation: 0,interpolation_duration: 1}
$data merge entity $(bone_fabric) {transformation: [-1f,0f,0f,0f,0f,0.2314f,0.9729f,1.3679f,0f,0.9729f,-0.2314f,0.1534f,0f,0f,0f,1f],start_interpolation: 0,interpolation_duration: 1}
$data merge entity $(bone_bone_overray) {transformation: [-1f,0f,0f,0f,0f,0.258f,0.9661f,1.3679f,0f,0.9661f,-0.258f,0.1534f,0f,0f,0f,1f],start_interpolation: 0,interpolation_duration: 1}
$data merge entity $(bone_bone) {transformation: [-1f,0f,0f,0f,0f,0.258f,0.9661f,1.3679f,0f,0.9661f,-0.258f,0.1534f,0f,0f,0f,1f],start_interpolation: 0,interpolation_duration: 1}
$data merge entity $(bone_left_arm1) {transformation: [-0.9537f,-0.284f,-0.0991f,0.25f,0.0546f,-0.4876f,0.8714f,1.3127f,-0.2958f,0.8256f,0.4805f,0.1242f,0f,0f,0f,1f],start_interpolation: 0,interpolation_duration: 1}
$data merge entity $(bone_right_arm1) {transformation: [-0.9537f,0.2873f,-0.0889f,-0.25f,-0.2138f,-0.4399f,0.8722f,1.3127f,0.2115f,0.8509f,0.4809f,0.1242f,0f,0f,0f,1f],start_interpolation: 0,interpolation_duration: 1}
data modify entity @s data merge value {"cameras":{},"locators":{"mouse":{"posx":-4.99237967497599e-17,"posy":1.4495111213753373,"posz":0.4076587370703031,"roty":0,"rotx":2.767908902691509},"left_arm":{"posx":0.5048286446040723,"posy":1.6444831600182566,"posz":-0.42494144934547456,"roty":191.65604509992968,"rotx":60.61970022317185},"right_arm":{"posx":-0.5071390740796207,"posy":1.601744133072288,"posz":-0.44755814354819,"roty":190.47381502115795,"rotx":60.7193990167976}}}