# This file was generated by Animated Java via MC-Build. It is not recommended to edit this file directly.
$data merge entity $(bone_eyes) {transformation: [-1f,0f,0f,-0.0156f,0f,0.999f,0.0443f,1.7008f,0f,0.0443f,-0.999f,0.4178f,0f,0f,0f,1f],start_interpolation: 0,interpolation_duration: 1}
$data merge entity $(bone_head) {transformation: [-1f,0f,0f,0f,0f,0.999f,0.0443f,1.3685f,0f,0.0443f,-0.999f,0.1516f,0f,0f,0f,1f],start_interpolation: 0,interpolation_duration: 1}
$data merge entity $(bone_fabric_overray) {transformation: [-1f,0f,0f,0f,0f,0.2409f,0.9706f,1.3685f,0f,0.9706f,-0.2409f,0.1516f,0f,0f,0f,1f],start_interpolation: 0,interpolation_duration: 1}
$data merge entity $(bone_fabric) {transformation: [-1f,0f,0f,0f,0f,0.2409f,0.9706f,1.3685f,0f,0.9706f,-0.2409f,0.1516f,0f,0f,0f,1f],start_interpolation: 0,interpolation_duration: 1}
$data merge entity $(bone_bone_overray) {transformation: [-1f,0f,0f,0f,0f,0.2785f,0.9604f,1.3685f,0f,0.9604f,-0.2785f,0.1516f,0f,0f,0f,1f],start_interpolation: 0,interpolation_duration: 1}
$data merge entity $(bone_bone) {transformation: [-1f,0f,0f,0f,0f,0.2785f,0.9604f,1.3685f,0f,0.9604f,-0.2785f,0.1516f,0f,0f,0f,1f],start_interpolation: 0,interpolation_duration: 1}
$data merge entity $(bone_left_arm1) {transformation: [-0.953f,-0.2871f,-0.0963f,0.25f,0.0532f,-0.4716f,0.8802f,1.3131f,-0.2982f,0.8338f,0.4647f,0.1227f,0f,0f,0f,1f],start_interpolation: 0,interpolation_duration: 1}
$data merge entity $(bone_right_arm1) {transformation: [-0.953f,0.2882f,-0.0932f,-0.25f,-0.214f,-0.423f,0.8805f,1.3131f,0.2143f,0.8591f,0.4648f,0.1227f,0f,0f,0f,1f],start_interpolation: 0,interpolation_duration: 1}
data modify entity @s data merge value {"cameras":{},"locators":{"mouse":{"posx":-4.9653970264531886e-17,"posy":1.4510893020927764,"posz":0.40545543661325795,"roty":0,"rotx":2.5362318840579774},"left_arm":{"posx":0.5069757309446884,"posy":1.6339691764342834,"posz":-0.43191650444554575,"roty":191.70535391752904,"rotx":61.66821853661563},"right_arm":{"posx":-0.507674214705222,"posy":1.5905390276469435,"posz":-0.45455972653820353,"roty":191.3369738355149,"rotx":61.699662495138426}}}