# This file was generated by Animated Java via MC-Build. It is not recommended to edit this file directly.
$data merge entity $(bone_eyes) {transformation: [-1f,0f,0f,-0.0156f,0f,0.9991f,0.0434f,1.7016f,0f,0.0434f,-0.9991f,0.4156f,0f,0f,0f,1f],start_interpolation: 0,interpolation_duration: 1}
$data merge entity $(bone_head) {transformation: [-1f,0f,0f,0f,0f,0.9991f,0.0434f,1.369f,0f,0.0434f,-0.9991f,0.1497f,0f,0f,0f,1f],start_interpolation: 0,interpolation_duration: 1}
$data merge entity $(bone_fabric_overray) {transformation: [-1f,0f,0f,0f,0f,0.251f,0.968f,1.369f,0f,0.968f,-0.251f,0.1497f,0f,0f,0f,1f],start_interpolation: 0,interpolation_duration: 1}
$data merge entity $(bone_fabric) {transformation: [-1f,0f,0f,0f,0f,0.251f,0.968f,1.369f,0f,0.968f,-0.251f,0.1497f,0f,0f,0f,1f],start_interpolation: 0,interpolation_duration: 1}
$data merge entity $(bone_bone_overray) {transformation: [-1f,0f,0f,0f,0f,0.2994f,0.9541f,1.369f,0f,0.9541f,-0.2994f,0.1497f,0f,0f,0f,1f],start_interpolation: 0,interpolation_duration: 1}
$data merge entity $(bone_bone) {transformation: [-1f,0f,0f,0f,0f,0.2994f,0.9541f,1.369f,0f,0.9541f,-0.2994f,0.1497f,0f,0f,0f,1f],start_interpolation: 0,interpolation_duration: 1}
$data merge entity $(bone_left_arm1) {transformation: [-0.9524f,-0.2902f,-0.093f,0.25f,0.0516f,-0.4544f,0.8893f,1.3134f,-0.3003f,0.8422f,0.4478f,0.1211f,0f,0f,0f,1f],start_interpolation: 0,interpolation_duration: 1}
$data merge entity $(bone_right_arm1) {transformation: [-0.9524f,0.2886f,-0.0978f,-0.25f,-0.214f,-0.4051f,0.8889f,1.3134f,0.2169f,0.8675f,0.4476f,0.1211f,0f,0f,0f,1f],start_interpolation: 0,interpolation_duration: 1}
data modify entity @s data merge value {"cameras":{},"locators":{"mouse":{"posx":-4.9415414044509383e-17,"posy":1.451853430050382,"posz":0.40350747724906744,"roty":0,"rotx":2.4855072463768186},"left_arm":{"posx":0.5090252199878439,"posy":1.6226338450074649,"posz":-0.4391150403941195,"roty":191.72812984502394,"rotx":62.78303765363612},"right_arm":{"posx":-0.5079363646005727,"posy":1.5785753243697878,"posz":-0.4617439582192605,"roty":192.3219386111206,"rotx":62.73177258275233}}}