# This file was generated by Animated Java via MC-Build. It is not recommended to edit this file directly.
$data merge entity $(bone_eyes) {transformation: [-1f,0f,0f,-0.0156f,0f,0.9991f,0.0425f,1.7023f,0f,0.0425f,-0.9991f,0.4134f,0f,0f,0f,1f],start_interpolation: 0,interpolation_duration: 1}
$data merge entity $(bone_head) {transformation: [-1f,0f,0f,0f,0f,0.9991f,0.0425f,1.3696f,0f,0.0425f,-0.9991f,0.1478f,0f,0f,0f,1f],start_interpolation: 0,interpolation_duration: 1}
$data merge entity $(bone_fabric_overray) {transformation: [-1f,0f,0f,0f,0f,0.2619f,0.9651f,1.3696f,0f,0.9651f,-0.2619f,0.1478f,0f,0f,0f,1f],start_interpolation: 0,interpolation_duration: 1}
$data merge entity $(bone_fabric) {transformation: [-1f,0f,0f,0f,0f,0.2619f,0.9651f,1.3696f,0f,0.9651f,-0.2619f,0.1478f,0f,0f,0f,1f],start_interpolation: 0,interpolation_duration: 1}
$data merge entity $(bone_bone_overray) {transformation: [-1f,0f,0f,0f,0f,0.3208f,0.9471f,1.3696f,0f,0.9471f,-0.3208f,0.1478f,0f,0f,0f,1f],start_interpolation: 0,interpolation_duration: 1}
$data merge entity $(bone_bone) {transformation: [-1f,0f,0f,0f,0f,0.3208f,0.9471f,1.3696f,0f,0.9471f,-0.3208f,0.1478f,0f,0f,0f,1f],start_interpolation: 0,interpolation_duration: 1}
$data merge entity $(bone_left_arm1) {transformation: [-0.9519f,-0.293f,-0.0892f,0.25f,0.0501f,-0.4362f,0.8985f,1.3138f,-0.3022f,0.8508f,0.4299f,0.1196f,0f,0f,0f,1f],start_interpolation: 0,interpolation_duration: 1}
$data merge entity $(bone_right_arm1) {transformation: [-0.9519f,0.2886f,-0.1026f,-0.25f,-0.2138f,-0.3862f,0.8973f,1.3138f,0.2194f,0.8761f,0.4293f,0.1196f,0f,0f,0f,1f],start_interpolation: 0,interpolation_duration: 1}
data modify entity @s data merge value {"cameras":{},"locators":{"mouse":{"posx":-4.9176433424705496e-17,"posy":1.452606007233633,"posz":0.4015560523976712,"roty":0,"rotx":2.4347826086956603},"left_arm":{"posx":0.5109500256719401,"posy":1.6105386686644125,"posz":-0.4464613215198809,"roty":191.72341254023976,"rotx":63.95686105641782},"right_arm":{"posx":-0.507917467836871,"posy":1.5659215053269062,"posz":-0.46903307997454036,"roty":193.43919004436057,"rotx":63.80715155913973}}}