# This file was generated by Animated Java via MC-Build. It is not recommended to edit this file directly.
$data merge entity $(bone_eyes) {transformation: [-1f,0f,0f,-0.0156f,0f,0.9991f,0.0416f,1.7031f,0f,0.0416f,-0.9991f,0.4112f,0f,0f,0f,1f],start_interpolation: 0,interpolation_duration: 1}
$data merge entity $(bone_head) {transformation: [-1f,0f,0f,0f,0f,0.9991f,0.0416f,1.3701f,0f,0.0416f,-0.9991f,0.1459f,0f,0f,0f,1f],start_interpolation: 0,interpolation_duration: 1}
$data merge entity $(bone_fabric_overray) {transformation: [-1f,0f,0f,0f,0f,0.2737f,0.9618f,1.3701f,0f,0.9618f,-0.2737f,0.1459f,0f,0f,0f,1f],start_interpolation: 0,interpolation_duration: 1}
$data merge entity $(bone_fabric) {transformation: [-1f,0f,0f,0f,0f,0.2737f,0.9618f,1.3701f,0f,0.9618f,-0.2737f,0.1459f,0f,0f,0f,1f],start_interpolation: 0,interpolation_duration: 1}
$data merge entity $(bone_bone_overray) {transformation: [-1f,0f,0f,0f,0f,0.3425f,0.9395f,1.3701f,0f,0.9395f,-0.3425f,0.1459f,0f,0f,0f,1f],start_interpolation: 0,interpolation_duration: 1}
$data merge entity $(bone_bone) {transformation: [-1f,0f,0f,0f,0f,0.3425f,0.9395f,1.3701f,0f,0.9395f,-0.3425f,0.1459f,0f,0f,0f,1f],start_interpolation: 0,interpolation_duration: 1}
$data merge entity $(bone_left_arm1) {transformation: [-0.9515f,-0.2956f,-0.085f,0.25f,0.0484f,-0.4169f,0.9076f,1.3141f,-0.3038f,0.8595f,0.411f,0.118f,0f,0f,0f,1f],start_interpolation: 0,interpolation_duration: 1}
$data merge entity $(bone_right_arm1) {transformation: [-0.9515f,0.2882f,-0.1076f,-0.25f,-0.2134f,-0.3663f,0.9057f,1.3141f,0.2216f,0.8847f,0.4101f,0.118f,0f,0f,0f,1f],start_interpolation: 0,interpolation_duration: 1}
data modify entity @s data merge value {"cameras":{},"locators":{"mouse":{"posx":-4.893703702990449e-17,"posy":1.4533470136862652,"posz":0.3996012324857776,"roty":0,"rotx":2.384057971014487},"left_arm":{"posx":0.5127230802897891,"posy":1.597748805419848,"posz":-0.4538832340660489,"roty":191.6900266511266,"rotx":65.18239604614166},"right_arm":{"posx":-0.5076111297883752,"posy":1.5526495518834762,"posz":-0.4763532267915807,"roty":194.70086913211622,"rotx":64.91707611354201}}}