# This file was generated by Animated Java via MC-Build. It is not recommended to edit this file directly.
$data merge entity $(bone_eyes) {transformation: [-1f,0f,0f,-0.0156f,0f,0.9992f,0.0407f,1.7038f,0f,0.0407f,-0.9992f,0.4091f,0f,0f,0f,1f],start_interpolation: 0,interpolation_duration: 1}
$data merge entity $(bone_head) {transformation: [-1f,0f,0f,0f,0f,0.9992f,0.0407f,1.3706f,0f,0.0407f,-0.9992f,0.144f,0f,0f,0f,1f],start_interpolation: 0,interpolation_duration: 1}
$data merge entity $(bone_fabric_overray) {transformation: [-1f,0f,0f,0f,0f,0.2862f,0.9582f,1.3706f,0f,0.9582f,-0.2862f,0.144f,0f,0f,0f,1f],start_interpolation: 0,interpolation_duration: 1}
$data merge entity $(bone_fabric) {transformation: [-1f,0f,0f,0f,0f,0.2862f,0.9582f,1.3706f,0f,0.9582f,-0.2862f,0.144f,0f,0f,0f,1f],start_interpolation: 0,interpolation_duration: 1}
$data merge entity $(bone_bone_overray) {transformation: [-1f,0f,0f,0f,0f,0.3643f,0.9313f,1.3706f,0f,0.9313f,-0.3643f,0.144f,0f,0f,0f,1f],start_interpolation: 0,interpolation_duration: 1}
$data merge entity $(bone_bone) {transformation: [-1f,0f,0f,0f,0f,0.3643f,0.9313f,1.3706f,0f,0.9313f,-0.3643f,0.144f,0f,0f,0f,1f],start_interpolation: 0,interpolation_duration: 1}
$data merge entity $(bone_left_arm1) {transformation: [-0.9512f,-0.298f,-0.0805f,0.25f,0.0467f,-0.3968f,0.9167f,1.3145f,-0.3051f,0.8682f,0.3913f,0.1165f,0f,0f,0f,1f],start_interpolation: 0,interpolation_duration: 1}
$data merge entity $(bone_right_arm1) {transformation: [-0.9512f,0.2874f,-0.1127f,-0.25f,-0.2127f,-0.3457f,0.9139f,1.3145f,0.2237f,0.8933f,0.3899f,0.1165f,0f,0f,0f,1f],start_interpolation: 0,interpolation_duration: 1}
data modify entity @s data merge value {"cameras":{},"locators":{"mouse":{"posx":-4.869723349957626e-17,"posy":1.4540764298831816,"posz":0.3976430880600118,"roty":0,"rotx":2.333333333333329},"left_arm":{"posx":0.5143177412491772,"posy":1.5843333244030704,"posz":-0.4613130735804306,"roty":191.62655014306992,"rotx":66.452353266795},"right_arm":{"posx":-0.507012918781931,"posy":1.5388350849437955,"posz":-0.48363526293754655,"roty":196.12093804775878,"rotx":66.05265855923328}}}