# This file was generated by Animated Java via MC-Build. It is not recommended to edit this file directly.
$data merge entity $(bone_eyes) {transformation: [-1f,0f,0f,-0.0156f,0f,0.9992f,0.0398f,1.7045f,0f,0.0398f,-0.9992f,0.4069f,0f,0f,0f,1f],start_interpolation: 0,interpolation_duration: 1}
$data merge entity $(bone_head) {transformation: [-1f,0f,0f,0f,0f,0.9992f,0.0398f,1.3711f,0f,0.0398f,-0.9992f,0.1421f,0f,0f,0f,1f],start_interpolation: 0,interpolation_duration: 1}
$data merge entity $(bone_fabric_overray) {transformation: [-1f,0f,0f,0f,0f,0.2998f,0.954f,1.3711f,0f,0.954f,-0.2998f,0.1421f,0f,0f,0f,1f],start_interpolation: 0,interpolation_duration: 1}
$data merge entity $(bone_fabric) {transformation: [-1f,0f,0f,0f,0f,0.2998f,0.954f,1.3711f,0f,0.954f,-0.2998f,0.1421f,0f,0f,0f,1f],start_interpolation: 0,interpolation_duration: 1}
$data merge entity $(bone_bone_overray) {transformation: [-1f,0f,0f,0f,0f,0.3792f,0.9253f,1.3711f,0f,0.9253f,-0.3792f,0.1421f,0f,0f,0f,1f],start_interpolation: 0,interpolation_duration: 1}
$data merge entity $(bone_bone) {transformation: [-1f,0f,0f,0f,0f,0.3792f,0.9253f,1.3711f,0f,0.9253f,-0.3792f,0.1421f,0f,0f,0f,1f],start_interpolation: 0,interpolation_duration: 1}
$data merge entity $(bone_left_arm1) {transformation: [-0.9509f,-0.3f,-0.0757f,0.25f,0.0449f,-0.3758f,0.9256f,1.3148f,-0.3062f,0.8768f,0.3709f,0.115f,0f,0f,0f,1f],start_interpolation: 0,interpolation_duration: 1}
$data merge entity $(bone_right_arm1) {transformation: [-0.9509f,0.2861f,-0.1179f,-0.25f,-0.2119f,-0.3244f,0.9219f,1.3148f,0.2255f,0.9016f,0.3691f,0.115f,0f,0f,0f,1f],start_interpolation: 0,interpolation_duration: 1}
data modify entity @s data merge value {"cameras":{},"locators":{"mouse":{"posx":-4.845703148755281e-17,"posy":1.4547942367311826,"posz":0.3956816897842748,"roty":0,"rotx":2.2826086956521734},"left_arm":{"posx":0.5157081773253744,"posy":1.5703653281723788,"posz":-0.4686882680728265,"roty":191.53127016467283,"rotx":67.7594460816448},"right_arm":{"posx":-0.5061206160109041,"posy":1.5245573741823781,"posz":-0.4908155470713381,"roty":197.71532649368015,"rotx":67.20482705788194}}}