# This file was generated by Animated Java via MC-Build. It is not recommended to edit this file directly.
$data merge entity $(bone_eyes) {transformation: [-1f,0f,0f,-0.0156f,0f,0.9992f,0.0389f,1.7053f,0f,0.0389f,-0.9992f,0.4047f,0f,0f,0f,1f],start_interpolation: 0,interpolation_duration: 1}
$data merge entity $(bone_head) {transformation: [-1f,0f,0f,0f,0f,0.9992f,0.0389f,1.3716f,0f,0.0389f,-0.9992f,0.1403f,0f,0f,0f,1f],start_interpolation: 0,interpolation_duration: 1}
$data merge entity $(bone_fabric_overray) {transformation: [-1f,0f,0f,0f,0f,0.3143f,0.9493f,1.3716f,0f,0.9493f,-0.3143f,0.1403f,0f,0f,0f,1f],start_interpolation: 0,interpolation_duration: 1}
$data merge entity $(bone_fabric) {transformation: [-1f,0f,0f,0f,0f,0.3143f,0.9493f,1.3716f,0f,0.9493f,-0.3143f,0.1403f,0f,0f,0f,1f],start_interpolation: 0,interpolation_duration: 1}
$data merge entity $(bone_bone_overray) {transformation: [-1f,0f,0f,0f,0f,0.3949f,0.9187f,1.3716f,0f,0.9187f,-0.3949f,0.1403f,0f,0f,0f,1f],start_interpolation: 0,interpolation_duration: 1}
$data merge entity $(bone_bone) {transformation: [-1f,0f,0f,0f,0f,0.3949f,0.9187f,1.3716f,0f,0.9187f,-0.3949f,0.1403f,0f,0f,0f,1f],start_interpolation: 0,interpolation_duration: 1}
$data merge entity $(bone_left_arm1) {transformation: [-0.9508f,-0.3017f,-0.0705f,0.25f,0.0431f,-0.3542f,0.9342f,1.3151f,-0.3069f,0.8852f,0.3498f,0.1134f,0f,0f,0f,1f],start_interpolation: 0,interpolation_duration: 1}
$data merge entity $(bone_right_arm1) {transformation: [-0.9508f,0.2844f,-0.1231f,-0.25f,-0.2108f,-0.3025f,0.9295f,1.3151f,0.2271f,0.9097f,0.3476f,0.1134f,0f,0f,0f,1f],start_interpolation: 0,interpolation_duration: 1}
data modify entity @s data merge value {"cameras":{},"locators":{"mouse":{"posx":-4.821643966170431e-17,"posy":1.45550041556967,"posz":0.3937171084370976,"roty":0,"rotx":2.2318840579710146},"left_arm":{"posx":0.5168697262357098,"posy":1.5559219482451219,"posz":-0.4759520297101209,"roty":191.4021223965643,"rotx":69.09638979334846},"right_arm":{"posx":-0.5049344066162316,"posy":1.5098992264204667,"posz":-0.49783661825988745,"roty":199.50203431170263,"rotx":68.3643066036025}}}