# This file was generated by Animated Java via MC-Build. It is not recommended to edit this file directly.
$data merge entity $(bone_eyes) {transformation: [-1f,0f,0f,-0.0156f,0f,0.9993f,0.0381f,1.706f,0f,0.0381f,-0.9993f,0.4025f,0f,0f,0f,1f],start_interpolation: 0,interpolation_duration: 1}
$data merge entity $(bone_head) {transformation: [-1f,0f,0f,0f,0f,0.9993f,0.0381f,1.372f,0f,0.0381f,-0.9993f,0.1384f,0f,0f,0f,1f],start_interpolation: 0,interpolation_duration: 1}
$data merge entity $(bone_fabric_overray) {transformation: [-1f,0f,0f,0f,0f,0.3299f,0.944f,1.372f,0f,0.944f,-0.3299f,0.1384f,0f,0f,0f,1f],start_interpolation: 0,interpolation_duration: 1}
$data merge entity $(bone_fabric) {transformation: [-1f,0f,0f,0f,0f,0.3299f,0.944f,1.372f,0f,0.944f,-0.3299f,0.1384f,0f,0f,0f,1f],start_interpolation: 0,interpolation_duration: 1}
$data merge entity $(bone_bone_overray) {transformation: [-1f,0f,0f,0f,0f,0.4112f,0.9116f,1.372f,0f,0.9116f,-0.4112f,0.1384f,0f,0f,0f,1f],start_interpolation: 0,interpolation_duration: 1}
$data merge entity $(bone_bone) {transformation: [-1f,0f,0f,0f,0f,0.4112f,0.9116f,1.372f,0f,0.9116f,-0.4112f,0.1384f,0f,0f,0f,1f],start_interpolation: 0,interpolation_duration: 1}
$data merge entity $(bone_left_arm1) {transformation: [-0.9507f,-0.3031f,-0.0652f,0.25f,0.0412f,-0.332f,0.9424f,1.3154f,-0.3072f,0.8933f,0.3281f,0.1119f,0f,0f,0f,1f],start_interpolation: 0,interpolation_duration: 1}
$data merge entity $(bone_right_arm1) {transformation: [-0.9507f,0.2822f,-0.1282f,-0.25f,-0.2095f,-0.2802f,0.9368f,1.3154f,0.2285f,0.9175f,0.3255f,0.1119f,0f,0f,0f,1f],start_interpolation: 0,interpolation_duration: 1}
data modify entity @s data merge value {"cameras":{},"locators":{"mouse":{"posx":-4.797546670361449e-17,"posy":1.4561949481713439,"posz":0.3917494149089916,"roty":0,"rotx":2.18115942028986},"left_arm":{"posx":0.5177792153852674,"posy":1.5410842234192261,"posz":-0.4830539271237258,"roty":191.23660777719874,"rotx":70.45590068988207},"right_arm":{"posx":-0.5034570057672871,"posy":1.4949467659331932,"posz":-0.5046477938730968,"roty":201.50114400026862,"rotx":69.52160383634583}}}