# This file was generated by Animated Java via MC-Build. It is not recommended to edit this file directly.
$data merge entity $(bone_eyes) {transformation: [-1f,0f,0f,-0.0156f,0f,0.9993f,0.0372f,1.7067f,0f,0.0372f,-0.9993f,0.4003f,0f,0f,0f,1f],start_interpolation: 0,interpolation_duration: 1}
$data merge entity $(bone_head) {transformation: [-1f,0f,0f,0f,0f,0.9993f,0.0372f,1.3725f,0f,0.0372f,-0.9993f,0.1365f,0f,0f,0f,1f],start_interpolation: 0,interpolation_duration: 1}
$data merge entity $(bone_fabric_overray) {transformation: [-1f,0f,0f,0f,0f,0.3466f,0.938f,1.3725f,0f,0.938f,-0.3466f,0.1365f,0f,0f,0f,1f],start_interpolation: 0,interpolation_duration: 1}
$data merge entity $(bone_fabric) {transformation: [-1f,0f,0f,0f,0f,0.3466f,0.938f,1.3725f,0f,0.938f,-0.3466f,0.1365f,0f,0f,0f,1f],start_interpolation: 0,interpolation_duration: 1}
$data merge entity $(bone_bone_overray) {transformation: [-1f,0f,0f,0f,0f,0.428f,0.9038f,1.3725f,0f,0.9038f,-0.428f,0.1365f,0f,0f,0f,1f],start_interpolation: 0,interpolation_duration: 1}
$data merge entity $(bone_bone) {transformation: [-1f,0f,0f,0f,0f,0.428f,0.9038f,1.3725f,0f,0.9038f,-0.428f,0.1365f,0f,0f,0f,1f],start_interpolation: 0,interpolation_duration: 1}
$data merge entity $(bone_left_arm1) {transformation: [-0.9508f,-0.304f,-0.0597f,0.25f,0.0393f,-0.3093f,0.9501f,1.3157f,-0.3073f,0.9011f,0.3061f,0.1103f,0f,0f,0f,1f],start_interpolation: 0,interpolation_duration: 1}
$data merge entity $(bone_right_arm1) {transformation: [-0.9508f,0.2797f,-0.1333f,-0.25f,-0.208f,-0.2576f,0.9436f,1.3157f,0.2296f,0.9249f,0.3031f,0.1103f,0f,0f,0f,1f],start_interpolation: 0,interpolation_duration: 1}
data modify entity @s data merge value {"cameras":{},"locators":{"mouse":{"posx":-4.773412130825572e-17,"posy":1.4568778167428769,"posz":0.3897786801997937,"roty":0,"rotx":2.130434782608694},"left_arm":{"posx":0.5184152379175753,"posy":1.525936872891515,"posz":-0.4899503701558909,"roty":191.03167735964433,"rotx":71.83069488673493},"right_arm":{"posx":-0.5016937146825874,"posy":1.4797891217367973,"posz":-0.511205670338354,"roty":203.73467237095645,"rotx":70.66700080586325}}}