# This file was generated by Animated Java via MC-Build. It is not recommended to edit this file directly.
$data merge entity $(bone_eyes) {transformation: [-1f,0f,0f,-0.0156f,0f,0.9993f,0.0363f,1.7073f,0f,0.0363f,-0.9993f,0.3981f,0f,0f,0f,1f],start_interpolation: 0,interpolation_duration: 1}
$data merge entity $(bone_head) {transformation: [-1f,0f,0f,0f,0f,0.9993f,0.0363f,1.3729f,0f,0.0363f,-0.9993f,0.1346f,0f,0f,0f,1f],start_interpolation: 0,interpolation_duration: 1}
$data merge entity $(bone_fabric_overray) {transformation: [-1f,0f,0f,0f,0f,0.3645f,0.9312f,1.3729f,0f,0.9312f,-0.3645f,0.1346f,0f,0f,0f,1f],start_interpolation: 0,interpolation_duration: 1}
$data merge entity $(bone_fabric) {transformation: [-1f,0f,0f,0f,0f,0.3645f,0.9312f,1.3729f,0f,0.9312f,-0.3645f,0.1346f,0f,0f,0f,1f],start_interpolation: 0,interpolation_duration: 1}
$data merge entity $(bone_bone_overray) {transformation: [-1f,0f,0f,0f,0f,0.4455f,0.8953f,1.3729f,0f,0.8953f,-0.4455f,0.1346f,0f,0f,0f,1f],start_interpolation: 0,interpolation_duration: 1}
$data merge entity $(bone_bone) {transformation: [-1f,0f,0f,0f,0f,0.4455f,0.8953f,1.3729f,0f,0.8953f,-0.4455f,0.1346f,0f,0f,0f,1f],start_interpolation: 0,interpolation_duration: 1}
$data merge entity $(bone_left_arm1) {transformation: [-0.951f,-0.3045f,-0.054f,0.25f,0.0373f,-0.2864f,0.9574f,1.316f,-0.307f,0.9084f,0.2837f,0.1088f,0f,0f,0f,1f],start_interpolation: 0,interpolation_duration: 1}
$data merge entity $(bone_right_arm1) {transformation: [-0.951f,0.2767f,-0.1381f,-0.25f,-0.2062f,-0.2348f,0.9499f,1.316f,0.2304f,0.9318f,0.2803f,0.1088f,0f,0f,0f,1f],start_interpolation: 0,interpolation_duration: 1}
data modify entity @s data merge value {"cameras":{},"locators":{"mouse":{"posx":-4.749241218366337e-17,"posy":1.4575490039255743,"posz":0.3878049754160092,"roty":0,"rotx":2.07971014492754},"left_arm":{"posx":0.5187583767586877,"posy":1.5105679783346035,"posz":-0.49660499902523614,"roty":190.78357109339865,"rotx":73.21348691874385},"right_arm":{"posx":-0.4996524027832928,"posy":1.4645180387651342,"posz":-0.5174745181884404,"roty":206.22615797331662,"rotx":71.79056586115603}}}