# This file was generated by Animated Java via MC-Build. It is not recommended to edit this file directly.
$data merge entity $(bone_eyes) {transformation: [-1f,0f,0f,-0.0156f,0f,0.9994f,0.0354f,1.708f,0f,0.0354f,-0.9994f,0.3959f,0f,0f,0f,1f],start_interpolation: 0,interpolation_duration: 1}
$data merge entity $(bone_head) {transformation: [-1f,0f,0f,0f,0f,0.9994f,0.0354f,1.3734f,0f,0.0354f,-0.9994f,0.1327f,0f,0f,0f,1f],start_interpolation: 0,interpolation_duration: 1}
$data merge entity $(bone_fabric_overray) {transformation: [-1f,0f,0f,0f,0f,0.3836f,0.9235f,1.3734f,0f,0.9235f,-0.3836f,0.1327f,0f,0f,0f,1f],start_interpolation: 0,interpolation_duration: 1}
$data merge entity $(bone_fabric) {transformation: [-1f,0f,0f,0f,0f,0.3836f,0.9235f,1.3734f,0f,0.9235f,-0.3836f,0.1327f,0f,0f,0f,1f],start_interpolation: 0,interpolation_duration: 1}
$data merge entity $(bone_bone_overray) {transformation: [-1f,0f,0f,0f,0f,0.4633f,0.8862f,1.3734f,0f,0.8862f,-0.4633f,0.1327f,0f,0f,0f,1f],start_interpolation: 0,interpolation_duration: 1}
$data merge entity $(bone_bone) {transformation: [-1f,0f,0f,0f,0f,0.4633f,0.8862f,1.3734f,0f,0.8862f,-0.4633f,0.1327f,0f,0f,0f,1f],start_interpolation: 0,interpolation_duration: 1}
$data merge entity $(bone_left_arm1) {transformation: [-0.9513f,-0.3045f,-0.0483f,0.25f,0.0353f,-0.2633f,0.9641f,1.3163f,-0.3063f,0.9154f,0.2612f,0.1072f,0f,0f,0f,1f],start_interpolation: 0,interpolation_duration: 1}
$data merge entity $(bone_right_arm1) {transformation: [-0.9513f,0.2733f,-0.1427f,-0.25f,-0.2042f,-0.2119f,0.9557f,1.3163f,0.2309f,0.9383f,0.2574f,0.1072f,0f,0f,0f,1f],start_interpolation: 0,interpolation_duration: 1}
data modify entity @s data merge value {"cameras":{},"locators":{"mouse":{"posx":-4.72503480506098e-17,"posy":1.4582084927960197,"posz":0.38582837176814844,"roty":0,"rotx":2.028985507246376},"left_arm":{"posx":0.5187913701614992,"posy":1.4950685909222892,"posz":-0.5029889703901569,"roty":190.48758825138592,"rotx":74.59698800838405},"right_arm":{"posx":-0.49734341353216577,"posy":1.449227431246416,"posz":-0.5234265636685534,"roty":208.99984161133852,"rotx":72.88219414342791}}}