# This file was generated by Animated Java via MC-Build. It is not recommended to edit this file directly.
$data merge entity $(bone_eyes) {transformation: [-1f,0f,0f,-0.0156f,0f,0.9994f,0.0345f,1.7087f,0f,0.0345f,-0.9994f,0.3937f,0f,0f,0f,1f],start_interpolation: 0,interpolation_duration: 1}
$data merge entity $(bone_head) {transformation: [-1f,0f,0f,0f,0f,0.9994f,0.0345f,1.3738f,0f,0.0345f,-0.9994f,0.1308f,0f,0f,0f,1f],start_interpolation: 0,interpolation_duration: 1}
$data merge entity $(bone_fabric_overray) {transformation: [-1f,0f,0f,0f,0f,0.4039f,0.9148f,1.3738f,0f,0.9148f,-0.4039f,0.1308f,0f,0f,0f,1f],start_interpolation: 0,interpolation_duration: 1}
$data merge entity $(bone_fabric) {transformation: [-1f,0f,0f,0f,0f,0.4039f,0.9148f,1.3738f,0f,0.9148f,-0.4039f,0.1308f,0f,0f,0f,1f],start_interpolation: 0,interpolation_duration: 1}
$data merge entity $(bone_bone_overray) {transformation: [-1f,0f,0f,0f,0f,0.4816f,0.8764f,1.3738f,0f,0.8764f,-0.4816f,0.1308f,0f,0f,0f,1f],start_interpolation: 0,interpolation_duration: 1}
$data merge entity $(bone_bone) {transformation: [-1f,0f,0f,0f,0f,0.4816f,0.8764f,1.3738f,0f,0.8764f,-0.4816f,0.1308f,0f,0f,0f,1f],start_interpolation: 0,interpolation_duration: 1}
$data merge entity $(bone_left_arm1) {transformation: [-0.9517f,-0.304f,-0.0427f,0.25f,0.0332f,-0.2401f,0.9702f,1.3166f,-0.3052f,0.9219f,0.2386f,0.1057f,0f,0f,0f,1f],start_interpolation: 0,interpolation_duration: 1}
$data merge entity $(bone_right_arm1) {transformation: [-0.9517f,0.2695f,-0.147f,-0.25f,-0.202f,-0.1892f,0.9609f,1.3166f,0.2312f,0.9442f,0.2345f,0.1057f,0f,0f,0f,1f],start_interpolation: 0,interpolation_duration: 1}
data modify entity @s data merge value {"cameras":{},"locators":{"mouse":{"posx":-4.7007937642277905e-17,"posy":1.4588562668667007,"posz":0.38384894056806146,"roty":0,"rotx":1.9782608695652173},"left_arm":{"posx":0.5184992133249553,"posy":1.4795322807406586,"posz":-0.5090811335637909,"roty":190.13775366225775,"rotx":75.97390389375718},"right_arm":{"posx":-0.4947793929336653,"posy":1.4340128974890038,"posz":-0.5290421502998216,"roty":212.0792583545686,"rotx":73.93169576187871}}}