# This file was generated by Animated Java via MC-Build. It is not recommended to edit this file directly.
$data merge entity $(bone_eyes) {transformation: [-1f,0f,0f,-0.0156f,0f,0.9994f,0.0336f,1.7093f,0f,0.0336f,-0.9994f,0.3915f,0f,0f,0f,1f],start_interpolation: 0,interpolation_duration: 1}
$data merge entity $(bone_head) {transformation: [-1f,0f,0f,0f,0f,0.9994f,0.0336f,1.3742f,0f,0.0336f,-0.9994f,0.1289f,0f,0f,0f,1f],start_interpolation: 0,interpolation_duration: 1}
$data merge entity $(bone_fabric_overray) {transformation: [-1f,0f,0f,0f,0f,0.4187f,0.9081f,1.3742f,0f,0.9081f,-0.4187f,0.1289f,0f,0f,0f,1f],start_interpolation: 0,interpolation_duration: 1}
$data merge entity $(bone_fabric) {transformation: [-1f,0f,0f,0f,0f,0.4187f,0.9081f,1.3742f,0f,0.9081f,-0.4187f,0.1289f,0f,0f,0f,1f],start_interpolation: 0,interpolation_duration: 1}
$data merge entity $(bone_bone_overray) {transformation: [-1f,0f,0f,0f,0f,0.5003f,0.8659f,1.3742f,0f,0.8659f,-0.5003f,0.1289f,0f,0f,0f,1f],start_interpolation: 0,interpolation_duration: 1}
$data merge entity $(bone_bone) {transformation: [-1f,0f,0f,0f,0f,0.5003f,0.8659f,1.3742f,0f,0.8659f,-0.5003f,0.1289f,0f,0f,0f,1f],start_interpolation: 0,interpolation_duration: 1}
$data merge entity $(bone_left_arm1) {transformation: [-0.9523f,-0.3031f,-0.037f,0.25f,0.0311f,-0.217f,0.9757f,1.3168f,-0.3037f,0.9279f,0.2161f,0.1041f,0f,0f,0f,1f],start_interpolation: 0,interpolation_duration: 1}
$data merge entity $(bone_right_arm1) {transformation: [-0.9523f,0.2654f,-0.1509f,-0.25f,-0.1995f,-0.1667f,0.9656f,1.3168f,0.2311f,0.9496f,0.2117f,0.1041f,0f,0f,0f,1f],start_interpolation: 0,interpolation_duration: 1}
data modify entity @s data merge value {"cameras":{},"locators":{"mouse":{"posx":-4.6765189703934084e-17,"posy":1.4594923100866222,"posz":0.3818667532262676,"roty":0,"rotx":1.927536231884063},"left_arm":{"posx":0.517869191957873,"posy":1.4640546470421139,"posz":-0.5148680911105744,"roty":189.7263203461573,"rotx":77.3369320246232},"right_arm":{"posx":-0.49197504111153745,"posy":1.4189712156441394,"posz":-0.5343097751396275,"roty":215.4850386660365,"rotx":74.92895611765638}}}