# This file was generated by Animated Java via MC-Build. It is not recommended to edit this file directly.
$data merge entity $(bone_eyes) {transformation: [-1f,0f,0f,-0.0156f,0f,0.9995f,0.0328f,1.7099f,0f,0.0328f,-0.9995f,0.3893f,0f,0f,0f,1f],start_interpolation: 0,interpolation_duration: 1}
$data merge entity $(bone_head) {transformation: [-1f,0f,0f,0f,0f,0.9995f,0.0328f,1.3746f,0f,0.0328f,-0.9995f,0.1269f,0f,0f,0f,1f],start_interpolation: 0,interpolation_duration: 1}
$data merge entity $(bone_fabric_overray) {transformation: [-1f,0f,0f,0f,0f,0.4343f,0.9008f,1.3746f,0f,0.9008f,-0.4343f,0.1269f,0f,0f,0f,1f],start_interpolation: 0,interpolation_duration: 1}
$data merge entity $(bone_fabric) {transformation: [-1f,0f,0f,0f,0f,0.4343f,0.9008f,1.3746f,0f,0.9008f,-0.4343f,0.1269f,0f,0f,0f,1f],start_interpolation: 0,interpolation_duration: 1}
$data merge entity $(bone_bone_overray) {transformation: [-1f,0f,0f,0f,0f,0.5192f,0.8547f,1.3746f,0f,0.8547f,-0.5192f,0.1269f,0f,0f,0f,1f],start_interpolation: 0,interpolation_duration: 1}
$data merge entity $(bone_bone) {transformation: [-1f,0f,0f,0f,0f,0.5192f,0.8547f,1.3746f,0f,0.8547f,-0.5192f,0.1269f,0f,0f,0f,1f],start_interpolation: 0,interpolation_duration: 1}
$data merge entity $(bone_left_arm1) {transformation: [-0.9529f,-0.3016f,-0.0315f,0.25f,0.029f,-0.1942f,0.9805f,1.3171f,-0.3018f,0.9335f,0.1938f,0.1025f,0f,0f,0f,1f],start_interpolation: 0,interpolation_duration: 1}
$data merge entity $(bone_right_arm1) {transformation: [-0.9529f,0.2609f,-0.1545f,-0.25f,-0.1968f,-0.1446f,0.9697f,1.3171f,0.2307f,0.9545f,0.1892f,0.1025f,0f,0f,0f,1f],start_interpolation: 0,interpolation_duration: 1}
data modify entity @s data merge value {"cameras":{},"locators":{"mouse":{"posx":-4.6522112992600856e-17,"posy":1.4601166068418996,"posz":0.37988188124928235,"roty":0,"rotx":1.8768115942028973},"left_arm":{"posx":0.5168908451515561,"posy":1.448732808354269,"posz":-0.5203441391515026,"roty":189.24300662254348,"rotx":78.67875780020512},"right_arm":{"posx":-0.48894678879386844,"posy":1.4041998398118483,"posz":-0.5392259959390898,"roty":219.2317478423936,"rotx":75.8641983201357}}}