# This file was generated by Animated Java via MC-Build. It is not recommended to edit this file directly.
$data merge entity $(bone_eyes) {transformation: [-1f,0f,0f,-0.0156f,0f,0.9995f,0.0319f,1.7106f,0f,0.0319f,-0.9995f,0.3871f,0f,0f,0f,1f],start_interpolation: 0,interpolation_duration: 1}
$data merge entity $(bone_head) {transformation: [-1f,0f,0f,0f,0f,0.9995f,0.0319f,1.375f,0f,0.0319f,-0.9995f,0.125f,0f,0f,0f,1f],start_interpolation: 0,interpolation_duration: 1}
$data merge entity $(bone_fabric_overray) {transformation: [-1f,0f,0f,0f,0f,0.4506f,0.8928f,1.375f,0f,0.8928f,-0.4506f,0.125f,0f,0f,0f,1f],start_interpolation: 0,interpolation_duration: 1}
$data merge entity $(bone_fabric) {transformation: [-1f,0f,0f,0f,0f,0.4506f,0.8928f,1.375f,0f,0.8928f,-0.4506f,0.125f,0f,0f,0f,1f],start_interpolation: 0,interpolation_duration: 1}
$data merge entity $(bone_bone_overray) {transformation: [-1f,0f,0f,0f,0f,0.5383f,0.8427f,1.375f,0f,0.8427f,-0.5383f,0.125f,0f,0f,0f,1f],start_interpolation: 0,interpolation_duration: 1}
$data merge entity $(bone_bone) {transformation: [-1f,0f,0f,0f,0f,0.5383f,0.8427f,1.375f,0f,0.8427f,-0.5383f,0.125f,0f,0f,0f,1f],start_interpolation: 0,interpolation_duration: 1}
$data merge entity $(bone_left_arm1) {transformation: [-0.9537f,-0.2996f,-0.0262f,0.25f,0.0269f,-0.1717f,0.9848f,1.3173f,-0.2995f,0.9385f,0.1718f,0.101f,0f,0f,0f,1f],start_interpolation: 0,interpolation_duration: 1}
$data merge entity $(bone_right_arm1) {transformation: [-0.9537f,0.2562f,-0.1575f,-0.25f,-0.1938f,-0.1231f,0.9733f,1.3173f,0.2299f,0.9588f,0.167f,0.101f,0f,0f,0f,1f],start_interpolation: 0,interpolation_duration: 1}
data modify entity @s data merge value {"cameras":{},"locators":{"mouse":{"posx":-4.6278716276728956e-17,"posy":1.4607291419563386,"posz":0.37789439623693954,"roty":0,"rotx":1.8260869565217412},"left_arm":{"posx":0.5155558565879069,"posy":1.4336648915179435,"posz":-0.5255110838402853,"roty":188.67378558921493,"rotx":79.99204926883861},"right_arm":{"posx":-0.48571240188131737,"posy":1.38979641508613,"posz":-0.5437952068785816,"roty":223.3237291208069,"rotx":76.72837856070129}}}