# This file was generated by Animated Java via MC-Build. It is not recommended to edit this file directly.
$data merge entity $(bone_eyes) {transformation: [-1f,0f,0f,-0.0156f,0f,0.9995f,0.031f,1.7112f,0f,0.031f,-0.9995f,0.3849f,0f,0f,0f,1f],start_interpolation: 0,interpolation_duration: 1}
$data merge entity $(bone_head) {transformation: [-1f,0f,0f,0f,0f,0.9995f,0.031f,1.3754f,0f,0.031f,-0.9995f,0.1231f,0f,0f,0f,1f],start_interpolation: 0,interpolation_duration: 1}
$data merge entity $(bone_fabric_overray) {transformation: [-1f,0f,0f,0f,0f,0.4674f,0.8841f,1.3754f,0f,0.8841f,-0.4674f,0.1231f,0f,0f,0f,1f],start_interpolation: 0,interpolation_duration: 1}
$data merge entity $(bone_fabric) {transformation: [-1f,0f,0f,0f,0f,0.4674f,0.8841f,1.3754f,0f,0.8841f,-0.4674f,0.1231f,0f,0f,0f,1f],start_interpolation: 0,interpolation_duration: 1}
$data merge entity $(bone_bone_overray) {transformation: [-1f,0f,0f,0f,0f,0.5576f,0.8301f,1.3754f,0f,0.8301f,-0.5576f,0.1231f,0f,0f,0f,1f],start_interpolation: 0,interpolation_duration: 1}
$data merge entity $(bone_bone) {transformation: [-1f,0f,0f,0f,0f,0.5576f,0.8301f,1.3754f,0f,0.8301f,-0.5576f,0.1231f,0f,0f,0f,1f],start_interpolation: 0,interpolation_duration: 1}
$data merge entity $(bone_left_arm1) {transformation: [-0.9547f,-0.2969f,-0.0206f,0.25f,0.0247f,-0.148f,0.9887f,1.3175f,-0.2966f,0.9434f,0.1486f,0.0994f,0f,0f,0f,1f],start_interpolation: 0,interpolation_duration: 1}
$data merge entity $(bone_right_arm1) {transformation: [-0.9546f,0.251f,-0.1603f,-0.25f,-0.1906f,-0.1014f,0.9764f,1.3175f,0.2288f,0.9627f,0.1446f,0.0994f,0f,0f,0f,1f],start_interpolation: 0,interpolation_duration: 1}
data modify entity @s data merge value {"cameras":{},"locators":{"mouse":{"posx":-4.6035008335869124e-17,"posy":1.4613299006919969,"posz":0.3759043698797113,"roty":0,"rotx":1.7753623188405874},"left_arm":{"posx":0.5137931133771922,"posy":1.4177384714397452,"posz":-0.5305988701073286,"roty":187.88521643752324,"rotx":81.37037999986866},"right_arm":{"posx":-0.4822210434104948,"posy":1.3753074261624907,"posz":-0.5481035915323078,"roty":227.94273227056573,"rotx":77.53467831077624}}}