# This file was generated by Animated Java via MC-Build. It is not recommended to edit this file directly.
$data merge entity $(bone_eyes) {transformation: [-1f,0f,0f,-0.0156f,0f,0.9995f,0.0301f,1.7118f,0f,0.0301f,-0.9995f,0.3827f,0f,0f,0f,1f],start_interpolation: 0,interpolation_duration: 1}
$data merge entity $(bone_head) {transformation: [-1f,0f,0f,0f,0f,0.9995f,0.0301f,1.3757f,0f,0.0301f,-0.9995f,0.1212f,0f,0f,0f,1f],start_interpolation: 0,interpolation_duration: 1}
$data merge entity $(bone_fabric_overray) {transformation: [-1f,0f,0f,0f,0f,0.4847f,0.8747f,1.3757f,0f,0.8747f,-0.4847f,0.1212f,0f,0f,0f,1f],start_interpolation: 0,interpolation_duration: 1}
$data merge entity $(bone_fabric) {transformation: [-1f,0f,0f,0f,0f,0.4847f,0.8747f,1.3757f,0f,0.8747f,-0.4847f,0.1212f,0f,0f,0f,1f],start_interpolation: 0,interpolation_duration: 1}
$data merge entity $(bone_bone_overray) {transformation: [-1f,0f,0f,0f,0f,0.577f,0.8168f,1.3757f,0f,0.8168f,-0.577f,0.1212f,0f,0f,0f,1f],start_interpolation: 0,interpolation_duration: 1}
$data merge entity $(bone_bone) {transformation: [-1f,0f,0f,0f,0f,0.577f,0.8168f,1.3757f,0f,0.8168f,-0.577f,0.1212f,0f,0f,0f,1f],start_interpolation: 0,interpolation_duration: 1}
$data merge entity $(bone_left_arm1) {transformation: [-0.9559f,-0.2935f,-0.0142f,0.25f,0.0225f,-0.1214f,0.9923f,1.3178f,-0.293f,0.9482f,0.1227f,0.0979f,0f,0f,0f,1f],start_interpolation: 0,interpolation_duration: 1}
$data merge entity $(bone_right_arm1) {transformation: [-0.9557f,0.2449f,-0.1631f,-0.25f,-0.187f,-0.0773f,0.9793f,1.3178f,0.2272f,0.9665f,0.1197f,0.0979f,0f,0f,0f,1f],start_interpolation: 0,interpolation_duration: 1}
data modify entity @s data merge value {"cameras":{},"locators":{"mouse":{"posx":-4.5790997960343294e-17,"posy":1.4619188687497304,"posz":0.37391187395602365,"roty":0,"rotx":1.724637681159426},"left_arm":{"posx":0.5115270472401813,"posy":1.3998348717048106,"posz":-0.5357173816960829,"roty":186.61050947269004,"rotx":82.90540526794103},"right_arm":{"posx":-0.4780964374677324,"posy":1.3592101119759707,"posz":-0.5523761170251593,"roty":233.7407376215803,"rotx":78.32711943031757}}}