# This file was generated by Animated Java via MC-Build. It is not recommended to edit this file directly.
$data merge entity $(bone_eyes) {transformation: [-1f,0f,0f,-0.0156f,0f,0.9996f,0.0292f,1.7124f,0f,0.0292f,-0.9996f,0.3805f,0f,0f,0f,1f],start_interpolation: 0,interpolation_duration: 1}
$data merge entity $(bone_head) {transformation: [-1f,0f,0f,0f,0f,0.9996f,0.0292f,1.3761f,0f,0.0292f,-0.9996f,0.1193f,0f,0f,0f,1f],start_interpolation: 0,interpolation_duration: 1}
$data merge entity $(bone_fabric_overray) {transformation: [-1f,0f,0f,0f,0f,0.5025f,0.8646f,1.3761f,0f,0.8646f,-0.5025f,0.1193f,0f,0f,0f,1f],start_interpolation: 0,interpolation_duration: 1}
$data merge entity $(bone_fabric) {transformation: [-1f,0f,0f,0f,0f,0.5025f,0.8646f,1.3761f,0f,0.8646f,-0.5025f,0.1193f,0f,0f,0f,1f],start_interpolation: 0,interpolation_duration: 1}
$data merge entity $(bone_bone_overray) {transformation: [-1f,0f,0f,0f,0f,0.5964f,0.8027f,1.3761f,0f,0.8027f,-0.5964f,0.1193f,0f,0f,0f,1f],start_interpolation: 0,interpolation_duration: 1}
$data merge entity $(bone_bone) {transformation: [-1f,0f,0f,0f,0f,0.5964f,0.8027f,1.3761f,0f,0.8027f,-0.5964f,0.1193f,0f,0f,0f,1f],start_interpolation: 0,interpolation_duration: 1}
$data merge entity $(bone_left_arm1) {transformation: [-0.9572f,-0.2893f,-0.0072f,0.25f,0.0203f,-0.0921f,0.9955f,1.318f,-0.2887f,0.9528f,0.0941f,0.0963f,0f,0f,0f,1f],start_interpolation: 0,interpolation_duration: 1}
$data merge entity $(bone_right_arm1) {transformation: [-0.957f,0.2379f,-0.1661f,-0.25f,-0.183f,-0.051f,0.9818f,1.318f,0.2251f,0.97f,0.0923f,0.0963f,0f,0f,0f,1f],start_interpolation: 0,interpolation_duration: 1}
data modify entity @s data merge value {"cameras":{},"locators":{"mouse":{"posx":-4.5546693950915593e-17,"posy":1.4624960322697218,"posz":0.3719169803295691,"roty":0,"rotx":1.6739130434782614},"left_arm":{"posx":0.5087442309346757,"posy":1.3800489575506194,"posz":-0.5406889774391354,"roty":184.3927313381041,"rotx":84.58511902257872},"right_arm":{"posx":-0.4733706139571077,"posy":1.3415731656791767,"posz":-0.5564678583886217,"roty":240.92678427873466,"rotx":79.04681052447603}}}