# This file was generated by Animated Java via MC-Build. It is not recommended to edit this file directly.
$data merge entity $(bone_eyes) {transformation: [-1f,0f,0f,-0.0156f,0f,0.9996f,0.0283f,1.7129f,0f,0.0283f,-0.9996f,0.3783f,0f,0f,0f,1f],start_interpolation: 0,interpolation_duration: 1}
$data merge entity $(bone_head) {transformation: [-1f,0f,0f,0f,0f,0.9996f,0.0283f,1.3764f,0f,0.0283f,-0.9996f,0.1174f,0f,0f,0f,1f],start_interpolation: 0,interpolation_duration: 1}
$data merge entity $(bone_fabric_overray) {transformation: [-1f,0f,0f,0f,0f,0.5207f,0.8537f,1.3764f,0f,0.8537f,-0.5207f,0.1174f,0f,0f,0f,1f],start_interpolation: 0,interpolation_duration: 1}
$data merge entity $(bone_fabric) {transformation: [-1f,0f,0f,0f,0f,0.5207f,0.8537f,1.3764f,0f,0.8537f,-0.5207f,0.1174f,0f,0f,0f,1f],start_interpolation: 0,interpolation_duration: 1}
$data merge entity $(bone_bone_overray) {transformation: [-1f,0f,0f,0f,0f,0.6157f,0.788f,1.3764f,0f,0.788f,-0.6157f,0.1174f,0f,0f,0f,1f],start_interpolation: 0,interpolation_duration: 1}
$data merge entity $(bone_bone) {transformation: [-1f,0f,0f,0f,0f,0.6157f,0.788f,1.3764f,0f,0.788f,-0.6157f,0.1174f,0f,0f,0f,1f],start_interpolation: 0,interpolation_duration: 1}
$data merge entity $(bone_left_arm1) {transformation: [-0.9587f,-0.2844f,0.0003f,0.25f,0.0182f,-0.0603f,0.998f,1.3182f,-0.2838f,0.9568f,0.063f,0.0947f,0f,0f,0f,1f],start_interpolation: 0,interpolation_duration: 1}
$data merge entity $(bone_right_arm1) {transformation: [-0.9584f,0.2301f,-0.1689f,-0.25f,-0.1788f,-0.0225f,0.9836f,1.3182f,0.2225f,0.9729f,0.0627f,0.0947f,0f,0f,0f,1f],start_interpolation: 0,interpolation_duration: 1}
data modify entity @s data merge value {"cameras":{},"locators":{"mouse":{"posx":-4.5302105118462756e-17,"posy":1.4630613778319947,"posz":0.3699197609466162,"roty":0,"rotx":1.6231884057970976},"left_arm":{"posx":0.5054327668233605,"posy":1.3584844543755705,"posz":-0.545331945732934,"roty":179.76333328012655,"rotx":86.39001126603522},"right_arm":{"posx":-0.4680787681589281,"posy":1.322471239431052,"posz":-0.5602305771582857,"roty":249.63501095269078,"rotx":79.61853641213479}}}