# This file was generated by Animated Java via MC-Build. It is not recommended to edit this file directly.
$data merge entity $(bone_eyes) {transformation: [-1f,0f,0f,-0.0156f,0f,0.9996f,0.0274f,1.7135f,0f,0.0274f,-0.9996f,0.376f,0f,0f,0f,1f],start_interpolation: 0,interpolation_duration: 1}
$data merge entity $(bone_head) {transformation: [-1f,0f,0f,0f,0f,0.9996f,0.0274f,1.3768f,0f,0.0274f,-0.9996f,0.1154f,0f,0f,0f,1f],start_interpolation: 0,interpolation_duration: 1}
$data merge entity $(bone_fabric_overray) {transformation: [-1f,0f,0f,0f,0f,0.5392f,0.8422f,1.3768f,0f,0.8422f,-0.5392f,0.1154f,0f,0f,0f,1f],start_interpolation: 0,interpolation_duration: 1}
$data merge entity $(bone_fabric) {transformation: [-1f,0f,0f,0f,0f,0.5392f,0.8422f,1.3768f,0f,0.8422f,-0.5392f,0.1154f,0f,0f,0f,1f],start_interpolation: 0,interpolation_duration: 1}
$data merge entity $(bone_bone_overray) {transformation: [-1f,0f,0f,0f,0f,0.635f,0.7725f,1.3768f,0f,0.7725f,-0.635f,0.1154f,0f,0f,0f,1f],start_interpolation: 0,interpolation_duration: 1}
$data merge entity $(bone_bone) {transformation: [-1f,0f,0f,0f,0f,0.635f,0.7725f,1.3768f,0f,0.7725f,-0.635f,0.1154f,0f,0f,0f,1f],start_interpolation: 0,interpolation_duration: 1}
$data merge entity $(bone_left_arm1) {transformation: [-0.9604f,-0.2786f,0.0081f,0.25f,0.016f,-0.026f,0.9995f,1.3184f,-0.2783f,0.96f,0.0295f,0.0932f,0f,0f,0f,1f],start_interpolation: 0,interpolation_duration: 1}
$data merge entity $(bone_right_arm1) {transformation: [-0.9599f,0.2215f,-0.1717f,-0.25f,-0.1742f,0.008f,0.9847f,1.3184f,0.2194f,0.9751f,0.0309f,0.0932f,0f,0f,0f,1f],start_interpolation: 0,interpolation_duration: 1}
data modify entity @s data merge value {"cameras":{},"locators":{"mouse":{"posx":-4.505724028364434e-17,"posy":1.4636148924569088,"posz":0.367920287833316,"roty":0,"rotx":1.572463768115937},"left_arm":{"posx":0.5015839754583736,"posy":1.3352553318466516,"posz":-0.5494634806039955,"roty":164.5971874700607,"rotx":88.24940178807827},"right_arm":{"posx":-0.46225979992024074,"posy":1.3019860624386692,"posz":-0.5635149862750662,"roty":259.78562606045466,"rotx":79.95457813937672}}}