# This file was generated by Animated Java via MC-Build. It is not recommended to edit this file directly.
$data merge entity $(bone_eyes) {transformation: [-1f,0f,0f,-0.0156f,0f,0.9996f,0.0266f,1.714f,0f,0.0266f,-0.9996f,0.3738f,0f,0f,0f,1f],start_interpolation: 0,interpolation_duration: 1}
$data merge entity $(bone_head) {transformation: [-1f,0f,0f,0f,0f,0.9996f,0.0266f,1.3771f,0f,0.0266f,-0.9996f,0.1135f,0f,0f,0f,1f],start_interpolation: 0,interpolation_duration: 1}
$data merge entity $(bone_fabric_overray) {transformation: [-1f,0f,0f,0f,0f,0.558f,0.8298f,1.3771f,0f,0.8298f,-0.558f,0.1135f,0f,0f,0f,1f],start_interpolation: 0,interpolation_duration: 1}
$data merge entity $(bone_fabric) {transformation: [-1f,0f,0f,0f,0f,0.558f,0.8298f,1.3771f,0f,0.8298f,-0.558f,0.1135f,0f,0f,0f,1f],start_interpolation: 0,interpolation_duration: 1}
$data merge entity $(bone_bone_overray) {transformation: [-1f,0f,0f,0f,0f,0.6541f,0.7564f,1.3771f,0f,0.7564f,-0.6541f,0.1135f,0f,0f,0f,1f],start_interpolation: 0,interpolation_duration: 1}
$data merge entity $(bone_bone) {transformation: [-1f,0f,0f,0f,0f,0.6541f,0.7564f,1.3771f,0f,0.7564f,-0.6541f,0.1135f,0f,0f,0f,1f],start_interpolation: 0,interpolation_duration: 1}
$data merge entity $(bone_left_arm1) {transformation: [-0.9621f,-0.2721f,0.0162f,0.25f,0.0139f,0.0105f,0.9998f,1.3185f,-0.2722f,0.9622f,-0.0063f,0.0916f,0f,0f,0f,1f],start_interpolation: 0,interpolation_duration: 1}
$data merge entity $(bone_right_arm1) {transformation: [-0.9616f,0.2122f,-0.1742f,-0.25f,-0.1694f,0.0404f,0.9847f,1.3185f,0.2159f,0.9764f,-0.0029f,0.0916f,0f,0f,0f,1f],start_interpolation: 0,interpolation_duration: 1}
data modify entity @s data merge value {"cameras":{},"locators":{"mouse":{"posx":-4.481210827657236e-17,"posy":1.4641565636056402,"posz":0.3659186330930052,"roty":0,"rotx":1.521739130434788},"left_arm":{"posx":0.497193909786037,"posy":1.3104868311652056,"posz":-0.5529027033827856,"roty":68.78404571500073,"rotx":89.00436958586454},"right_arm":{"posx":-0.45595672444011226,"posy":1.2802073437495474,"posz":-0.5661730347232867,"roty":270.9419831675793,"rotx":79.9692270468718}}}