# This file was generated by Animated Java via MC-Build. It is not recommended to edit this file directly.
$data merge entity $(bone_eyes) {transformation: [-1f,0f,0f,-0.0156f,0f,0.9997f,0.0257f,1.7146f,0f,0.0257f,-0.9997f,0.3716f,0f,0f,0f,1f],start_interpolation: 0,interpolation_duration: 1}
$data merge entity $(bone_head) {transformation: [-1f,0f,0f,0f,0f,0.9997f,0.0257f,1.3774f,0f,0.0257f,-0.9997f,0.1116f,0f,0f,0f,1f],start_interpolation: 0,interpolation_duration: 1}
$data merge entity $(bone_fabric_overray) {transformation: [-1f,0f,0f,0f,0f,0.577f,0.8168f,1.3774f,0f,0.8168f,-0.577f,0.1116f,0f,0f,0f,1f],start_interpolation: 0,interpolation_duration: 1}
$data merge entity $(bone_fabric) {transformation: [-1f,0f,0f,0f,0f,0.577f,0.8168f,1.3774f,0f,0.8168f,-0.577f,0.1116f,0f,0f,0f,1f],start_interpolation: 0,interpolation_duration: 1}
$data merge entity $(bone_bone_overray) {transformation: [-1f,0f,0f,0f,0f,0.6729f,0.7397f,1.3774f,0f,0.7397f,-0.6729f,0.1116f,0f,0f,0f,1f],start_interpolation: 0,interpolation_duration: 1}
$data merge entity $(bone_bone) {transformation: [-1f,0f,0f,0f,0f,0.6729f,0.7397f,1.3774f,0f,0.7397f,-0.6729f,0.1116f,0f,0f,0f,1f],start_interpolation: 0,interpolation_duration: 1}
$data merge entity $(bone_left_arm1) {transformation: [-0.964f,-0.2647f,0.0244f,0.25f,0.0118f,0.049f,0.9987f,1.3187f,-0.2656f,0.9631f,-0.0441f,0.09f,0f,0f,0f,1f],start_interpolation: 0,interpolation_duration: 1}
$data merge entity $(bone_right_arm1) {transformation: [-0.9633f,0.2022f,-0.1763f,-0.25f,-0.1644f,0.0745f,0.9836f,1.3187f,0.212f,0.9765f,-0.0385f,0.09f,0f,0f,0f,1f],start_interpolation: 0,interpolation_duration: 1}
data modify entity @s data merge value {"cameras":{},"locators":{"mouse":{"posx":-4.45667179364808e-17,"posy":1.4646863791806453,"posz":0.36391486890350655,"roty":0,"rotx":1.4710144927536215},"left_arm":{"posx":0.4922646573455639,"posy":1.2843160936436513,"posz":-0.555473714502187,"roty":28.94410945036256,"rotx":87.11280912221267},"right_arm":{"posx":-0.44921693036997934,"posy":1.2572334345767886,"posz":-0.5680602025553064,"roty":282.3242229812755,"rotx":79.6026728062631}}}