# This file was generated by Animated Java via MC-Build. It is not recommended to edit this file directly.
$data merge entity $(bone_eyes) {transformation: [-1f,0f,0f,-0.0156f,0f,0.9997f,0.0248f,1.7151f,0f,0.0248f,-0.9997f,0.3694f,0f,0f,0f,1f],start_interpolation: 0,interpolation_duration: 1}
$data merge entity $(bone_head) {transformation: [-1f,0f,0f,0f,0f,0.9997f,0.0248f,1.3777f,0f,0.0248f,-0.9997f,0.1097f,0f,0f,0f,1f],start_interpolation: 0,interpolation_duration: 1}
$data merge entity $(bone_fabric_overray) {transformation: [-1f,0f,0f,0f,0f,0.596f,0.803f,1.3777f,0f,0.803f,-0.596f,0.1097f,0f,0f,0f,1f],start_interpolation: 0,interpolation_duration: 1}
$data merge entity $(bone_fabric) {transformation: [-1f,0f,0f,0f,0f,0.596f,0.803f,1.3777f,0f,0.803f,-0.596f,0.1097f,0f,0f,0f,1f],start_interpolation: 0,interpolation_duration: 1}
$data merge entity $(bone_bone_overray) {transformation: [-1f,0f,0f,0f,0f,0.6916f,0.7223f,1.3777f,0f,0.7223f,-0.6916f,0.1097f,0f,0f,0f,1f],start_interpolation: 0,interpolation_duration: 1}
$data merge entity $(bone_bone) {transformation: [-1f,0f,0f,0f,0f,0.6916f,0.7223f,1.3777f,0f,0.7223f,-0.6916f,0.1097f,0f,0f,0f,1f],start_interpolation: 0,interpolation_duration: 1}
$data merge entity $(bone_left_arm1) {transformation: [-0.966f,-0.2566f,0.0325f,0.25f,0.0098f,0.0893f,0.996f,1.3189f,-0.2585f,0.9624f,-0.0837f,0.0885f,0f,0f,0f,1f],start_interpolation: 0,interpolation_duration: 1}
$data merge entity $(bone_right_arm1) {transformation: [-0.9652f,0.1917f,-0.1781f,-0.25f,-0.1591f,0.1102f,0.9811f,1.3189f,0.2077f,0.9753f,-0.0759f,0.0885f,0f,0f,0f,1f],start_interpolation: 0,interpolation_duration: 1}
data modify entity @s data merge value {"cameras":{},"locators":{"mouse":{"posx":-4.432107811139464e-17,"posy":1.465204327526107,"posz":0.361909067514427,"roty":0,"rotx":1.4202898550724692},"left_arm":{"posx":0.48680539762305786,"posy":1.2568923603661912,"posz":-0.5570086453384081,"roty":21.2229345299898,"rotx":84.84718725117861},"right_arm":{"posx":-0.44209226744023966,"posy":1.2331717291136561,"posz":-0.5690377885107414,"roty":293.0786454830807,"rotx":78.83993017084683}}}