# This file was generated by Animated Java via MC-Build. It is not recommended to edit this file directly.
$data merge entity $(bone_eyes) {transformation: [-1f,0f,0f,-0.0156f,0f,0.9997f,0.0239f,1.7156f,0f,0.0239f,-0.9997f,0.3671f,0f,0f,0f,1f],start_interpolation: 0,interpolation_duration: 1}
$data merge entity $(bone_head) {transformation: [-1f,0f,0f,0f,0f,0.9997f,0.0239f,1.378f,0f,0.0239f,-0.9997f,0.1077f,0f,0f,0f,1f],start_interpolation: 0,interpolation_duration: 1}
$data merge entity $(bone_fabric_overray) {transformation: [-1f,0f,0f,0f,0f,0.6151f,0.7884f,1.378f,0f,0.7884f,-0.6151f,0.1077f,0f,0f,0f,1f],start_interpolation: 0,interpolation_duration: 1}
$data merge entity $(bone_fabric) {transformation: [-1f,0f,0f,0f,0f,0.6151f,0.7884f,1.378f,0f,0.7884f,-0.6151f,0.1077f,0f,0f,0f,1f],start_interpolation: 0,interpolation_duration: 1}
$data merge entity $(bone_bone_overray) {transformation: [-1f,0f,0f,0f,0f,0.7098f,0.7044f,1.378f,0f,0.7044f,-0.7098f,0.1077f,0f,0f,0f,1f],start_interpolation: 0,interpolation_duration: 1}
$data merge entity $(bone_bone) {transformation: [-1f,0f,0f,0f,0f,0.7098f,0.7044f,1.378f,0f,0.7044f,-0.7098f,0.1077f,0f,0f,0f,1f],start_interpolation: 0,interpolation_duration: 1}
$data merge entity $(bone_left_arm1) {transformation: [-0.968f,-0.2478f,0.0405f,0.25f,0.0079f,0.1312f,0.9913f,1.319f,-0.2509f,0.9599f,-0.125f,0.0869f,0f,0f,0f,1f],start_interpolation: 0,interpolation_duration: 1}
$data merge entity $(bone_right_arm1) {transformation: [-0.9671f,0.1807f,-0.1793f,-0.25f,-0.1536f,0.1473f,0.9771f,1.319f,0.2029f,0.9724f,-0.1147f,0.0869f,0f,0f,0f,1f],start_interpolation: 0,interpolation_duration: 1}
data modify entity @s data merge value {"cameras":{},"locators":{"mouse":{"posx":-4.40751976577986e-17,"posy":1.465710397428366,"posz":0.35990130124445247,"roty":0,"rotx":1.369565217391304},"left_arm":{"posx":0.4808331873822005,"posy":1.228376725193751,"posz":-0.5573506672494747,"roty":17.939506829140043,"rotx":82.45015109042632},"right_arm":{"posx":-0.43463895248720485,"posy":1.2081387875935965,"posz":-0.5689751648626311,"roty":302.61234279174766,"rotx":77.70917908937034}}}