# This file was generated by Animated Java via MC-Build. It is not recommended to edit this file directly.
$data merge entity $(bone_eyes) {transformation: [-1f,0f,0f,-0.0156f,0f,0.9997f,0.023f,1.7161f,0f,0.023f,-0.9997f,0.3649f,0f,0f,0f,1f],start_interpolation: 0,interpolation_duration: 1}
$data merge entity $(bone_head) {transformation: [-1f,0f,0f,0f,0f,0.9997f,0.023f,1.3782f,0f,0.023f,-0.9997f,0.1058f,0f,0f,0f,1f],start_interpolation: 0,interpolation_duration: 1}
$data merge entity $(bone_fabric_overray) {transformation: [-1f,0f,0f,0f,0f,0.6342f,0.7731f,1.3782f,0f,0.7731f,-0.6342f,0.1058f,0f,0f,0f,1f],start_interpolation: 0,interpolation_duration: 1}
$data merge entity $(bone_fabric) {transformation: [-1f,0f,0f,0f,0f,0.6342f,0.7731f,1.3782f,0f,0.7731f,-0.6342f,0.1058f,0f,0f,0f,1f],start_interpolation: 0,interpolation_duration: 1}
$data merge entity $(bone_bone_overray) {transformation: [-1f,0f,0f,0f,0f,0.7278f,0.6858f,1.3782f,0f,0.6858f,-0.7278f,0.1058f,0f,0f,0f,1f],start_interpolation: 0,interpolation_duration: 1}
$data merge entity $(bone_bone) {transformation: [-1f,0f,0f,0f,0f,0.7278f,0.6858f,1.3782f,0f,0.6858f,-0.7278f,0.1058f,0f,0f,0f,1f],start_interpolation: 0,interpolation_duration: 1}
$data merge entity $(bone_left_arm1) {transformation: [-0.97f,-0.2382f,0.0481f,0.25f,0.006f,0.1743f,0.9847f,1.3192f,-0.2429f,0.9554f,-0.1677f,0.0853f,0f,0f,0f,1f],start_interpolation: 0,interpolation_duration: 1}
$data merge entity $(bone_right_arm1) {transformation: [-0.969f,0.1692f,-0.18f,-0.25f,-0.148f,0.1857f,0.9714f,1.3192f,0.1978f,0.9679f,-0.1549f,0.0853f,0f,0f,0f,1f],start_interpolation: 0,interpolation_duration: 1}
data modify entity @s data merge value {"cameras":{},"locators":{"mouse":{"posx":-4.3829085440305506e-17,"posy":1.4662045781163326,"posz":0.35789164247863975,"roty":0,"rotx":1.3188405797101417},"left_arm":{"posx":0.47437345346720294,"posy":1.1989414365800388,"posz":-0.5563569045804172,"roty":16.011756161191045,"rotx":79.95338472199379},"right_arm":{"posx":-0.4269172895429697,"posy":1.1822601708300229,"posz":-0.5677519677125,"roty":310.7139250832384,"rotx":76.26285193374909}}}