# This file was generated by Animated Java via MC-Build. It is not recommended to edit this file directly.
$data merge entity $(bone_eyes) {transformation: [-1f,0f,0f,-0.0156f,0f,0.9998f,0.0221f,1.7166f,0f,0.0221f,-0.9998f,0.3627f,0f,0f,0f,1f],start_interpolation: 0,interpolation_duration: 1}
$data merge entity $(bone_head) {transformation: [-1f,0f,0f,0f,0f,0.9998f,0.0221f,1.3785f,0f,0.0221f,-0.9998f,0.1039f,0f,0f,0f,1f],start_interpolation: 0,interpolation_duration: 1}
$data merge entity $(bone_fabric_overray) {transformation: [-1f,0f,0f,0f,0f,0.6533f,0.7571f,1.3785f,0f,0.7571f,-0.6533f,0.1039f,0f,0f,0f,1f],start_interpolation: 0,interpolation_duration: 1}
$data merge entity $(bone_fabric) {transformation: [-1f,0f,0f,0f,0f,0.6533f,0.7571f,1.3785f,0f,0.7571f,-0.6533f,0.1039f,0f,0f,0f,1f],start_interpolation: 0,interpolation_duration: 1}
$data merge entity $(bone_bone_overray) {transformation: [-1f,0f,0f,0f,0f,0.7453f,0.6668f,1.3785f,0f,0.6668f,-0.7453f,0.1039f,0f,0f,0f,1f],start_interpolation: 0,interpolation_duration: 1}
$data merge entity $(bone_bone) {transformation: [-1f,0f,0f,0f,0f,0.7453f,0.6668f,1.3785f,0f,0.6668f,-0.7453f,0.1039f,0f,0f,0f,1f],start_interpolation: 0,interpolation_duration: 1}
$data merge entity $(bone_left_arm1) {transformation: [-0.9721f,-0.2279f,0.0553f,0.25f,0.0043f,0.2186f,0.9758f,1.3193f,-0.2345f,0.9488f,-0.2115f,0.0838f,0f,0f,0f,1f],start_interpolation: 0,interpolation_duration: 1}
$data merge entity $(bone_right_arm1) {transformation: [-0.971f,0.1575f,-0.18f,-0.25f,-0.1422f,0.2251f,0.9639f,1.3193f,0.1924f,0.9615f,-0.1962f,0.0838f,0f,0f,0f,1f],start_interpolation: 0,interpolation_duration: 1}
data modify entity @s data merge value {"cameras":{},"locators":{"mouse":{"posx":-4.3582750331324503e-17,"posy":1.4666868592618862,"posz":0.3558801636657076,"roty":0,"rotx":1.2681159420289878},"left_arm":{"posx":0.46746018026930714,"posy":1.1687687573289545,"posz":-0.553901190851961,"roty":14.661737111985673,"rotx":77.37146825358087},"right_arm":{"posx":-0.41899120646830657,"posy":1.1556699816134421,"posz":-0.5652601859748253,"roty":317.4523675383793,"rotx":74.55795513415805}}}