# This file was generated by Animated Java via MC-Build. It is not recommended to edit this file directly.
$data merge entity $(bone_eyes) {transformation: [-1f,0f,0f,-0.0156f,0f,0.9998f,0.0212f,1.7171f,0f,0.0212f,-0.9998f,0.3604f,0f,0f,0f,1f],start_interpolation: 0,interpolation_duration: 1}
$data merge entity $(bone_head) {transformation: [-1f,0f,0f,0f,0f,0.9998f,0.0212f,1.3787f,0f,0.0212f,-0.9998f,0.1019f,0f,0f,0f,1f],start_interpolation: 0,interpolation_duration: 1}
$data merge entity $(bone_fabric_overray) {transformation: [-1f,0f,0f,0f,0f,0.6721f,0.7404f,1.3787f,0f,0.7404f,-0.6721f,0.1019f,0f,0f,0f,1f],start_interpolation: 0,interpolation_duration: 1}
$data merge entity $(bone_fabric) {transformation: [-1f,0f,0f,0f,0f,0.6721f,0.7404f,1.3787f,0f,0.7404f,-0.6721f,0.1019f,0f,0f,0f,1f],start_interpolation: 0,interpolation_duration: 1}
$data merge entity $(bone_bone_overray) {transformation: [-1f,0f,0f,0f,0f,0.7623f,0.6472f,1.3787f,0f,0.6472f,-0.7623f,0.1019f,0f,0f,0f,1f],start_interpolation: 0,interpolation_duration: 1}
$data merge entity $(bone_bone) {transformation: [-1f,0f,0f,0f,0f,0.7623f,0.6472f,1.3787f,0f,0.6472f,-0.7623f,0.1019f,0f,0f,0f,1f],start_interpolation: 0,interpolation_duration: 1}
$data merge entity $(bone_left_arm1) {transformation: [-0.9742f,-0.2171f,0.062f,0.25f,0.0027f,0.2636f,0.9646f,1.3194f,-0.2258f,0.9399f,-0.2562f,0.0822f,0f,0f,0f,1f],start_interpolation: 0,interpolation_duration: 1}
$data merge entity $(bone_right_arm1) {transformation: [-0.9729f,0.1456f,-0.1794f,-0.25f,-0.1363f,0.2653f,0.9545f,1.3194f,0.1866f,0.9531f,-0.2383f,0.0822f,0f,0f,0f,1f],start_interpolation: 0,interpolation_duration: 1}
data modify entity @s data merge value {"cameras":{},"locators":{"mouse":{"posx":-4.333620121072877e-17,"posy":1.467157230980255,"posz":0.35386693731532326,"roty":0,"rotx":1.2173913043478284},"left_arm":{"posx":0.46013578764530094,"posy":1.1380494051835033,"posz":-0.5498766029838229,"roty":13.60521552772434,"rotx":74.71538407485528},"right_arm":{"posx":-0.4109276173145875,"posy":1.1285101150729429,"posz":-0.56140610895729,"roty":323.0231378715679,"rotx":72.64514948382178}}}