# This file was generated by Animated Java via MC-Build. It is not recommended to edit this file directly.
$data merge entity $(bone_eyes) {transformation: [-1f,0f,0f,-0.0156f,0f,0.9998f,0.0204f,1.7175f,0f,0.0204f,-0.9998f,0.3582f,0f,0f,0f,1f],start_interpolation: 0,interpolation_duration: 1}
$data merge entity $(bone_head) {transformation: [-1f,0f,0f,0f,0f,0.9998f,0.0204f,1.379f,0f,0.0204f,-0.9998f,0.1f,0f,0f,0f,1f],start_interpolation: 0,interpolation_duration: 1}
$data merge entity $(bone_fabric_overray) {transformation: [-1f,0f,0f,0f,0f,0.6908f,0.7231f,1.379f,0f,0.7231f,-0.6908f,0.1f,0f,0f,0f,1f],start_interpolation: 0,interpolation_duration: 1}
$data merge entity $(bone_fabric) {transformation: [-1f,0f,0f,0f,0f,0.6908f,0.7231f,1.379f,0f,0.7231f,-0.6908f,0.1f,0f,0f,0f,1f],start_interpolation: 0,interpolation_duration: 1}
$data merge entity $(bone_bone_overray) {transformation: [-1f,0f,0f,0f,0f,0.7788f,0.6273f,1.379f,0f,0.6273f,-0.7788f,0.1f,0f,0f,0f,1f],start_interpolation: 0,interpolation_duration: 1}
$data merge entity $(bone_bone) {transformation: [-1f,0f,0f,0f,0f,0.7788f,0.6273f,1.379f,0f,0.6273f,-0.7788f,0.1f,0f,0f,0f,1f],start_interpolation: 0,interpolation_duration: 1}
$data merge entity $(bone_left_arm1) {transformation: [-0.9762f,-0.2057f,0.068f,0.25f,0.0011f,0.3091f,0.951f,1.3196f,-0.2167f,0.9285f,-0.3015f,0.0806f,0f,0f,0f,1f],start_interpolation: 0,interpolation_duration: 1}
$data merge entity $(bone_right_arm1) {transformation: [-0.9749f,0.1336f,-0.1781f,-0.25f,-0.1303f,0.3062f,0.943f,1.3196f,0.1805f,0.9426f,-0.2811f,0.0806f,0f,0f,0f,1f],start_interpolation: 0,interpolation_duration: 1}
data modify entity @s data merge value {"cameras":{},"locators":{"mouse":{"posx":-4.308944696552317e-17,"posy":1.4676156838303784,"posz":0.3518520359953884,"roty":0,"rotx":1.1666666666666738},"left_arm":{"posx":0.4524507043408938,"posy":1.1069806105584639,"posz":-0.5441977074523519,"roty":12.714805492193051,"rotx":71.99498231951917},"right_arm":{"posx":-0.40279562601843305,"posy":1.1009292272858693,"posz":-0.5561120909192081,"roty":327.64456020636,"rotx":70.56566065777105}}}