# This file was generated by Animated Java via MC-Build. It is not recommended to edit this file directly.
$data merge entity $(bone_eyes) {transformation: [-1f,0f,0f,-0.0156f,0f,0.9998f,0.0195f,1.718f,0f,0.0195f,-0.9998f,0.356f,0f,0f,0f,1f],start_interpolation: 0,interpolation_duration: 1}
$data merge entity $(bone_head) {transformation: [-1f,0f,0f,0f,0f,0.9998f,0.0195f,1.3792f,0f,0.0195f,-0.9998f,0.0981f,0f,0f,0f,1f],start_interpolation: 0,interpolation_duration: 1}
$data merge entity $(bone_fabric_overray) {transformation: [-1f,0f,0f,0f,0f,0.7092f,0.705f,1.3792f,0f,0.705f,-0.7092f,0.0981f,0f,0f,0f,1f],start_interpolation: 0,interpolation_duration: 1}
$data merge entity $(bone_fabric) {transformation: [-1f,0f,0f,0f,0f,0.7092f,0.705f,1.3792f,0f,0.705f,-0.7092f,0.0981f,0f,0f,0f,1f],start_interpolation: 0,interpolation_duration: 1}
$data merge entity $(bone_bone_overray) {transformation: [-1f,0f,0f,0f,0f,0.7948f,0.6069f,1.3792f,0f,0.6069f,-0.7948f,0.0981f,0f,0f,0f,1f],start_interpolation: 0,interpolation_duration: 1}
$data merge entity $(bone_bone) {transformation: [-1f,0f,0f,0f,0f,0.7948f,0.6069f,1.3792f,0f,0.6069f,-0.7948f,0.0981f,0f,0f,0f,1f],start_interpolation: 0,interpolation_duration: 1}
$data merge entity $(bone_left_arm1) {transformation: [-0.9783f,-0.1939f,0.0733f,0.25f,-0.0003f,0.3548f,0.9349f,1.3197f,-0.2073f,0.9146f,-0.3471f,0.079f,0f,0f,0f,1f],start_interpolation: 0,interpolation_duration: 1}
$data merge entity $(bone_right_arm1) {transformation: [-0.9769f,0.1216f,-0.176f,-0.25f,-0.1242f,0.3474f,0.9295f,1.3197f,0.1742f,0.9298f,-0.3242f,0.079f,0f,0f,0f,1f],start_interpolation: 0,interpolation_duration: 1}
data modify entity @s data merge value {"cameras":{},"locators":{"mouse":{"posx":-4.284249648951139e-17,"posy":1.4680622088152573,"posz":0.34983553232932146,"roty":0,"rotx":1.1159420289855122},"left_arm":{"posx":0.4444626515746345,"posy":1.0757638403333711,"posz":-0.5368024548295882,"roty":11.925577987650115,"rotx":69.21966465800877},"right_arm":{"posx":-0.3946655929617522,"posy":1.0730814388523715,"posz":-0.5493180913746717,"roty":331.51146045773766,"rotx":68.352034717135}}}