# This file was generated by Animated Java via MC-Build. It is not recommended to edit this file directly.
$data merge entity $(bone_eyes) {transformation: [-1f,0f,0f,-0.0156f,0f,0.9998f,0.0186f,1.7184f,0f,0.0186f,-0.9998f,0.3537f,0f,0f,0f,1f],start_interpolation: 0,interpolation_duration: 1}
$data merge entity $(bone_head) {transformation: [-1f,0f,0f,0f,0f,0.9998f,0.0186f,1.3794f,0f,0.0186f,-0.9998f,0.0961f,0f,0f,0f,1f],start_interpolation: 0,interpolation_duration: 1}
$data merge entity $(bone_fabric_overray) {transformation: [-1f,0f,0f,0f,0f,0.7272f,0.6864f,1.3794f,0f,0.6864f,-0.7272f,0.0961f,0f,0f,0f,1f],start_interpolation: 0,interpolation_duration: 1}
$data merge entity $(bone_fabric) {transformation: [-1f,0f,0f,0f,0f,0.7272f,0.6864f,1.3794f,0f,0.6864f,-0.7272f,0.0961f,0f,0f,0f,1f],start_interpolation: 0,interpolation_duration: 1}
$data merge entity $(bone_bone_overray) {transformation: [-1f,0f,0f,0f,0f,0.8102f,0.5861f,1.3794f,0f,0.5861f,-0.8102f,0.0961f,0f,0f,0f,1f],start_interpolation: 0,interpolation_duration: 1}
$data merge entity $(bone_bone) {transformation: [-1f,0f,0f,0f,0f,0.8102f,0.5861f,1.3794f,0f,0.5861f,-0.8102f,0.0961f,0f,0f,0f,1f],start_interpolation: 0,interpolation_duration: 1}
$data merge entity $(bone_left_arm1) {transformation: [-0.9803f,-0.1818f,0.0778f,0.25f,-0.0015f,0.4004f,0.9164f,1.3198f,-0.1977f,0.8981f,-0.3927f,0.0775f,0f,0f,0f,1f],start_interpolation: 0,interpolation_duration: 1}
$data merge entity $(bone_right_arm1) {transformation: [-0.9788f,0.1097f,-0.1731f,-0.25f,-0.118f,0.3887f,0.9138f,1.3198f,0.1675f,0.9148f,-0.3675f,0.0775f,0f,0f,0f,1f],start_interpolation: 0,interpolation_duration: 1}
data modify entity @s data merge value {"cameras":{},"locators":{"mouse":{"posx":-4.259535868296313e-17,"posy":1.4684967973822833,"posz":0.3478174989933398,"roty":0,"rotx":1.0652173913043474},"left_arm":{"posx":0.4362356609813237,"posy":1.0446022479151984,"posz":-0.5276536651252204,"roty":11.201453839005268,"rotx":66.3986245634987},"right_arm":{"posx":-0.38660809115936234,"posy":1.0451247976062312,"posz":-0.5409829522242615,"roty":334.7824112350638,"rotx":66.03000577396871}}}