# This file was generated by Animated Java via MC-Build. It is not recommended to edit this file directly.
$data merge entity $(bone_eyes) {transformation: [-1f,0f,0f,-0.0156f,0f,0.9998f,0.0177f,1.7189f,0f,0.0177f,-0.9998f,0.3515f,0f,0f,0f,1f],start_interpolation: 0,interpolation_duration: 1}
$data merge entity $(bone_head) {transformation: [-1f,0f,0f,0f,0f,0.9998f,0.0177f,1.3796f,0f,0.0177f,-0.9998f,0.0942f,0f,0f,0f,1f],start_interpolation: 0,interpolation_duration: 1}
$data merge entity $(bone_fabric_overray) {transformation: [-1f,0f,0f,0f,0f,0.7449f,0.6672f,1.3796f,0f,0.6672f,-0.7449f,0.0942f,0f,0f,0f,1f],start_interpolation: 0,interpolation_duration: 1}
$data merge entity $(bone_fabric) {transformation: [-1f,0f,0f,0f,0f,0.7449f,0.6672f,1.3796f,0f,0.6672f,-0.7449f,0.0942f,0f,0f,0f,1f],start_interpolation: 0,interpolation_duration: 1}
$data merge entity $(bone_bone_overray) {transformation: [-1f,0f,0f,0f,0f,0.825f,0.5651f,1.3796f,0f,0.5651f,-0.825f,0.0942f,0f,0f,0f,1f],start_interpolation: 0,interpolation_duration: 1}
$data merge entity $(bone_bone) {transformation: [-1f,0f,0f,0f,0f,0.825f,0.5651f,1.3796f,0f,0.5651f,-0.825f,0.0942f,0f,0f,0f,1f],start_interpolation: 0,interpolation_duration: 1}
$data merge entity $(bone_left_arm1) {transformation: [-0.9822f,-0.1694f,0.0814f,0.25f,-0.0027f,0.4456f,0.8953f,1.3198f,-0.1879f,0.8791f,-0.4381f,0.0759f,0f,0f,0f,1f],start_interpolation: 0,interpolation_duration: 1}
$data merge entity $(bone_right_arm1) {transformation: [-0.9807f,0.098f,-0.1695f,-0.25f,-0.1118f,0.43f,0.8959f,1.3198f,0.1607f,0.8975f,-0.4107f,0.0759f,0f,0f,0f,1f],start_interpolation: 0,interpolation_duration: 1}
data modify entity @s data merge value {"cameras":{},"locators":{"mouse":{"posx":-4.2348042452280776e-17,"posy":1.4689194414235505,"posz":0.345798008713738,"roty":0,"rotx":1.01449275362319},"left_arm":{"posx":0.42783886015979494,"posy":1.0136979192870172,"posz":-0.5167400555218754,"roty":10.52116551823147,"rotx":63.54094533734697},"right_arm":{"posx":-0.37869278316052574,"posy":1.0172195318450128,"posz":-0.5310853769965426,"roty":337.58131591592587,"rotx":63.620307348607724}}}