# This file was generated by Animated Java via MC-Build. It is not recommended to edit this file directly.
$data merge entity $(bone_eyes) {transformation: [-1f,0f,0f,-0.0156f,0f,0.9999f,0.0168f,1.7193f,0f,0.0168f,-0.9999f,0.3492f,0f,0f,0f,1f],start_interpolation: 0,interpolation_duration: 1}
$data merge entity $(bone_head) {transformation: [-1f,0f,0f,0f,0f,0.9999f,0.0168f,1.3798f,0f,0.0168f,-0.9999f,0.0922f,0f,0f,0f,1f],start_interpolation: 0,interpolation_duration: 1}
$data merge entity $(bone_fabric_overray) {transformation: [-1f,0f,0f,0f,0f,0.7622f,0.6474f,1.3798f,0f,0.6474f,-0.7622f,0.0922f,0f,0f,0f,1f],start_interpolation: 0,interpolation_duration: 1}
$data merge entity $(bone_fabric) {transformation: [-1f,0f,0f,0f,0f,0.7622f,0.6474f,1.3798f,0f,0.6474f,-0.7622f,0.0922f,0f,0f,0f,1f],start_interpolation: 0,interpolation_duration: 1}
$data merge entity $(bone_bone_overray) {transformation: [-1f,0f,0f,0f,0f,0.8392f,0.5439f,1.3798f,0f,0.5439f,-0.8392f,0.0922f,0f,0f,0f,1f],start_interpolation: 0,interpolation_duration: 1}
$data merge entity $(bone_bone) {transformation: [-1f,0f,0f,0f,0f,0.8392f,0.5439f,1.3798f,0f,0.5439f,-0.8392f,0.0922f,0f,0f,0f,1f],start_interpolation: 0,interpolation_duration: 1}
$data merge entity $(bone_left_arm1) {transformation: [-0.984f,-0.1569f,0.084f,0.25f,-0.0037f,0.49f,0.8717f,1.3199f,-0.1779f,0.8575f,-0.4828f,0.0743f,0f,0f,0f,1f],start_interpolation: 0,interpolation_duration: 1}
$data merge entity $(bone_right_arm1) {transformation: [-0.9825f,0.0867f,-0.1651f,-0.25f,-0.1056f,0.471f,0.8758f,1.3199f,0.1536f,0.8779f,-0.4536f,0.0743f,0f,0f,0f,1f],start_interpolation: 0,interpolation_duration: 1}
data modify entity @s data merge value {"cameras":{},"locators":{"mouse":{"posx":-4.210055670966597e-17,"posy":1.4693301332761577,"posz":0.3437771342641651,"roty":0,"rotx":0.9637681159420298},"left_arm":{"posx":0.41934506717295905,"posy":0.983248992057649,"posz":-0.504076774068396,"roty":9.871678271980073,"rotx":60.65564410332757},"right_arm":{"posx":-0.37098725298362584,"posy":0.9895261321496978,"posz":-0.5196245834250741,"roty":340.00339482536685,"rotx":61.140101393186626}}}