# This file was generated by Animated Java via MC-Build. It is not recommended to edit this file directly.
$data merge entity $(bone_eyes) {transformation: [-1f,0f,0f,-0.0156f,0f,0.9999f,0.0159f,1.7197f,0f,0.0159f,-0.9999f,0.347f,0f,0f,0f,1f],start_interpolation: 0,interpolation_duration: 1}
$data merge entity $(bone_head) {transformation: [-1f,0f,0f,0f,0f,0.9999f,0.0159f,1.38f,0f,0.0159f,-0.9999f,0.0903f,0f,0f,0f,1f],start_interpolation: 0,interpolation_duration: 1}
$data merge entity $(bone_fabric_overray) {transformation: [-1f,0f,0f,0f,0f,0.779f,0.6271f,1.38f,0f,0.6271f,-0.779f,0.0903f,0f,0f,0f,1f],start_interpolation: 0,interpolation_duration: 1}
$data merge entity $(bone_fabric) {transformation: [-1f,0f,0f,0f,0f,0.779f,0.6271f,1.38f,0f,0.6271f,-0.779f,0.0903f,0f,0f,0f,1f],start_interpolation: 0,interpolation_duration: 1}
$data merge entity $(bone_bone_overray) {transformation: [-1f,0f,0f,0f,0f,0.8527f,0.5224f,1.38f,0f,0.5224f,-0.8527f,0.0903f,0f,0f,0f,1f],start_interpolation: 0,interpolation_duration: 1}
$data merge entity $(bone_bone) {transformation: [-1f,0f,0f,0f,0f,0.8527f,0.5224f,1.38f,0f,0.5224f,-0.8527f,0.0903f,0f,0f,0f,1f],start_interpolation: 0,interpolation_duration: 1}
$data merge entity $(bone_left_arm1) {transformation: [-0.9858f,-0.1443f,0.0857f,0.25f,-0.0046f,0.5336f,0.8457f,1.32f,-0.1678f,0.8334f,-0.5267f,0.0727f,0f,0f,0f,1f],start_interpolation: 0,interpolation_duration: 1}
$data merge entity $(bone_right_arm1) {transformation: [-0.9842f,0.0757f,-0.1599f,-0.25f,-0.0994f,0.5114f,0.8536f,1.32f,0.1464f,0.856f,-0.4958f,0.0727f,0f,0f,0f,1f],start_interpolation: 0,interpolation_duration: 1}
data modify entity @s data merge value {"cameras":{},"locators":{"mouse":{"posx":-4.1852910372785944e-17,"posy":1.469728865722485,"posz":0.3417549484629002,"roty":0,"rotx":0.9130434782608691},"left_arm":{"posx":0.41082924208747645,"posy":0.9534467292772779,"posz":-0.48970541714326177,"roty":9.24482659856082,"rotx":57.75169263753203},"right_arm":{"posx":-0.3635558293933285,"posy":0.9622033057438379,"posz":-0.5066206080676572,"roty":342.1215165391719,"rotx":58.60402012675216}}}