# This file was generated by Animated Java via MC-Build. It is not recommended to edit this file directly.
$data merge entity $(bone_eyes) {transformation: [-1f,0f,0f,-0.0156f,0f,0.9999f,0.015f,1.7201f,0f,0.015f,-0.9999f,0.3447f,0f,0f,0f,1f],start_interpolation: 0,interpolation_duration: 1}
$data merge entity $(bone_head) {transformation: [-1f,0f,0f,0f,0f,0.9999f,0.015f,1.3801f,0f,0.015f,-0.9999f,0.0883f,0f,0f,0f,1f],start_interpolation: 0,interpolation_duration: 1}
$data merge entity $(bone_fabric_overray) {transformation: [-1f,0f,0f,0f,0f,0.7952f,0.6063f,1.3801f,0f,0.6063f,-0.7952f,0.0883f,0f,0f,0f,1f],start_interpolation: 0,interpolation_duration: 1}
$data merge entity $(bone_fabric) {transformation: [-1f,0f,0f,0f,0f,0.7952f,0.6063f,1.3801f,0f,0.6063f,-0.7952f,0.0883f,0f,0f,0f,1f],start_interpolation: 0,interpolation_duration: 1}
$data merge entity $(bone_bone_overray) {transformation: [-1f,0f,0f,0f,0f,0.8656f,0.5008f,1.3801f,0f,0.5008f,-0.8656f,0.0883f,0f,0f,0f,1f],start_interpolation: 0,interpolation_duration: 1}
$data merge entity $(bone_bone) {transformation: [-1f,0f,0f,0f,0f,0.8656f,0.5008f,1.3801f,0f,0.5008f,-0.8656f,0.0883f,0f,0f,0f,1f],start_interpolation: 0,interpolation_duration: 1}
$data merge entity $(bone_left_arm1) {transformation: [-0.9875f,-0.1319f,0.0865f,0.25f,-0.0053f,0.5759f,0.8175f,1.32f,-0.1576f,0.8068f,-0.5694f,0.0712f,0f,0f,0f,1f],start_interpolation: 0,interpolation_duration: 1}
$data merge entity $(bone_right_arm1) {transformation: [-0.9859f,0.0652f,-0.1541f,-0.25f,-0.0932f,0.551f,0.8293f,1.32f,0.139f,0.8319f,-0.5372f,0.0712f,0f,0f,0f,1f],start_interpolation: 0,interpolation_duration: 1}
data modify entity @s data merge value {"cameras":{},"locators":{"mouse":{"posx":-4.1605112364439694e-17,"posy":1.4701156319904602,"posz":0.33973152417012636,"roty":0,"rotx":0.8623188405797042},"left_arm":{"posx":0.4023668486515499,"posy":0.9244726317512376,"posz":-0.4736935243698288,"roty":8.635473325475715,"rotx":54.8380273468223},"right_arm":{"posx":-0.3564584374723841,"posy":0.9354058521475264,"posz":-0.49211425041023005,"roty":343.99157002751394,"rotx":56.02490178727833}}}