# This file was generated by Animated Java via MC-Build. It is not recommended to edit this file directly.
$data merge entity $(bone_eyes) {transformation: [-1f,0f,0f,-0.0156f,0f,0.9999f,0.0142f,1.7204f,0f,0.0142f,-0.9999f,0.3425f,0f,0f,0f,1f],start_interpolation: 0,interpolation_duration: 1}
$data merge entity $(bone_head) {transformation: [-1f,0f,0f,0f,0f,0.9999f,0.0142f,1.3803f,0f,0.0142f,-0.9999f,0.0864f,0f,0f,0f,1f],start_interpolation: 0,interpolation_duration: 1}
$data merge entity $(bone_fabric_overray) {transformation: [-1f,0f,0f,0f,0f,0.8109f,0.5851f,1.3803f,0f,0.5851f,-0.8109f,0.0864f,0f,0f,0f,1f],start_interpolation: 0,interpolation_duration: 1}
$data merge entity $(bone_fabric) {transformation: [-1f,0f,0f,0f,0f,0.8109f,0.5851f,1.3803f,0f,0.5851f,-0.8109f,0.0864f,0f,0f,0f,1f],start_interpolation: 0,interpolation_duration: 1}
$data merge entity $(bone_bone_overray) {transformation: [-1f,0f,0f,0f,0f,0.8777f,0.4792f,1.3803f,0f,0.4792f,-0.8777f,0.0864f,0f,0f,0f,1f],start_interpolation: 0,interpolation_duration: 1}
$data merge entity $(bone_bone) {transformation: [-1f,0f,0f,0f,0f,0.8777f,0.4792f,1.3803f,0f,0.4792f,-0.8777f,0.0864f,0f,0f,0f,1f],start_interpolation: 0,interpolation_duration: 1}
$data merge entity $(bone_left_arm1) {transformation: [-0.9891f,-0.1196f,0.0863f,0.25f,-0.0059f,0.6167f,0.7872f,1.3201f,-0.1473f,0.7781f,-0.6106f,0.0696f,0f,0f,0f,1f],start_interpolation: 0,interpolation_duration: 1}
$data merge entity $(bone_right_arm1) {transformation: [-0.9875f,0.0553f,-0.1477f,-0.25f,-0.087f,0.5896f,0.803f,1.3201f,0.1315f,0.8058f,-0.5774f,0.0696f,0f,0f,0f,1f],start_interpolation: 0,interpolation_duration: 1}
data modify entity @s data merge value {"cameras":{},"locators":{"mouse":{"posx":-4.135717161222386e-17,"posy":1.4704904257538047,"posz":0.3377069342852023,"roty":0,"rotx":0.8115942028985499},"left_arm":{"posx":0.39403218221057246,"posy":0.8964956716598265,"posz":-0.45613356141807787,"roty":8.040445435281526,"rotx":51.92355383274597},"right_arm":{"posx":-0.34974951468799254,"posy":0.9092825123759618,"posz":-0.47616665354591536,"roty":345.65666133406285,"rotx":53.414304889122505}}}