# This file was generated by Animated Java via MC-Build. It is not recommended to edit this file directly.
$data merge entity $(bone_eyes) {transformation: [-1f,0f,0f,-0.0156f,0f,0.9999f,0.0133f,1.7208f,0f,0.0133f,-0.9999f,0.3403f,0f,0f,0f,1f],start_interpolation: 0,interpolation_duration: 1}
$data merge entity $(bone_head) {transformation: [-1f,0f,0f,0f,0f,0.9999f,0.0133f,1.3804f,0f,0.0133f,-0.9999f,0.0845f,0f,0f,0f,1f],start_interpolation: 0,interpolation_duration: 1}
$data merge entity $(bone_fabric_overray) {transformation: [-1f,0f,0f,0f,0f,0.826f,0.5636f,1.3804f,0f,0.5636f,-0.826f,0.0845f,0f,0f,0f,1f],start_interpolation: 0,interpolation_duration: 1}
$data merge entity $(bone_fabric) {transformation: [-1f,0f,0f,0f,0f,0.826f,0.5636f,1.3804f,0f,0.5636f,-0.826f,0.0845f,0f,0f,0f,1f],start_interpolation: 0,interpolation_duration: 1}
$data merge entity $(bone_bone_overray) {transformation: [-1f,0f,0f,0f,0f,0.8892f,0.4575f,1.3804f,0f,0.4575f,-0.8892f,0.0845f,0f,0f,0f,1f],start_interpolation: 0,interpolation_duration: 1}
$data merge entity $(bone_bone) {transformation: [-1f,0f,0f,0f,0f,0.8892f,0.4575f,1.3804f,0f,0.4575f,-0.8892f,0.0845f,0f,0f,0f,1f],start_interpolation: 0,interpolation_duration: 1}
$data merge entity $(bone_left_arm1) {transformation: [-0.9905f,-0.1076f,0.0851f,0.25f,-0.0064f,0.6558f,0.7549f,1.3201f,-0.1371f,0.7472f,-0.6503f,0.068f,0f,0f,0f,1f],start_interpolation: 0,interpolation_duration: 1}
$data merge entity $(bone_right_arm1) {transformation: [-0.989f,0.0461f,-0.1406f,-0.25f,-0.0809f,0.6271f,0.7748f,1.3201f,0.1239f,0.7776f,-0.6164f,0.068f,0f,0f,0f,1f],start_interpolation: 0,interpolation_duration: 1}
data modify entity @s data merge value {"cameras":{},"locators":{"mouse":{"posx":-4.110909704819854e-17,"posy":1.4708532411322652,"posz":0.3356812517439338,"roty":0,"rotx":0.7608695652173897},"left_arm":{"posx":0.38589672077491055,"posy":0.8696697265025116,"posz":-0.4371414179765242,"roty":7.457890880508785,"rotx":49.01714864770959},"right_arm":{"posx":-0.3434770255207668,"posy":0.8839738459261177,"posz":-0.45885852869180654,"roty":347.15027772133044,"rotx":50.78286776679446}}}