# This file was generated by Animated Java via MC-Build. It is not recommended to edit this file directly.
$data merge entity $(bone_eyes) {transformation: [-1f,0f,0f,-0.0156f,0f,0.9999f,0.0124f,1.7212f,0f,0.0124f,-0.9999f,0.338f,0f,0f,0f,1f],start_interpolation: 0,interpolation_duration: 1}
$data merge entity $(bone_head) {transformation: [-1f,0f,0f,0f,0f,0.9999f,0.0124f,1.3806f,0f,0.0124f,-0.9999f,0.0825f,0f,0f,0f,1f],start_interpolation: 0,interpolation_duration: 1}
$data merge entity $(bone_fabric_overray) {transformation: [-1f,0f,0f,0f,0f,0.8405f,0.5418f,1.3806f,0f,0.5418f,-0.8405f,0.0825f,0f,0f,0f,1f],start_interpolation: 0,interpolation_duration: 1}
$data merge entity $(bone_fabric) {transformation: [-1f,0f,0f,0f,0f,0.8405f,0.5418f,1.3806f,0f,0.5418f,-0.8405f,0.0825f,0f,0f,0f,1f],start_interpolation: 0,interpolation_duration: 1}
$data merge entity $(bone_bone_overray) {transformation: [-1f,0f,0f,0f,0f,0.9f,0.4359f,1.3806f,0f,0.4359f,-0.9f,0.0825f,0f,0f,0f,1f],start_interpolation: 0,interpolation_duration: 1}
$data merge entity $(bone_bone) {transformation: [-1f,0f,0f,0f,0f,0.9f,0.4359f,1.3806f,0f,0.4359f,-0.9f,0.0825f,0f,0f,0f,1f],start_interpolation: 0,interpolation_duration: 1}
$data merge entity $(bone_left_arm1) {transformation: [-0.9919f,-0.096f,0.0831f,0.25f,-0.0067f,0.693f,0.7209f,1.3202f,-0.1268f,0.7145f,-0.6881f,0.0664f,0f,0f,0f,1f],start_interpolation: 0,interpolation_duration: 1}
$data merge entity $(bone_right_arm1) {transformation: [-0.9904f,0.0375f,-0.1331f,-0.25f,-0.075f,0.6631f,0.7448f,1.3202f,0.1162f,0.7476f,-0.6539f,0.0664f,0f,0f,0f,1f],start_interpolation: 0,interpolation_duration: 1}
data modify entity @s data merge value {"cameras":{},"locators":{"mouse":{"posx":-4.0860897608552874e-17,"posy":1.4712040726918267,"posz":0.3336545495158425,"roty":0,"rotx":0.710144927536232},"left_arm":{"posx":0.3780275547243168,"posy":0.8441312858942243,"posz":-0.41685446432890766,"roty":6.886875332661049,"rotx":46.12765958327253},"right_arm":{"posx":-0.337681605293808,"posy":0.8596101901574074,"posz":-0.4402890410853043,"roty":348.4986393780728,"rotx":48.14056133242292}}}