# This file was generated by Animated Java via MC-Build. It is not recommended to edit this file directly.
$data merge entity $(bone_eyes) {transformation: [-1f,0f,0f,-0.0156f,0f,0.9999f,0.0115f,1.7215f,0f,0.0115f,-0.9999f,0.3358f,0f,0f,0f,1f],start_interpolation: 0,interpolation_duration: 1}
$data merge entity $(bone_head) {transformation: [-1f,0f,0f,0f,0f,0.9999f,0.0115f,1.3807f,0f,0.0115f,-0.9999f,0.0806f,0f,0f,0f,1f],start_interpolation: 0,interpolation_duration: 1}
$data merge entity $(bone_fabric_overray) {transformation: [-1f,0f,0f,0f,0f,0.8544f,0.5197f,1.3807f,0f,0.5197f,-0.8544f,0.0806f,0f,0f,0f,1f],start_interpolation: 0,interpolation_duration: 1}
$data merge entity $(bone_fabric) {transformation: [-1f,0f,0f,0f,0f,0.8544f,0.5197f,1.3807f,0f,0.5197f,-0.8544f,0.0806f,0f,0f,0f,1f],start_interpolation: 0,interpolation_duration: 1}
$data merge entity $(bone_bone_overray) {transformation: [-1f,0f,0f,0f,0f,0.9101f,0.4144f,1.3807f,0f,0.4144f,-0.9101f,0.0806f,0f,0f,0f,1f],start_interpolation: 0,interpolation_duration: 1}
$data merge entity $(bone_bone) {transformation: [-1f,0f,0f,0f,0f,0.9101f,0.4144f,1.3807f,0f,0.4144f,-0.9101f,0.0806f,0f,0f,0f,1f],start_interpolation: 0,interpolation_duration: 1}
$data merge entity $(bone_left_arm1) {transformation: [-0.9931f,-0.085f,0.0803f,0.25f,-0.0069f,0.7282f,0.6854f,1.3202f,-0.1167f,0.6801f,-0.7238f,0.0649f,0f,0f,0f,1f],start_interpolation: 0,interpolation_duration: 1}
$data merge entity $(bone_right_arm1) {transformation: [-0.9917f,0.0297f,-0.1251f,-0.25f,-0.0691f,0.6975f,0.7132f,1.3202f,0.1084f,0.7159f,-0.6897f,0.0649f,0f,0f,0f,1f],start_interpolation: 0,interpolation_duration: 1}
data modify entity @s data merge value {"cameras":{},"locators":{"mouse":{"posx":-4.06125822332704e-17,"posy":1.4715429154449104,"posz":0.3316269006014343,"roty":0,"rotx":0.6594202898550772},"left_arm":{"posx":0.37048594702675686,"posy":0.8199974948439948,"posz":-0.3954292246660155,"roty":6.327121603009459,"rotx":43.26390522274229},"right_arm":{"posx":-0.33239585925504983,"posy":0.8363097553417269,"posz":-0.42057438476220643,"roty":349.72244096807793,"rotx":45.49686814547301}}}