# This file was generated by Animated Java via MC-Build. It is not recommended to edit this file directly.
$data merge entity $(bone_eyes) {transformation: [-1f,0f,0f,-0.0156f,0f,0.9999f,0.0106f,1.7218f,0f,0.0106f,-0.9999f,0.3335f,0f,0f,0f,1f],start_interpolation: 0,interpolation_duration: 1}
$data merge entity $(bone_head) {transformation: [-1f,0f,0f,0f,0f,0.9999f,0.0106f,1.3808f,0f,0.0106f,-0.9999f,0.0786f,0f,0f,0f,1f],start_interpolation: 0,interpolation_duration: 1}
$data merge entity $(bone_fabric_overray) {transformation: [-1f,0f,0f,0f,0f,0.8675f,0.4974f,1.3808f,0f,0.4974f,-0.8675f,0.0786f,0f,0f,0f,1f],start_interpolation: 0,interpolation_duration: 1}
$data merge entity $(bone_fabric) {transformation: [-1f,0f,0f,0f,0f,0.8675f,0.4974f,1.3808f,0f,0.4974f,-0.8675f,0.0786f,0f,0f,0f,1f],start_interpolation: 0,interpolation_duration: 1}
$data merge entity $(bone_bone_overray) {transformation: [-1f,0f,0f,0f,0f,0.9195f,0.3931f,1.3808f,0f,0.3931f,-0.9195f,0.0786f,0f,0f,0f,1f],start_interpolation: 0,interpolation_duration: 1}
$data merge entity $(bone_bone) {transformation: [-1f,0f,0f,0f,0f,0.9195f,0.3931f,1.3808f,0f,0.3931f,-0.9195f,0.0786f,0f,0f,0f,1f],start_interpolation: 0,interpolation_duration: 1}
$data merge entity $(bone_left_arm1) {transformation: [-0.9943f,-0.0744f,0.0766f,0.25f,-0.007f,0.7611f,0.6486f,1.3202f,-0.1066f,0.6443f,-0.7573f,0.0633f,0f,0f,0f,1f],start_interpolation: 0,interpolation_duration: 1}
$data merge entity $(bone_right_arm1) {transformation: [-0.9929f,0.0227f,-0.1167f,-0.25f,-0.0633f,0.7303f,0.6802f,1.3202f,0.1007f,0.6828f,-0.7237f,0.0633f,0f,0f,0f,1f],start_interpolation: 0,interpolation_duration: 1}
data modify entity @s data merge value {"cameras":{},"locators":{"mouse":{"posx":-4.036415986579451e-17,"posy":1.471869764850555,"posz":0.32959837802946623,"roty":0,"rotx":0.6086956521739085},"left_arm":{"posx":0.36332607025560204,"posy":0.7973645862519831,"posz":-0.3730387378246015,"roty":5.778837033717707,"rotx":40.43467418144617},"right_arm":{"posx":-0.3276438374305704,"posy":0.8141769056488933,"posz":-0.39984608294597146,"roty":350.8381440486578,"rotx":42.86091033521299}}}