# This file was generated by Animated Java via MC-Build. It is not recommended to edit this file directly.
$data merge entity $(bone_eyes) {transformation: [-1f,0f,0f,-0.0156f,0f,1f,0.0097f,1.7222f,0f,0.0097f,-1f,0.3313f,0f,0f,0f,1f],start_interpolation: 0,interpolation_duration: 1}
$data merge entity $(bone_head) {transformation: [-1f,0f,0f,0f,0f,1f,0.0097f,1.3809f,0f,0.0097f,-1f,0.0767f,0f,0f,0f,1f],start_interpolation: 0,interpolation_duration: 1}
$data merge entity $(bone_fabric_overray) {transformation: [-1f,0f,0f,0f,0f,0.88f,0.475f,1.3809f,0f,0.475f,-0.88f,0.0767f,0f,0f,0f,1f],start_interpolation: 0,interpolation_duration: 1}
$data merge entity $(bone_fabric) {transformation: [-1f,0f,0f,0f,0f,0.88f,0.475f,1.3809f,0f,0.475f,-0.88f,0.0767f,0f,0f,0f,1f],start_interpolation: 0,interpolation_duration: 1}
$data merge entity $(bone_bone_overray) {transformation: [-1f,0f,0f,0f,0f,0.9282f,0.372f,1.3809f,0f,0.372f,-0.9282f,0.0767f,0f,0f,0f,1f],start_interpolation: 0,interpolation_duration: 1}
$data merge entity $(bone_bone) {transformation: [-1f,0f,0f,0f,0f,0.9282f,0.372f,1.3809f,0f,0.372f,-0.9282f,0.0767f,0f,0f,0f,1f],start_interpolation: 0,interpolation_duration: 1}
$data merge entity $(bone_left_arm1) {transformation: [-0.9953f,-0.0646f,0.0723f,0.25f,-0.007f,0.7917f,0.6108f,1.3202f,-0.0967f,0.6074f,-0.7885f,0.0617f,0f,0f,0f,1f],start_interpolation: 0,interpolation_duration: 1}
$data merge entity $(bone_right_arm1) {transformation: [-0.994f,0.0165f,-0.1081f,-0.25f,-0.0576f,0.7611f,0.646f,1.3202f,0.0929f,0.6484f,-0.7556f,0.0617f,0f,0f,0f,1f],start_interpolation: 0,interpolation_duration: 1}
data modify entity @s data merge value {"cameras":{},"locators":{"mouse":{"posx":-4.011563945269352e-17,"posy":1.4721846168145776,"posz":0.3275690548542126,"roty":0,"rotx":0.5579710144927568},"left_arm":{"posx":0.3565939594090156,"posy":0.7763067429735032,"posz":-0.3498696860084618,"roty":5.242596853588452,"rotx":37.6487242932599},"right_arm":{"posx":-0.32344069953103394,"posy":0.7933006717369475,"posz":-0.3782490588889112,"roty":351.8589411951615,"rotx":40.24154169842526}}}