# This file was generated by Animated Java via MC-Build. It is not recommended to edit this file directly.
$data merge entity $(bone_eyes) {transformation: [-1f,0f,0f,-0.0156f,0f,1f,0.0089f,1.7225f,0f,0.0089f,-1f,0.329f,0f,0f,0f,1f],start_interpolation: 0,interpolation_duration: 1}
$data merge entity $(bone_head) {transformation: [-1f,0f,0f,0f,0f,1f,0.0089f,1.381f,0f,0.0089f,-1f,0.0747f,0f,0f,0f,1f],start_interpolation: 0,interpolation_duration: 1}
$data merge entity $(bone_fabric_overray) {transformation: [-1f,0f,0f,0f,0f,0.8917f,0.4525f,1.381f,0f,0.4525f,-0.8917f,0.0747f,0f,0f,0f,1f],start_interpolation: 0,interpolation_duration: 1}
$data merge entity $(bone_fabric) {transformation: [-1f,0f,0f,0f,0f,0.8917f,0.4525f,1.381f,0f,0.4525f,-0.8917f,0.0747f,0f,0f,0f,1f],start_interpolation: 0,interpolation_duration: 1}
$data merge entity $(bone_bone_overray) {transformation: [-1f,0f,0f,0f,0f,0.9363f,0.3513f,1.381f,0f,0.3513f,-0.9363f,0.0747f,0f,0f,0f,1f],start_interpolation: 0,interpolation_duration: 1}
$data merge entity $(bone_bone) {transformation: [-1f,0f,0f,0f,0f,0.9363f,0.3513f,1.381f,0f,0.3513f,-0.9363f,0.0747f,0f,0f,0f,1f],start_interpolation: 0,interpolation_duration: 1}
$data merge entity $(bone_left_arm1) {transformation: [-0.9962f,-0.0554f,0.0675f,0.25f,-0.0068f,0.82f,0.5724f,1.3202f,-0.087f,0.5697f,-0.8172f,0.0601f,0f,0f,0f,1f],start_interpolation: 0,interpolation_duration: 1}
$data merge entity $(bone_right_arm1) {transformation: [-0.995f,0.0111f,-0.0993f,-0.25f,-0.0522f,0.7901f,0.6108f,1.3202f,0.0852f,0.6129f,-0.7855f,0.0601f,0f,0f,0f,1f],start_interpolation: 0,interpolation_duration: 1}
data modify entity @s data merge value {"cameras":{},"locators":{"mouse":{"posx":-3.9867029943325693e-17,"posy":1.4724874676897244,"posz":0.32553900415272935,"roty":0,"rotx":0.5072463768115933},"left_arm":{"posx":0.35032671096200935,"posy":0.7568754164874321,"posz":-0.32611937879006947,"roty":4.719264110314441,"rotx":34.914781910331094},"right_arm":{"posx":-0.31979257754437734,"posy":0.7737535345999765,"posz":-0.3559395286689535,"roty":352.7954801382549,"rotx":37.64741443689217}}}