# This file was generated by Animated Java via MC-Build. It is not recommended to edit this file directly.
$data merge entity $(bone_eyes) {transformation: [-1f,0f,0f,-0.0156f,0f,1f,0.008f,1.7228f,0f,0.008f,-1f,0.3268f,0f,0f,0f,1f],start_interpolation: 0,interpolation_duration: 1}
$data merge entity $(bone_head) {transformation: [-1f,0f,0f,0f,0f,1f,0.008f,1.381f,0f,0.008f,-1f,0.0728f,0f,0f,0f,1f],start_interpolation: 0,interpolation_duration: 1}
$data merge entity $(bone_fabric_overray) {transformation: [-1f,0f,0f,0f,0f,0.9028f,0.4301f,1.381f,0f,0.4301f,-0.9028f,0.0728f,0f,0f,0f,1f],start_interpolation: 0,interpolation_duration: 1}
$data merge entity $(bone_fabric) {transformation: [-1f,0f,0f,0f,0f,0.9028f,0.4301f,1.381f,0f,0.4301f,-0.9028f,0.0728f,0f,0f,0f,1f],start_interpolation: 0,interpolation_duration: 1}
$data merge entity $(bone_bone_overray) {transformation: [-1f,0f,0f,0f,0f,0.9437f,0.3309f,1.381f,0f,0.3309f,-0.9437f,0.0728f,0f,0f,0f,1f],start_interpolation: 0,interpolation_duration: 1}
$data merge entity $(bone_bone) {transformation: [-1f,0f,0f,0f,0f,0.9437f,0.3309f,1.381f,0f,0.3309f,-0.9437f,0.0728f,0f,0f,0f,1f],start_interpolation: 0,interpolation_duration: 1}
$data merge entity $(bone_left_arm1) {transformation: [-0.997f,-0.0469f,0.0621f,0.25f,-0.0066f,0.8458f,0.5335f,1.3202f,-0.0775f,0.5315f,-0.8435f,0.0585f,0f,0f,0f,1f],start_interpolation: 0,interpolation_duration: 1}
$data merge entity $(bone_right_arm1) {transformation: [-0.9959f,0.0065f,-0.0904f,-0.25f,-0.0469f,0.8169f,0.5748f,1.3202f,0.0776f,0.5767f,-0.8133f,0.0585f,0f,0f,0f,1f],start_interpolation: 0,interpolation_duration: 1}
data modify entity @s data merge value {"cameras":{},"locators":{"mouse":{"posx":-3.9618340289504286e-17,"posy":1.4727783142757978,"posz":0.3235082990221191,"roty":0,"rotx":0.4565217391304348},"left_arm":{"posx":0.34455194917537846,"posy":0.7390991155759236,"posz":-0.3019926830558581,"roty":4.209934061268854,"rotx":32.241541430245476},"right_arm":{"posx":-0.31669663689244565,"posy":0.7555905131244941,"posz":-0.3330827723934048,"roty":353.6564117402804,"rotx":35.08702774035499}}}