# This file was generated by Animated Java via MC-Build. It is not recommended to edit this file directly.
$data merge entity $(bone_eyes) {transformation: [-1f,0f,0f,-0.0156f,0f,1f,0.0071f,1.723f,0f,0.0071f,-1f,0.3245f,0f,0f,0f,1f],start_interpolation: 0,interpolation_duration: 1}
$data merge entity $(bone_head) {transformation: [-1f,0f,0f,0f,0f,1f,0.0071f,1.3811f,0f,0.0071f,-1f,0.0708f,0f,0f,0f,1f],start_interpolation: 0,interpolation_duration: 1}
$data merge entity $(bone_fabric_overray) {transformation: [-1f,0f,0f,0f,0f,0.9131f,0.4077f,1.3811f,0f,0.4077f,-0.9131f,0.0708f,0f,0f,0f,1f],start_interpolation: 0,interpolation_duration: 1}
$data merge entity $(bone_fabric) {transformation: [-1f,0f,0f,0f,0f,0.9131f,0.4077f,1.3811f,0f,0.4077f,-0.9131f,0.0708f,0f,0f,0f,1f],start_interpolation: 0,interpolation_duration: 1}
$data merge entity $(bone_bone_overray) {transformation: [-1f,0f,0f,0f,0f,0.9504f,0.3109f,1.3811f,0f,0.3109f,-0.9504f,0.0708f,0f,0f,0f,1f],start_interpolation: 0,interpolation_duration: 1}
$data merge entity $(bone_bone) {transformation: [-1f,0f,0f,0f,0f,0.9504f,0.3109f,1.3811f,0f,0.3109f,-0.9504f,0.0708f,0f,0f,0f,1f],start_interpolation: 0,interpolation_duration: 1}
$data merge entity $(bone_left_arm1) {transformation: [-0.9976f,-0.0392f,0.0563f,0.25f,-0.0062f,0.8691f,0.4945f,1.3201f,-0.0683f,0.493f,-0.8673f,0.057f,0f,0f,0f,1f],start_interpolation: 0,interpolation_duration: 1}
$data merge entity $(bone_right_arm1) {transformation: [-0.9967f,0.0027f,-0.0815f,-0.25f,-0.0418f,0.8417f,0.5383f,1.3201f,0.0701f,0.5399f,-0.8388f,0.057f,0f,0f,0f,1f],start_interpolation: 0,interpolation_duration: 1}
data modify entity @s data merge value {"cameras":{},"locators":{"mouse":{"posx":-3.9369579445162344e-17,"posy":1.473057153819772,"posz":0.3214770125767934,"roty":0,"rotx":0.4057971014492758},"left_arm":{"posx":0.33928757094496165,"posy":0.7229836650797327,"posz":-0.2776989894555362,"roty":3.7158952232605316,"rotx":29.637665133870684},"right_arm":{"posx":-0.31414133047906734,"posy":0.7388485797120824,"posz":-0.3098508433047999,"roty":354.44880780703147,"rotx":32.56876322726373}}}