# This file was generated by Animated Java via MC-Build. It is not recommended to edit this file directly.
$data merge entity $(bone_eyes) {transformation: [-1f,0f,0f,-0.0156f,0f,1f,0.0062f,1.7233f,0f,0.0062f,-1f,0.3222f,0f,0f,0f,1f],start_interpolation: 0,interpolation_duration: 1}
$data merge entity $(bone_head) {transformation: [-1f,0f,0f,0f,0f,1f,0.0062f,1.3811f,0f,0.0062f,-1f,0.0689f,0f,0f,0f,1f],start_interpolation: 0,interpolation_duration: 1}
$data merge entity $(bone_fabric_overray) {transformation: [-1f,0f,0f,0f,0f,0.9228f,0.3854f,1.3811f,0f,0.3854f,-0.9228f,0.0689f,0f,0f,0f,1f],start_interpolation: 0,interpolation_duration: 1}
$data merge entity $(bone_fabric) {transformation: [-1f,0f,0f,0f,0f,0.9228f,0.3854f,1.3811f,0f,0.3854f,-0.9228f,0.0689f,0f,0f,0f,1f],start_interpolation: 0,interpolation_duration: 1}
$data merge entity $(bone_bone_overray) {transformation: [-1f,0f,0f,0f,0f,0.9566f,0.2914f,1.3811f,0f,0.2914f,-0.9566f,0.0689f,0f,0f,0f,1f],start_interpolation: 0,interpolation_duration: 1}
$data merge entity $(bone_bone) {transformation: [-1f,0f,0f,0f,0f,0.9566f,0.2914f,1.3811f,0f,0.2914f,-0.9566f,0.0689f,0f,0f,0f,1f],start_interpolation: 0,interpolation_duration: 1}
$data merge entity $(bone_left_arm1) {transformation: [-0.9982f,-0.0322f,0.0503f,0.25f,-0.0058f,0.8901f,0.4557f,1.3201f,-0.0594f,0.4546f,-0.8887f,0.0554f,0f,0f,0f,1f],start_interpolation: 0,interpolation_duration: 1}
$data merge entity $(bone_right_arm1) {transformation: [-0.9974f,-0.0003f,-0.0727f,-0.25f,-0.0369f,0.8644f,0.5015f,1.3201f,0.0627f,0.5029f,-0.8621f,0.0554f,0f,0f,0f,1f],start_interpolation: 0,interpolation_duration: 1}
data modify entity @s data merge value {"cameras":{},"locators":{"mouse":{"posx":-3.912075636601748e-17,"posy":1.473323984015889,"posz":0.31944521794573644,"roty":0,"rotx":0.35507246376811474},"left_arm":{"posx":0.33454177090479775,"posy":0.7085129223169593,"posz":-0.2534493024241403,"roty":3.2386019119227285,"rotx":27.111783398710458},"right_arm":{"posx":-0.3121068339117491,"posy":0.7235464196774428,"posz":-0.28642027531940567,"roty":355.17848192916404,"rotx":30.100910768993298}}}