# This file was generated by Animated Java via MC-Build. It is not recommended to edit this file directly.
$data merge entity $(bone_eyes) {transformation: [-1f,0f,0f,-0.0156f,0f,1f,0.0053f,1.7236f,0f,0.0053f,-1f,0.32f,0f,0f,0f,1f],start_interpolation: 0,interpolation_duration: 1}
$data merge entity $(bone_head) {transformation: [-1f,0f,0f,0f,0f,1f,0.0053f,1.3812f,0f,0.0053f,-1f,0.0669f,0f,0f,0f,1f],start_interpolation: 0,interpolation_duration: 1}
$data merge entity $(bone_fabric_overray) {transformation: [-1f,0f,0f,0f,0f,0.9317f,0.3633f,1.3812f,0f,0.3633f,-0.9317f,0.0669f,0f,0f,0f,1f],start_interpolation: 0,interpolation_duration: 1}
$data merge entity $(bone_fabric) {transformation: [-1f,0f,0f,0f,0f,0.9317f,0.3633f,1.3812f,0f,0.3633f,-0.9317f,0.0669f,0f,0f,0f,1f],start_interpolation: 0,interpolation_duration: 1}
$data merge entity $(bone_bone_overray) {transformation: [-1f,0f,0f,0f,0f,0.9622f,0.2725f,1.3812f,0f,0.2725f,-0.9622f,0.0669f,0f,0f,0f,1f],start_interpolation: 0,interpolation_duration: 1}
$data merge entity $(bone_bone) {transformation: [-1f,0f,0f,0f,0f,0.9622f,0.2725f,1.3812f,0f,0.2725f,-0.9622f,0.0669f,0f,0f,0f,1f],start_interpolation: 0,interpolation_duration: 1}
$data merge entity $(bone_left_arm1) {transformation: [-0.9987f,-0.026f,0.0441f,0.25f,-0.0053f,0.9087f,0.4174f,1.32f,-0.0509f,0.4167f,-0.9076f,0.0538f,0f,0f,0f,1f],start_interpolation: 0,interpolation_duration: 1}
$data merge entity $(bone_right_arm1) {transformation: [-0.9979f,-0.0026f,-0.0641f,-0.25f,-0.0322f,0.8849f,0.4647f,1.32f,0.0555f,0.4658f,-0.8831f,0.0538f,0f,0f,0f,1f],start_interpolation: 0,interpolation_duration: 1}
data modify entity @s data merge value {"cameras":{},"locators":{"mouse":{"posx":-3.8871880009236635e-17,"posy":1.4735788030057386,"posz":0.3174129882697668,"roty":0,"rotx":0.30434782608695726},"left_arm":{"posx":0.33031333958022774,"posy":0.6956499276633117,"posz":-0.22945353419612796,"roty":2.7796547344343594,"rotx":24.672495341891146},"right_arm":{"posx":-0.31056564491130745,"posy":0.7096845412900865,"posz":-0.26296984853916994,"roty":355.85023739743906,"rotx":27.69168720635336}}}