# This file was generated by Animated Java via MC-Build. It is not recommended to edit this file directly.
$data merge entity $(bone_eyes) {transformation: [-1f,0f,0f,-0.0156f,0f,1f,0.0044f,1.7238f,0f,0.0044f,-1f,0.3177f,0f,0f,0f,1f],start_interpolation: 0,interpolation_duration: 1}
$data merge entity $(bone_head) {transformation: [-1f,0f,0f,0f,0f,1f,0.0044f,1.3812f,0f,0.0044f,-1f,0.065f,0f,0f,0f,1f],start_interpolation: 0,interpolation_duration: 1}
$data merge entity $(bone_fabric_overray) {transformation: [-1f,0f,0f,0f,0f,0.9399f,0.3415f,1.3812f,0f,0.3415f,-0.9399f,0.065f,0f,0f,0f,1f],start_interpolation: 0,interpolation_duration: 1}
$data merge entity $(bone_fabric) {transformation: [-1f,0f,0f,0f,0f,0.9399f,0.3415f,1.3812f,0f,0.3415f,-0.9399f,0.065f,0f,0f,0f,1f],start_interpolation: 0,interpolation_duration: 1}
$data merge entity $(bone_bone_overray) {transformation: [-1f,0f,0f,0f,0f,0.9672f,0.2541f,1.3812f,0f,0.2541f,-0.9672f,0.065f,0f,0f,0f,1f],start_interpolation: 0,interpolation_duration: 1}
$data merge entity $(bone_bone) {transformation: [-1f,0f,0f,0f,0f,0.9672f,0.2541f,1.3812f,0f,0.2541f,-0.9672f,0.065f,0f,0f,0f,1f],start_interpolation: 0,interpolation_duration: 1}
$data merge entity $(bone_left_arm1) {transformation: [-0.9991f,-0.0206f,0.0378f,0.25f,-0.0047f,0.925f,0.3799f,1.32f,-0.0428f,0.3794f,-0.9242f,0.0522f,0f,0f,0f,1f],start_interpolation: 0,interpolation_duration: 1}
$data merge entity $(bone_right_arm1) {transformation: [-0.9984f,-0.0042f,-0.0557f,-0.25f,-0.0277f,0.9033f,0.4281f,1.32f,0.0485f,0.429f,-0.902f,0.0522f,0f,0f,0f,1f],start_interpolation: 0,interpolation_duration: 1}
data modify entity @s data merge value {"cameras":{},"locators":{"mouse":{"posx":-3.8622959333100667e-17,"posy":1.4738216093783214,"posz":0.31538039669879897,"roty":0,"rotx":0.2536231884057974},"left_arm":{"posx":0.3265922195507422,"posy":0.6843384565279053,"posz":-0.20591807378414256,"roty":2.3407865253453224,"rotx":22.328369941134945},"right_arm":{"posx":-0.3094833256654598,"posy":0.6972457346654589,"posz":-0.23967846933001813,"roty":356.4680596903963,"rotx":25.349249764462858}}}