# This file was generated by Animated Java via MC-Build. It is not recommended to edit this file directly.
$data merge entity $(bone_eyes) {transformation: [-1f,0f,0f,-0.0156f,0f,1f,0.0035f,1.724f,0f,0.0035f,-1f,0.3155f,0f,0f,0f,1f],start_interpolation: 0,interpolation_duration: 1}
$data merge entity $(bone_head) {transformation: [-1f,0f,0f,0f,0f,1f,0.0035f,1.3812f,0f,0.0035f,-1f,0.063f,0f,0f,0f,1f],start_interpolation: 0,interpolation_duration: 1}
$data merge entity $(bone_fabric_overray) {transformation: [-1f,0f,0f,0f,0f,0.9474f,0.32f,1.3812f,0f,0.32f,-0.9474f,0.063f,0f,0f,0f,1f],start_interpolation: 0,interpolation_duration: 1}
$data merge entity $(bone_fabric) {transformation: [-1f,0f,0f,0f,0f,0.9474f,0.32f,1.3812f,0f,0.32f,-0.9474f,0.063f,0f,0f,0f,1f],start_interpolation: 0,interpolation_duration: 1}
$data merge entity $(bone_bone_overray) {transformation: [-1f,0f,0f,0f,0f,0.9716f,0.2365f,1.3812f,0f,0.2365f,-0.9716f,0.063f,0f,0f,0f,1f],start_interpolation: 0,interpolation_duration: 1}
$data merge entity $(bone_bone) {transformation: [-1f,0f,0f,0f,0f,0.9716f,0.2365f,1.3812f,0f,0.2365f,-0.9716f,0.063f,0f,0f,0f,1f],start_interpolation: 0,interpolation_duration: 1}
$data merge entity $(bone_left_arm1) {transformation: [-0.9994f,-0.0159f,0.0315f,0.25f,-0.0041f,0.9392f,0.3435f,1.3199f,-0.0351f,0.3431f,-0.9386f,0.0507f,0f,0f,0f,1f],start_interpolation: 0,interpolation_duration: 1}
$data merge entity $(bone_right_arm1) {transformation: [-0.9989f,-0.0052f,-0.0476f,-0.25f,-0.0235f,0.9196f,0.392f,1.3199f,0.0417f,0.3927f,-0.9187f,0.0507f,0f,0f,0f,1f],start_interpolation: 0,interpolation_duration: 1}
data modify entity @s data merge value {"cameras":{},"locators":{"mouse":{"posx":-3.8374003296669046e-17,"posy":1.4740524021700963,"posz":0.31334751638910524,"roty":0,"rotx":0.20289855072463786},"left_arm":{"posx":0.3233602981793277,"posy":0.6745049328587476,"posz":-0.18304369010915977,"roty":1.9238518616820386,"rotx":20.08794767965624},"right_arm":{"posx":-0.30881936381477065,"posy":0.6861958695871713,"posz":-0.21672321679661072,"roty":357.03526633181707,"rotx":23.081705480868102}}}