# This file was generated by Animated Java via MC-Build. It is not recommended to edit this file directly.
$data merge entity $(bone_eyes) {transformation: [-1f,0f,0f,-0.0156f,0f,1f,0.0027f,1.7243f,0f,0.0027f,-1f,0.3132f,0f,0f,0f,1f],start_interpolation: 0,interpolation_duration: 1}
$data merge entity $(bone_head) {transformation: [-1f,0f,0f,0f,0f,1f,0.0027f,1.3812f,0f,0.0027f,-1f,0.0611f,0f,0f,0f,1f],start_interpolation: 0,interpolation_duration: 1}
$data merge entity $(bone_fabric_overray) {transformation: [-1f,0f,0f,0f,0f,0.9543f,0.2989f,1.3812f,0f,0.2989f,-0.9543f,0.0611f,0f,0f,0f,1f],start_interpolation: 0,interpolation_duration: 1}
$data merge entity $(bone_fabric) {transformation: [-1f,0f,0f,0f,0f,0.9543f,0.2989f,1.3812f,0f,0.2989f,-0.9543f,0.0611f,0f,0f,0f,1f],start_interpolation: 0,interpolation_duration: 1}
$data merge entity $(bone_bone_overray) {transformation: [-1f,0f,0f,0f,0f,0.9756f,0.2195f,1.3812f,0f,0.2195f,-0.9756f,0.0611f,0f,0f,0f,1f],start_interpolation: 0,interpolation_duration: 1}
$data merge entity $(bone_bone) {transformation: [-1f,0f,0f,0f,0f,0.9756f,0.2195f,1.3812f,0f,0.2195f,-0.9756f,0.0611f,0f,0f,0f,1f],start_interpolation: 0,interpolation_duration: 1}
$data merge entity $(bone_left_arm1) {transformation: [-0.9996f,-0.0118f,0.0254f,0.25f,-0.0034f,0.9513f,0.3083f,1.3198f,-0.0278f,0.3081f,-0.9509f,0.0491f,0f,0f,0f,1f],start_interpolation: 0,interpolation_duration: 1}
$data merge entity $(bone_right_arm1) {transformation: [-0.9992f,-0.0057f,-0.0399f,-0.25f,-0.0196f,0.934f,0.3567f,1.3198f,0.0352f,0.3572f,-0.9334f,0.0491f,0f,0f,0f,1f],start_interpolation: 0,interpolation_duration: 1}
data modify entity @s data merge value {"cameras":{},"locators":{"mouse":{"posx":-3.812502085944442e-17,"posy":1.474271180865009,"posz":0.3113144205005765,"roty":0,"rotx":0.1521739130434765},"left_arm":{"posx":0.3205924107509421,"posy":0.6660606596023831,"posz":-0.16102381486247916,"roty":1.5308186967611164,"rotx":17.95974276087009},"right_arm":{"posx":-0.30852812600528245,"posy":0.6764850150865607,"posz":-0.19427760111311487,"roty":357.55462351996647,"rotx":20.89711761424211}}}