# This file was generated by Animated Java via MC-Build. It is not recommended to edit this file directly.
$data merge entity $(bone_eyes) {transformation: [-1f,0f,0f,-0.0156f,0f,1f,0.0018f,1.7245f,0f,0.0018f,-1f,0.311f,0f,0f,0f,1f],start_interpolation: 0,interpolation_duration: 1}
$data merge entity $(bone_head) {transformation: [-1f,0f,0f,0f,0f,1f,0.0018f,1.3812f,0f,0.0018f,-1f,0.0591f,0f,0f,0f,1f],start_interpolation: 0,interpolation_duration: 1}
$data merge entity $(bone_fabric_overray) {transformation: [-1f,0f,0f,0f,0f,0.9605f,0.2783f,1.3812f,0f,0.2783f,-0.9605f,0.0591f,0f,0f,0f,1f],start_interpolation: 0,interpolation_duration: 1}
$data merge entity $(bone_fabric) {transformation: [-1f,0f,0f,0f,0f,0.9605f,0.2783f,1.3812f,0f,0.2783f,-0.9605f,0.0591f,0f,0f,0f,1f],start_interpolation: 0,interpolation_duration: 1}
$data merge entity $(bone_bone_overray) {transformation: [-1f,0f,0f,0f,0f,0.9791f,0.2034f,1.3812f,0f,0.2034f,-0.9791f,0.0591f,0f,0f,0f,1f],start_interpolation: 0,interpolation_duration: 1}
$data merge entity $(bone_bone) {transformation: [-1f,0f,0f,0f,0f,0.9791f,0.2034f,1.3812f,0f,0.2034f,-0.9791f,0.0591f,0f,0f,0f,1f],start_interpolation: 0,interpolation_duration: 1}
$data merge entity $(bone_left_arm1) {transformation: [-0.9998f,-0.0084f,0.0195f,0.25f,-0.0027f,0.9615f,0.2748f,1.3198f,-0.0211f,0.2747f,-0.9613f,0.0475f,0f,0f,0f,1f],start_interpolation: 0,interpolation_duration: 1}
$data merge entity $(bone_right_arm1) {transformation: [-0.9995f,-0.0057f,-0.0326f,-0.25f,-0.0159f,0.9465f,0.3223f,1.3198f,0.029f,0.3227f,-0.9461f,0.0475f,0f,0f,0f,1f],start_interpolation: 0,interpolation_duration: 1}
data modify entity @s data merge value {"cameras":{},"locators":{"mouse":{"posx":-3.787602098103713e-17,"posy":1.4744779453945058,"posz":0.3092811821939836,"roty":0,"rotx":0.10144927536231717},"left_arm":{"posx":0.31825752498401194,"posy":0.6589043193308137,"posz":-0.14004323579377645,"roty":1.1637608972538374,"rotx":15.952245940453526},"right_arm":{"posx":-0.30855987756268227,"posy":0.6680488575035829,"posz":-0.17251007144648275,"roty":358.0284364641761,"rotx":18.80350975174938}}}