# This file was generated by Animated Java via MC-Build. It is not recommended to edit this file directly.
$data merge entity $(bone_eyes) {transformation: [-1f,0f,0f,-0.0156f,0f,1f,0.0009f,1.7247f,0f,0.0009f,-1f,0.3087f,0f,0f,0f,1f],start_interpolation: 0,interpolation_duration: 1}
$data merge entity $(bone_head) {transformation: [-1f,0f,0f,0f,0f,1f,0.0009f,1.3811f,0f,0.0009f,-1f,0.0572f,0f,0f,0f,1f],start_interpolation: 0,interpolation_duration: 1}
$data merge entity $(bone_fabric_overray) {transformation: [-1f,0f,0f,0f,0f,0.9661f,0.2582f,1.3811f,0f,0.2582f,-0.9661f,0.0572f,0f,0f,0f,1f],start_interpolation: 0,interpolation_duration: 1}
$data merge entity $(bone_fabric) {transformation: [-1f,0f,0f,0f,0f,0.9661f,0.2582f,1.3811f,0f,0.2582f,-0.9661f,0.0572f,0f,0f,0f,1f],start_interpolation: 0,interpolation_duration: 1}
$data merge entity $(bone_bone_overray) {transformation: [-1f,0f,0f,0f,0f,0.9822f,0.1881f,1.3811f,0f,0.1881f,-0.9822f,0.0572f,0f,0f,0f,1f],start_interpolation: 0,interpolation_duration: 1}
$data merge entity $(bone_bone) {transformation: [-1f,0f,0f,0f,0f,0.9822f,0.1881f,1.3811f,0f,0.1881f,-0.9822f,0.0572f,0f,0f,0f,1f],start_interpolation: 0,interpolation_duration: 1}
$data merge entity $(bone_left_arm1) {transformation: [-0.9999f,-0.0056f,0.014f,0.25f,-0.002f,0.97f,0.2432f,1.3197f,-0.0149f,0.2431f,-0.9699f,0.0459f,0f,0f,0f,1f],start_interpolation: 0,interpolation_duration: 1}
$data merge entity $(bone_right_arm1) {transformation: [-0.9997f,-0.0053f,-0.0257f,-0.25f,-0.0125f,0.9572f,0.2892f,1.3197f,0.0231f,0.2894f,-0.9569f,0.0459f,0f,0f,0f,1f],start_interpolation: 0,interpolation_duration: 1}
data modify entity @s data merge value {"cameras":{},"locators":{"mouse":{"posx":-3.762701262082987e-17,"posy":1.4746726961375292,"posz":0.3072478746282378,"roty":0,"rotx":0.05072463768116081},"left_arm":{"posx":0.31632007686565317,"posy":0.6529246985259703,"posz":-0.12027721547560596,"roty":0.8248506104044679,"rotx":14.073928026080265},"right_arm":{"posx":-0.30886184283701784,"posy":0.6608103890282158,"posz":-0.15158280241806746,"roty":358.458618564631,"rotx":16.80886815156819}}}