# This file was generated by Animated Java via MC-Build. It is not recommended to edit this file directly.
$data merge entity $(bone_eyes) {transformation: [-1f,0f,0f,-0.0156f,0f,1f,0f,1.7249f,0f,0f,-1f,0.3065f,0f,0f,0f,1f],start_interpolation: 0,interpolation_duration: 1}
$data merge entity $(bone_head) {transformation: [-1f,0f,0f,0f,0f,1f,0f,1.3811f,0f,0f,-1f,0.0552f,0f,0f,0f,1f],start_interpolation: 0,interpolation_duration: 1}
$data merge entity $(bone_fabric_overray) {transformation: [-1f,0f,0f,0f,0f,0.9711f,0.2387f,1.3811f,0f,0.2387f,-0.9711f,0.0552f,0f,0f,0f,1f],start_interpolation: 0,interpolation_duration: 1}
$data merge entity $(bone_fabric) {transformation: [-1f,0f,0f,0f,0f,0.9711f,0.2387f,1.3811f,0f,0.2387f,-0.9711f,0.0552f,0f,0f,0f,1f],start_interpolation: 0,interpolation_duration: 1}
$data merge entity $(bone_bone_overray) {transformation: [-1f,0f,0f,0f,0f,0.9848f,0.1736f,1.3811f,0f,0.1736f,-0.9848f,0.0552f,0f,0f,0f,1f],start_interpolation: 0,interpolation_duration: 1}
$data merge entity $(bone_bone) {transformation: [-1f,0f,0f,0f,0f,0.9848f,0.1736f,1.3811f,0f,0.1736f,-0.9848f,0.0552f,0f,0f,0f,1f],start_interpolation: 0,interpolation_duration: 1}
$data merge entity $(bone_left_arm1) {transformation: [-1f,-0.0033f,0.0088f,0.25f,-0.0013f,0.9769f,0.2136f,1.3196f,-0.0093f,0.2136f,-0.9769f,0.0444f,0f,0f,0f,1f],start_interpolation: 0,interpolation_duration: 1}
$data merge entity $(bone_right_arm1) {transformation: [-0.9998f,-0.0045f,-0.0194f,-0.25f,-0.0094f,0.9662f,0.2575f,1.3196f,0.0176f,0.2576f,-0.9661f,0.0444f,0f,0f,0f,1f],start_interpolation: 0,interpolation_duration: 1}
data modify entity @s data merge value {"cameras":{},"locators":{"mouse":{"posx":-3.737800473764221e-17,"posy":1.474855433920498,"posz":0.3052145709576527,"roty":0,"rotx":0},"left_arm":{"posx":0.31474142852616216,"posy":0.648003591656255,"posz":-0.10189103466150652,"roty":0.5163494662275241,"rotx":12.333244098485332},"right_arm":{"posx":-0.30937928307494494,"posy":0.6546818355274795,"posz":-0.13165077848629125,"roty":358.8467432563909,"rotx":14.921142722252023}}}