# This file was generated by Animated Java via MC-Build. It is not recommended to edit this file directly.
$data merge entity $(bone_fabric_overray) {transformation: [-1f,0f,0f,0f,0f,0.9742f,0.2258f,1.3811f,0f,0.2258f,-0.9742f,0.0552f,0f,0f,0f,1f],start_interpolation: 0,interpolation_duration: 1}
$data merge entity $(bone_fabric) {transformation: [-1f,0f,0f,0f,0f,0.9742f,0.2258f,1.3811f,0f,0.2258f,-0.9742f,0.0552f,0f,0f,0f,1f],start_interpolation: 0,interpolation_duration: 1}
$data merge entity $(bone_left_arm1) {transformation: [-1f,-0.0014f,0.0041f,0.25f,-0.0006f,0.9813f,0.1923f,1.3196f,-0.0043f,0.1923f,-0.9813f,0.0444f,0f,0f,0f,1f],start_interpolation: 0,interpolation_duration: 1}
$data merge entity $(bone_right_arm1) {transformation: [-0.9999f,-0.0035f,-0.0137f,-0.25f,-0.0066f,0.9724f,0.2334f,1.3196f,0.0125f,0.2335f,-0.9723f,0.0444f,0f,0f,0f,1f],start_interpolation: 0,interpolation_duration: 1}
data modify entity @s data merge value {"cameras":{},"locators":{"left_arm":{"posx":0.31348142120913774,"posy":0.6449298168226761,"posz":-0.08759881190258652,"roty":0.24088181324296443,"rotx":11.089360052524151},"right_arm":{"posx":-0.3100565721851542,"posy":0.6506479588861942,"posz":-0.11538557231591891,"roty":359.19291224981646,"rotx":13.498936830815206}}}