# This file was generated by Animated Java via MC-Build. It is not recommended to edit this file directly.
$data merge entity $(bone_eyes) {transformation: [-1f,0f,0f,-0.0156f,0f,0.9993f,-0.0379f,1.734f,0f,-0.0379f,-0.9993f,0.2891f,0f,0f,0f,1f],start_interpolation: 0,interpolation_duration: 1}
$data merge entity $(bone_head) {transformation: [-1f,0f,0f,0f,0f,0.9993f,-0.0379f,1.381f,0f,-0.0379f,-0.9993f,0.0511f,0f,0f,0f,1f],start_interpolation: 0,interpolation_duration: 1}
$data merge entity $(bone_fabric_overray) {transformation: [-1f,0f,0f,0f,0f,0.987f,0.1609f,1.381f,0f,0.1609f,-0.987f,0.0511f,0f,0f,0f,1f],start_interpolation: 0,interpolation_duration: 1}
$data merge entity $(bone_fabric) {transformation: [-1f,0f,0f,0f,0f,0.987f,0.1609f,1.381f,0f,0.1609f,-0.987f,0.0511f,0f,0f,0f,1f],start_interpolation: 0,interpolation_duration: 1}
$data merge entity $(bone_bone_overray) {transformation: [-1f,0f,0f,0f,0f,0.987f,0.1609f,1.381f,0f,0.1609f,-0.987f,0.0511f,0f,0f,0f,1f],start_interpolation: 0,interpolation_duration: 1}
$data merge entity $(bone_bone) {transformation: [-1f,0f,0f,0f,0f,0.987f,0.1609f,1.381f,0f,0.1609f,-0.987f,0.0511f,0f,0f,0f,1f],start_interpolation: 0,interpolation_duration: 1}
$data merge entity $(bone_left_arm1) {transformation: [-1f,0f,0f,0.25f,0f,0.9965f,-0.0841f,1.3193f,0f,-0.0841f,-0.9965f,0.041f,0f,0f,0f,1f],start_interpolation: 0,interpolation_duration: 1}
$data merge entity $(bone_right_arm1) {transformation: [-1f,0f,0f,-0.25f,0f,0.9965f,-0.0841f,1.3193f,0f,-0.0841f,-0.9965f,0.041f,0f,0f,0f,1f],start_interpolation: 0,interpolation_duration: 1}
data modify entity @s data merge value {"cameras":{},"locators":{"mouse":{"posx":-3.641469310549058e-17,"posy":1.4841416485355787,"posz":0.2973485345394599,"roty":0,"rotx":-2.1720116618075793},"left_arm":{"posx":0.3125,"posy":0.63423271406443,"posz":0.09883655767656563,"roty":0,"rotx":-4.823440233236153},"right_arm":{"posx":-0.3125,"posy":0.63423271406443,"posz":0.09883655767656557,"roty":0,"rotx":-4.823440233236153}}}