# This file was generated by Animated Java via MC-Build. It is not recommended to edit this file directly.
$data merge entity $(bone_eyes) {transformation: [-1f,0f,0f,-0.0156f,0f,0.8521f,-0.5234f,1.7933f,0f,-0.5234f,-0.8521f,0.0088f,0f,0f,0f,1f],start_interpolation: 0,interpolation_duration: 1}
$data merge entity $(bone_head) {transformation: [-1f,0f,0f,0f,0f,0.8521f,-0.5234f,1.3688f,0f,-0.5234f,-0.8521f,-0.0253f,0f,0f,0f,1f],start_interpolation: 0,interpolation_duration: 1}
$data merge entity $(bone_fabric_overray) {transformation: [-1f,0f,0f,0f,0f,0.9967f,-0.0817f,1.3688f,0f,-0.0817f,-0.9967f,-0.0253f,0f,0f,0f,1f],start_interpolation: 0,interpolation_duration: 1}
$data merge entity $(bone_fabric) {transformation: [-1f,0f,0f,0f,0f,0.9967f,-0.0817f,1.3688f,0f,-0.0817f,-0.9967f,-0.0253f,0f,0f,0f,1f],start_interpolation: 0,interpolation_duration: 1}
$data merge entity $(bone_bone_overray) {transformation: [-1f,0f,0f,0f,0f,0.9967f,-0.0817f,1.3688f,0f,-0.0817f,-0.9967f,-0.0253f,0f,0f,0f,1f],start_interpolation: 0,interpolation_duration: 1}
$data merge entity $(bone_bone) {transformation: [-1f,0f,0f,0f,0f,0.9967f,-0.0817f,1.3688f,0f,-0.0817f,-0.9967f,-0.0253f,0f,0f,0f,1f],start_interpolation: 0,interpolation_duration: 1}
$data merge entity $(bone_left_arm1) {transformation: [-1f,0f,0f,0.25f,0f,-0.711f,0.7032f,1.3066f,0f,0.7032f,0.711f,-0.0202f,0f,0f,0f,1f],start_interpolation: 0,interpolation_duration: 1}
$data merge entity $(bone_right_arm1) {transformation: [-1f,0f,0f,-0.25f,0f,-0.711f,0.7032f,1.3066f,0f,0.7032f,0.711f,-0.0202f,0f,0f,0f,1f],start_interpolation: 0,interpolation_duration: 1}
data modify entity @s data merge value {"cameras":{},"locators":{"mouse":{"posx":-1.6975714694785647e-17,"posy":1.5795858144458204,"posz":0.13861722993605016,"roty":0,"rotx":-31.562500000000004},"left_arm":{"posx":0.31250000000000006,"posy":1.7953363709828767,"posz":-0.5036984553972511,"roty":180,"rotx":44.68749999999998},"right_arm":{"posx":-0.31249999999999994,"posy":1.7953363709828767,"posz":-0.5036984553972511,"roty":180,"rotx":44.68749999999998}}}