# This file was generated by Animated Java via MC-Build. It is not recommended to edit this file directly.
$data merge entity $(bone_eyes) {transformation: [-1f,0f,0f,-0.0156f,0f,0.8165f,-0.5774f,1.7959f,0f,-0.5774f,-0.8165f,-0.0139f,0f,0f,0f,1f],start_interpolation: 0,interpolation_duration: 1}
$data merge entity $(bone_head) {transformation: [-1f,0f,0f,0f,0f,0.8165f,-0.5774f,1.3702f,0f,-0.5774f,-0.8165f,-0.0206f,0f,0f,0f,1f],start_interpolation: 0,interpolation_duration: 1}
$data merge entity $(bone_fabric_overray) {transformation: [-1f,0f,0f,0f,0f,0.9978f,-0.0664f,1.3702f,0f,-0.0664f,-0.9978f,-0.0206f,0f,0f,0f,1f],start_interpolation: 0,interpolation_duration: 1}
$data merge entity $(bone_fabric) {transformation: [-1f,0f,0f,0f,0f,0.9978f,-0.0664f,1.3702f,0f,-0.0664f,-0.9978f,-0.0206f,0f,0f,0f,1f],start_interpolation: 0,interpolation_duration: 1}
$data merge entity $(bone_bone_overray) {transformation: [-1f,0f,0f,0f,0f,0.9978f,-0.0664f,1.3702f,0f,-0.0664f,-0.9978f,-0.0206f,0f,0f,0f,1f],start_interpolation: 0,interpolation_duration: 1}
$data merge entity $(bone_bone) {transformation: [-1f,0f,0f,0f,0f,0.9978f,-0.0664f,1.3702f,0f,-0.0664f,-0.9978f,-0.0206f,0f,0f,0f,1f],start_interpolation: 0,interpolation_duration: 1}
$data merge entity $(bone_left_arm1) {transformation: [-1f,0f,0f,0.25f,0f,-0.2657f,0.964f,1.3078f,0f,0.964f,0.2657f,-0.0165f,0f,0f,0f,1f],start_interpolation: 0,interpolation_duration: 1}
$data merge entity $(bone_right_arm1) {transformation: [-1f,0f,0f,-0.25f,0f,-0.2657f,0.964f,1.3078f,0f,0.964f,0.2657f,-0.0165f,0f,0f,0f,1f],start_interpolation: 0,interpolation_duration: 1}
data modify entity @s data merge value {"cameras":{},"locators":{"mouse":{"posx":-1.5843882215104874e-17,"posy":1.59104829657589,"posz":0.12937511636935647,"roty":0,"rotx":-35.26620370370372},"left_arm":{"posx":0.3125000000000001,"posy":1.490493090162375,"posz":-0.679245673739372,"roty":180,"rotx":74.58912037037044},"right_arm":{"posx":-0.3124999999999999,"posy":1.490493090162375,"posz":-0.6792456737393721,"roty":180,"rotx":74.58912037037044}}}