# This file was generated by Animated Java via MC-Build. It is not recommended to edit this file directly.
$data merge entity $(bone_eyes) {transformation: [-1f,0f,0f,-0.0156f,0f,0.8549f,-0.5188f,1.8016f,0f,-0.5188f,-0.8549f,0.0502f,0f,0f,0f,1f],start_interpolation: 0,interpolation_duration: 1}
$data merge entity $(bone_head) {transformation: [-1f,0f,0f,0f,0f,0.8549f,-0.5188f,1.3774f,0f,-0.5188f,-0.8549f,0.0137f,0f,0f,0f,1f],start_interpolation: 0,interpolation_duration: 1}
$data merge entity $(bone_fabric_overray) {transformation: [-1f,0f,0f,0f,0f,0.999f,0.0436f,1.3774f,0f,0.0436f,-0.999f,0.0137f,0f,0f,0f,1f],start_interpolation: 0,interpolation_duration: 1}
$data merge entity $(bone_fabric) {transformation: [-1f,0f,0f,0f,0f,0.999f,0.0436f,1.3774f,0f,0.0436f,-0.999f,0.0137f,0f,0f,0f,1f],start_interpolation: 0,interpolation_duration: 1}
$data merge entity $(bone_bone_overray) {transformation: [-1f,0f,0f,0f,0f,0.999f,0.0436f,1.3774f,0f,0.0436f,-0.999f,0.0137f,0f,0f,0f,1f],start_interpolation: 0,interpolation_duration: 1}
$data merge entity $(bone_bone) {transformation: [-1f,0f,0f,0f,0f,0.999f,0.0436f,1.3774f,0f,0.0436f,-0.999f,0.0137f,0f,0f,0f,1f],start_interpolation: 0,interpolation_duration: 1}
$data merge entity $(bone_left_arm1) {transformation: [-1f,0f,0f,0.25f,0f,-0.4723f,0.8814f,1.315f,0f,0.8814f,0.4723f,0.011f,0f,0f,0f,1f],start_interpolation: 0,interpolation_duration: 1}
$data merge entity $(bone_right_arm1) {transformation: [-1f,0f,0f,-0.25f,0f,-0.4723f,0.8814f,1.315f,0f,0.8814f,0.4723f,0.011f,0f,0f,0f,1f],start_interpolation: 0,interpolation_duration: 1}
data modify entity @s data merge value {"cameras":{},"locators":{"mouse":{"posx":-2.1894666479615144e-17,"posy":1.5872700833703832,"posz":0.1787835194184892,"roty":0,"rotx":-31.250000000000004},"left_arm":{"posx":0.31250000000000006,"posy":1.6396934104745102,"posz":-0.5950247922151582,"roty":180,"rotx":61.81640625},"right_arm":{"posx":-0.31249999999999994,"posy":1.6396934104745102,"posz":-0.5950247922151582,"roty":180,"rotx":61.81640625}}}