# This file was generated by Animated Java via MC-Build. It is not recommended to edit this file directly.
$data merge entity $(bone_eyes) {transformation: [-1f,0f,0f,-0.0156f,0f,0.9092f,-0.4163f,1.7983f,0f,-0.4163f,-0.9092f,0.1486f,0f,0f,0f,1f],start_interpolation: 0,interpolation_duration: 1}
$data merge entity $(bone_head) {transformation: [-1f,0f,0f,0f,0f,0.9092f,-0.4163f,1.3812f,0f,-0.4163f,-0.9092f,0.0632f,0f,0f,0f,1f],start_interpolation: 0,interpolation_duration: 1}
$data merge entity $(bone_fabric_overray) {transformation: [-1f,0f,0f,0f,0f,0.9801f,0.1984f,1.3812f,0f,0.1984f,-0.9801f,0.0632f,0f,0f,0f,1f],start_interpolation: 0,interpolation_duration: 1}
$data merge entity $(bone_fabric) {transformation: [-1f,0f,0f,0f,0f,0.9801f,0.1984f,1.3812f,0f,0.1984f,-0.9801f,0.0632f,0f,0f,0f,1f],start_interpolation: 0,interpolation_duration: 1}
$data merge entity $(bone_bone_overray) {transformation: [-1f,0f,0f,0f,0f,0.9801f,0.1984f,1.3812f,0f,0.1984f,-0.9801f,0.0632f,0f,0f,0f,1f],start_interpolation: 0,interpolation_duration: 1}
$data merge entity $(bone_bone) {transformation: [-1f,0f,0f,0f,0f,0.9801f,0.1984f,1.3812f,0f,0.1984f,-0.9801f,0.0632f,0f,0f,0f,1f],start_interpolation: 0,interpolation_duration: 1}
$data merge entity $(bone_left_arm1) {transformation: [-1f,0f,0f,0.25f,0f,-0.8783f,0.478f,1.3199f,0f,0.478f,0.8783f,0.0508f,0f,0f,0f,1f],start_interpolation: 0,interpolation_duration: 1}
$data merge entity $(bone_right_arm1) {transformation: [-1f,0f,0f,-0.25f,0f,-0.8783f,0.478f,1.3199f,0f,0.478f,0.8783f,0.0508f,0f,0f,0f,1f],start_interpolation: 0,interpolation_duration: 1}
data modify entity @s data merge value {"cameras":{},"locators":{"mouse":{"posx":-3.080306439151733e-17,"posy":1.5704949870993388,"posz":0.25152610869487935,"roty":0,"rotx":-24.59879557291669},"left_arm":{"posx":0.31250000000000006,"posy":1.9237895474448843,"posz":-0.2778089081875052,"roty":180,"rotx":28.55712890625},"right_arm":{"posx":-0.31249999999999994,"posy":1.9237895474448843,"posz":-0.27780890818750525,"roty":180,"rotx":28.55712890625}}}