# This file was generated by Animated Java via MC-Build. It is not recommended to edit this file directly.
$data merge entity $(bone_eyes) {transformation: [-1f,0f,0f,-0.0156f,0f,0.9691f,-0.2468f,1.7685f,0f,-0.2468f,-0.9691f,0.2914f,0f,0f,0f,1f],start_interpolation: 0,interpolation_duration: 1}
$data merge entity $(bone_head) {transformation: [-1f,0f,0f,0f,0f,0.9691f,-0.2468f,1.3734f,0f,-0.2468f,-0.9691f,0.1327f,0f,0f,0f,1f],start_interpolation: 0,interpolation_duration: 1}
$data merge entity $(bone_fabric_overray) {transformation: [-1f,0f,0f,0f,0f,0.9132f,0.4074f,1.3734f,0f,0.4074f,-0.9132f,0.1327f,0f,0f,0f,1f],start_interpolation: 0,interpolation_duration: 1}
$data merge entity $(bone_fabric) {transformation: [-1f,0f,0f,0f,0f,0.9132f,0.4074f,1.3734f,0f,0.4074f,-0.9132f,0.1327f,0f,0f,0f,1f],start_interpolation: 0,interpolation_duration: 1}
$data merge entity $(bone_bone_overray) {transformation: [-1f,0f,0f,0f,0f,0.9132f,0.4074f,1.3734f,0f,0.4074f,-0.9132f,0.1327f,0f,0f,0f,1f],start_interpolation: 0,interpolation_duration: 1}
$data merge entity $(bone_bone) {transformation: [-1f,0f,0f,0f,0f,0.9132f,0.4074f,1.3734f,0f,0.4074f,-0.9132f,0.1327f,0f,0f,0f,1f],start_interpolation: 0,interpolation_duration: 1}
$data merge entity $(bone_left_arm1) {transformation: [-1f,0f,0f,0.25f,0f,-0.9823f,-0.1872f,1.3163f,0f,-0.1872f,0.9823f,0.1073f,0f,0f,0f,1f],start_interpolation: 0,interpolation_duration: 1}
$data merge entity $(bone_right_arm1) {transformation: [-1f,0f,0f,-0.25f,0f,-0.9823f,-0.1872f,1.3163f,0f,-0.1872f,0.9823f,0.1073f,0f,0f,0f,1f],start_interpolation: 0,interpolation_duration: 1}
data modify entity @s data merge value {"cameras":{},"locators":{"mouse":{"posx":-4.3091057324890094e-17,"posy":1.525909535818262,"posz":0.3518651855775213,"roty":0,"rotx":-14.290364583333336},"left_arm":{"posx":0.3125,"posy":1.991613821587555,"posz":0.2360110862412439,"roty":180,"rotx":-10.79223988702627},"right_arm":{"posx":-0.3125,"posy":1.991613821587555,"posz":0.23601108624124384,"roty":180,"rotx":-10.79223988702627}}}