# This file was generated by Animated Java via MC-Build. It is not recommended to edit this file directly.
$data merge entity $(bone_eyes) {transformation: [-1f,0f,0f,-0.0156f,0f,0.9761f,0.2173f,1.5721f,0f,0.2173f,-0.9761f,0.6045f,0f,0f,0f,1f],start_interpolation: 0,interpolation_duration: 1}
$data merge entity $(bone_head) {transformation: [-1f,0f,0f,0f,0f,0.9761f,0.2173f,1.2911f,0f,0.2173f,-0.9761f,0.2845f,0f,0f,0f,1f],start_interpolation: 0,interpolation_duration: 1}
$data merge entity $(bone_fabric_overray) {transformation: [-1f,0f,0f,0f,0f,0.5669f,0.8238f,1.2911f,0f,0.8238f,-0.5669f,0.2845f,0f,0f,0f,1f],start_interpolation: 0,interpolation_duration: 1}
$data merge entity $(bone_fabric) {transformation: [-1f,0f,0f,0f,0f,0.5669f,0.8238f,1.2911f,0f,0.8238f,-0.5669f,0.2845f,0f,0f,0f,1f],start_interpolation: 0,interpolation_duration: 1}
$data merge entity $(bone_bone_overray) {transformation: [-1f,0f,0f,0f,0f,0.5669f,0.8238f,1.2911f,0f,0.8238f,-0.5669f,0.2845f,0f,0f,0f,1f],start_interpolation: 0,interpolation_duration: 1}
$data merge entity $(bone_bone) {transformation: [-1f,0f,0f,0f,0f,0.5669f,0.8238f,1.2911f,0f,0.8238f,-0.5669f,0.2845f,0f,0f,0f,1f],start_interpolation: 0,interpolation_duration: 1}
$data merge entity $(bone_left_arm1) {transformation: [-1f,0f,0f,0.25f,0f,0.5866f,-0.8099f,1.2557f,0f,-0.8099f,-0.5866f,0.233f,0f,0f,0f,1f],start_interpolation: 0,interpolation_duration: 1}
$data merge entity $(bone_right_arm1) {transformation: [-1f,0f,0f,-0.25f,0f,0.5866f,-0.8099f,1.2557f,0f,-0.8099f,-0.5866f,0.233f,0f,0f,0f,1f],start_interpolation: 0,interpolation_duration: 1}
data modify entity @s data merge value {"cameras":{},"locators":{"mouse":{"posx":-6.72225158896968e-17,"posy":1.3283084768811098,"posz":0.5489134984593087,"roty":0,"rotx":12.552083333333341},"left_arm":{"posx":0.3124999999999999,"posy":0.8524416761523728,"posz":0.7898354445479796,"roty":0,"rotx":-54.08664358600585},"right_arm":{"posx":-0.3125000000000001,"posy":0.8524416761523728,"posz":0.7898354445479796,"roty":0,"rotx":-54.08664358600585}}}