# This file was generated by Animated Java via MC-Build. It is not recommended to edit this file directly.
$data merge entity $(bone_eyes) {transformation: [-1f,0f,0f,-0.0156f,0f,0.8933f,0.4495f,1.413f,0f,0.4495f,-0.8933f,0.7191f,0f,0f,0f,1f],start_interpolation: 0,interpolation_duration: 1}
$data merge entity $(bone_head) {transformation: [-1f,0f,0f,0f,0f,0.8933f,0.4495f,1.2189f,0f,0.4495f,-0.8933f,0.3402f,0f,0f,0f,1f],start_interpolation: 0,interpolation_duration: 1}
$data merge entity $(bone_fabric_overray) {transformation: [-1f,0f,0f,0f,0f,0.3103f,0.9506f,1.2189f,0f,0.9506f,-0.3103f,0.3402f,0f,0f,0f,1f],start_interpolation: 0,interpolation_duration: 1}
$data merge entity $(bone_fabric) {transformation: [-1f,0f,0f,0f,0f,0.3103f,0.9506f,1.2189f,0f,0.9506f,-0.3103f,0.3402f,0f,0f,0f,1f],start_interpolation: 0,interpolation_duration: 1}
$data merge entity $(bone_bone_overray) {transformation: [-1f,0f,0f,0f,0f,0.3103f,0.9506f,1.2189f,0f,0.9506f,-0.3103f,0.3402f,0f,0f,0f,1f],start_interpolation: 0,interpolation_duration: 1}
$data merge entity $(bone_bone) {transformation: [-1f,0f,0f,0f,0f,0.3103f,0.9506f,1.2189f,0f,0.9506f,-0.3103f,0.3402f,0f,0f,0f,1f],start_interpolation: 0,interpolation_duration: 1}
$data merge entity $(bone_left_arm1) {transformation: [-1f,0f,0f,0.25f,0f,0.9839f,0.1789f,1.1995f,0f,0.1789f,-0.9839f,0.2808f,0f,0f,0f,1f],start_interpolation: 0,interpolation_duration: 1}
$data merge entity $(bone_right_arm1) {transformation: [-1f,0f,0f,-0.25f,0f,0.9839f,0.1789f,1.1995f,0f,0.1789f,-0.9839f,0.2808f,0f,0f,0f,1f],start_interpolation: 0,interpolation_duration: 1}
data modify entity @s data merge value {"cameras":{},"locators":{"mouse":{"posx":-7.416917442230098e-17,"posy":1.1902533191124993,"posz":0.6056372700597465,"roty":0,"rotx":26.713053385416664},"left_arm":{"posx":0.3125,"posy":0.5230810205464665,"posz":0.15779719653236907,"roty":0,"rotx":10.30331091700077},"right_arm":{"posx":-0.31250000000000006,"posy":0.5230810205464665,"posz":0.15779719653236896,"roty":0,"rotx":10.30331091700077}}}