# This file was generated by Animated Java via MC-Build. It is not recommended to edit this file directly.
$data merge entity $(bone_eyes) {transformation: [-1f,0f,0f,-0.0156f,0f,0.7684f,0.6399f,1.2431f,0f,0.6399f,-0.7684f,0.7847f,0f,0f,0f,1f],start_interpolation: 0,interpolation_duration: 1}
$data merge entity $(bone_head) {transformation: [-1f,0f,0f,0f,0f,0.7684f,0.6399f,1.1397f,0f,0.6399f,-0.7684f,0.3717f,0f,0f,0f,1f],start_interpolation: 0,interpolation_duration: 1}
$data merge entity $(bone_fabric_overray) {transformation: [-1f,0f,0f,0f,0f,0.0474f,0.9989f,1.1397f,0f,0.9989f,-0.0474f,0.3717f,0f,0f,0f,1f],start_interpolation: 0,interpolation_duration: 1}
$data merge entity $(bone_fabric) {transformation: [-1f,0f,0f,0f,0f,0.0474f,0.9989f,1.1397f,0f,0.9989f,-0.0474f,0.3717f,0f,0f,0f,1f],start_interpolation: 0,interpolation_duration: 1}
$data merge entity $(bone_bone_overray) {transformation: [-1f,0f,0f,0f,0f,0.0474f,0.9989f,1.1397f,0f,0.9989f,-0.0474f,0.3717f,0f,0f,0f,1f],start_interpolation: 0,interpolation_duration: 1}
$data merge entity $(bone_bone) {transformation: [-1f,0f,0f,0f,0f,0.0474f,0.9989f,1.1397f,0f,0.9989f,-0.0474f,0.3717f,0f,0f,0f,1f],start_interpolation: 0,interpolation_duration: 1}
$data merge entity $(bone_left_arm1) {transformation: [-1f,0f,0f,0.25f,0f,0.3147f,0.9492f,1.1368f,0f,0.9492f,-0.3147f,0.3093f,0f,0f,0f,1f],start_interpolation: 0,interpolation_duration: 1}
$data merge entity $(bone_right_arm1) {transformation: [-1f,0f,0f,-0.25f,0f,0.3147f,0.9492f,1.1368f,0f,0.9492f,-0.3147f,0.3093f,0f,0f,0f,1f],start_interpolation: 0,interpolation_duration: 1}
data modify entity @s data merge value {"cameras":{},"locators":{"mouse":{"posx":-7.639259659958074e-17,"posy":1.051795953582751,"posz":0.6237928899399257,"roty":0,"rotx":39.78515624999996},"left_arm":{"posx":0.31250000000000006,"posy":0.9204267344302045,"posz":-0.34331377895191145,"roty":0,"rotx":71.65833409256547},"right_arm":{"posx":-0.3125,"posy":0.9204267344302045,"posz":-0.34331377895191156,"roty":0,"rotx":71.65833409256547}}}