# This file was generated by Animated Java via MC-Build. It is not recommended to edit this file directly.
$data merge entity $(bone_eyes) {transformation: [-1f,0f,0f,-0.0156f,0f,0.9967f,-0.0815f,1.7438f,0f,-0.0815f,-0.9967f,0.2675f,0f,0f,0f,1f],start_interpolation: 0,interpolation_duration: 1}
$data merge entity $(bone_head) {transformation: [-1f,0f,0f,0f,0f,0.9967f,-0.0815f,1.3807f,0f,-0.0815f,-0.9967f,0.0451f,0f,0f,0f,1f],start_interpolation: 0,interpolation_duration: 1}
$data merge entity $(bone_fabric_overray) {transformation: [-1f,0f,0f,0f,0f,0.9898f,0.1424f,1.3807f,0f,0.1424f,-0.9898f,0.0451f,0f,0f,0f,1f],start_interpolation: 0,interpolation_duration: 1}
$data merge entity $(bone_fabric) {transformation: [-1f,0f,0f,0f,0f,0.9898f,0.1424f,1.3807f,0f,0.1424f,-0.9898f,0.0451f,0f,0f,0f,1f],start_interpolation: 0,interpolation_duration: 1}
$data merge entity $(bone_bone_overray) {transformation: [-1f,0f,0f,0f,0f,0.9898f,0.1424f,1.3807f,0f,0.1424f,-0.9898f,0.0451f,0f,0f,0f,1f],start_interpolation: 0,interpolation_duration: 1}
$data merge entity $(bone_bone) {transformation: [-1f,0f,0f,0f,0f,0.9898f,0.1424f,1.3807f,0f,0.1424f,-0.9898f,0.0451f,0f,0f,0f,1f],start_interpolation: 0,interpolation_duration: 1}
$data merge entity $(bone_left_arm1) {transformation: [-1f,0f,0f,0.25f,0f,0.9044f,-0.4266f,1.3189f,0f,-0.4266f,-0.9044f,0.0362f,0f,0f,0f,1f],start_interpolation: 0,interpolation_duration: 1}
$data merge entity $(bone_right_arm1) {transformation: [-1f,0f,0f,-0.25f,0f,0.9044f,-0.4266f,1.3189f,0f,-0.4266f,-0.9044f,0.0362f,0f,0f,0f,1f],start_interpolation: 0,interpolation_duration: 1}
data modify entity @s data merge value {"cameras":{},"locators":{"mouse":{"posx":-3.510586940580234e-17,"posy":1.4945162925272406,"posz":0.28666117798408824,"roty":0,"rotx":-4.6720116618075815},"left_arm":{"posx":0.31249999999999994,"posy":0.6970635678333039,"posz":0.3295485396366877,"roty":0,"rotx":-25.25486880466473},"right_arm":{"posx":-0.31250000000000006,"posy":0.6970635678333039,"posz":0.3295485396366876,"roty":0,"rotx":-25.25486880466473}}}