# This file was generated by Animated Java via MC-Build. It is not recommended to edit this file directly.
$data merge entity $(bone_eyes) {transformation: [-1f,0f,0f,-0.0156f,0f,-0.2414f,0.9704f,0.6193f,0f,0.9704f,0.2414f,0.6321f,0f,0f,0f,1f],start_interpolation: 0,interpolation_duration: 1}
$data merge entity $(bone_head) {transformation: [-1f,0f,0f,0f,0f,-0.2414f,0.9704f,0.9461f,0f,0.9704f,0.2414f,0.3592f,0f,0f,0f,1f],start_interpolation: 0,interpolation_duration: 1}
$data merge entity $(bone_fabric_overray) {transformation: [-1f,0f,0f,0f,0f,-0.5407f,0.8412f,0.9461f,0f,0.8412f,0.5407f,0.3592f,0f,0f,0f,1f],start_interpolation: 0,interpolation_duration: 1}
$data merge entity $(bone_fabric) {transformation: [-1f,0f,0f,0f,0f,-0.5407f,0.8412f,0.9461f,0f,0.8412f,0.5407f,0.3592f,0f,0f,0f,1f],start_interpolation: 0,interpolation_duration: 1}
$data merge entity $(bone_bone_overray) {transformation: [-1f,0f,0f,0f,0f,-0.5407f,0.8412f,0.9461f,0f,0.8412f,0.5407f,0.3592f,0f,0f,0f,1f],start_interpolation: 0,interpolation_duration: 1}
$data merge entity $(bone_bone) {transformation: [-1f,0f,0f,0f,0f,-0.5407f,0.8412f,0.9461f,0f,0.8412f,0.5407f,0.3592f,0f,0f,0f,1f],start_interpolation: 0,interpolation_duration: 1}
$data merge entity $(bone_left_arm1) {transformation: [-1f,0f,0f,0.25f,0f,-0.8664f,-0.4993f,0.9799f,0f,-0.4993f,0.8664f,0.3066f,0f,0f,0f,1f],start_interpolation: 0,interpolation_duration: 1}
$data merge entity $(bone_right_arm1) {transformation: [-1f,0f,0f,-0.25f,0f,-0.8672f,-0.4979f,0.9799f,0f,-0.4979f,0.8672f,0.3066f,0f,0f,0f,1f],start_interpolation: 0,interpolation_duration: 1}
data modify entity @s data merge value {"cameras":{},"locators":{"mouse":{"posx":-4.773461779142395e-17,"posy":0.6808522514659889,"posz":0.3897827342925214,"roty":180,"rotx":76.02821759259255},"left_arm":{"posx":0.31249999999999994,"posy":1.5755405757090248,"posz":0.6498920746325505,"roty":180,"rotx":-29.956597222222296},"right_arm":{"posx":-0.3125000000000001,"posy":1.5760945843074101,"posz":0.6489290248567843,"roty":180,"rotx":-29.864004629629697}}}