# This file was generated by Animated Java via MC-Build. It is not recommended to edit this file directly.
$data merge entity $(bone_eyes) {transformation: [-1f,0f,0f,-0.0156f,0f,-0.5794f,0.815f,0.5056f,0f,0.815f,0.5794f,0.4766f,0f,0f,0f,1f],start_interpolation: 0,interpolation_duration: 1}
$data merge entity $(bone_head) {transformation: [-1f,0f,0f,0f,0f,-0.5794f,0.815f,0.9095f,0f,0.815f,0.5794f,0.3421f,0f,0f,0f,1f],start_interpolation: 0,interpolation_duration: 1}
$data merge entity $(bone_fabric_overray) {transformation: [-1f,0f,0f,0f,0f,-0.6428f,0.766f,0.9095f,0f,0.766f,0.6428f,0.3421f,0f,0f,0f,1f],start_interpolation: 0,interpolation_duration: 1}
$data merge entity $(bone_fabric) {transformation: [-1f,0f,0f,0f,0f,-0.6428f,0.766f,0.9095f,0f,0.766f,0.6428f,0.3421f,0f,0f,0f,1f],start_interpolation: 0,interpolation_duration: 1}
$data merge entity $(bone_bone_overray) {transformation: [-1f,0f,0f,0f,0f,-0.6428f,0.766f,0.9095f,0f,0.766f,0.6428f,0.3421f,0f,0f,0f,1f],start_interpolation: 0,interpolation_duration: 1}
$data merge entity $(bone_bone) {transformation: [-1f,0f,0f,0f,0f,-0.6428f,0.766f,0.9095f,0f,0.766f,0.6428f,0.3421f,0f,0f,0f,1f],start_interpolation: 0,interpolation_duration: 1}
$data merge entity $(bone_left_arm1) {transformation: [-1f,0f,0f,0.25f,0f,-0.7071f,-0.7071f,0.9497f,0f,-0.7071f,0.7071f,0.2942f,0f,0f,0f,1f],start_interpolation: 0,interpolation_duration: 1}
$data merge entity $(bone_right_arm1) {transformation: [-1f,0f,0f,-0.25f,0f,-0.7094f,-0.7048f,0.9497f,0f,-0.7048f,0.7094f,0.2942f,0f,0f,0f,1f],start_interpolation: 0,interpolation_duration: 1}
data modify entity @s data merge value {"cameras":{},"locators":{"mouse":{"posx":-3.3507487167354123e-17,"posy":0.6514307866873064,"posz":0.27360939652709126,"roty":180,"rotx":54.58853223593967},"left_arm":{"posx":0.3124999999999999,"posy":1.4358167873390526,"posz":0.7803212484509048,"roty":180,"rotx":-45.00000000000001},"right_arm":{"posx":-0.3125000000000001,"posy":1.4373854810242277,"posz":0.7787474763933604,"roty":180,"rotx":-44.81481481481481}}}