# This file was generated by Animated Java via MC-Build. It is not recommended to edit this file directly.
$data merge entity $(bone_eyes) {transformation: [-1f,0f,0f,-0.0156f,0f,-0.8315f,0.5555f,0.5219f,0f,0.5555f,0.8315f,0.3417f,0f,0f,0f,1f],start_interpolation: 0,interpolation_duration: 1}
$data merge entity $(bone_head) {transformation: [-1f,0f,0f,0f,0f,-0.8315f,0.5555f,0.9473f,0f,0.5555f,0.8315f,0.3596f,0f,0f,0f,1f],start_interpolation: 0,interpolation_duration: 1}
$data merge entity $(bone_fabric_overray) {transformation: [-1f,0f,0f,0f,0f,-0.5373f,0.8434f,0.9473f,0f,0.8434f,0.5373f,0.3596f,0f,0f,0f,1f],start_interpolation: 0,interpolation_duration: 1}
$data merge entity $(bone_fabric) {transformation: [-1f,0f,0f,0f,0f,-0.5373f,0.8434f,0.9473f,0f,0.8434f,0.5373f,0.3596f,0f,0f,0f,1f],start_interpolation: 0,interpolation_duration: 1}
$data merge entity $(bone_bone_overray) {transformation: [-1f,0f,0f,0f,0f,-0.5373f,0.8434f,0.9473f,0f,0.8434f,0.5373f,0.3596f,0f,0f,0f,1f],start_interpolation: 0,interpolation_duration: 1}
$data merge entity $(bone_bone) {transformation: [-1f,0f,0f,0f,0f,-0.5373f,0.8434f,0.9473f,0f,0.8434f,0.5373f,0.3596f,0f,0f,0f,1f],start_interpolation: 0,interpolation_duration: 1}
$data merge entity $(bone_left_arm1) {transformation: [-1f,0f,0f,0.25f,0f,-0.9541f,-0.2994f,0.9809f,0f,-0.2994f,0.9541f,0.3069f,0f,0f,0f,1f],start_interpolation: 0,interpolation_duration: 1}
$data merge entity $(bone_right_arm1) {transformation: [-1f,0f,0f,-0.25f,0f,-0.9534f,-0.3017f,0.9809f,0f,-0.3017f,0.9534f,0.3069f,0f,0f,0f,1f],start_interpolation: 0,interpolation_duration: 1}
data modify entity @s data merge value {"cameras":{},"locators":{"mouse":{"posx":-2.4964762000600697e-17,"posy":0.7304670314501431,"posz":0.20385275181368323,"roty":180,"rotx":33.748518518518495},"left_arm":{"posx":0.31249999999999994,"posy":1.6368582373401017,"posz":0.5127398466492906,"roty":180,"rotx":-17.419233658903057},"right_arm":{"posx":-0.3125000000000001,"posy":1.6363434338646565,"posz":0.5143735283454292,"roty":180,"rotx":-17.56198347107436}}}