# This file was generated by Animated Java via MC-Build. It is not recommended to edit this file directly.
$data merge entity $(bone_eyes) {transformation: [-1f,0f,0f,-0.0156f,0f,-0.8989f,0.4382f,0.5498f,0f,0.4382f,0.8989f,0.2919f,0f,0f,0f,1f],start_interpolation: 0,interpolation_duration: 1}
$data merge entity $(bone_head) {transformation: [-1f,0f,0f,0f,0f,-0.8989f,0.4382f,0.9689f,0f,0.4382f,0.8989f,0.3671f,0f,0f,0f,1f],start_interpolation: 0,interpolation_duration: 1}
$data merge entity $(bone_fabric_overray) {transformation: [-1f,0f,0f,0f,0f,-0.5278f,0.8494f,0.9689f,0f,0.8494f,0.5278f,0.3671f,0f,0f,0f,1f],start_interpolation: 0,interpolation_duration: 1}
$data merge entity $(bone_fabric) {transformation: [-1f,0f,0f,0f,0f,-0.5278f,0.8494f,0.9689f,0f,0.8494f,0.5278f,0.3671f,0f,0f,0f,1f],start_interpolation: 0,interpolation_duration: 1}
$data merge entity $(bone_bone_overray) {transformation: [-1f,0f,0f,0f,0f,-0.4756f,0.8797f,0.9689f,0f,0.8797f,0.4756f,0.3671f,0f,0f,0f,1f],start_interpolation: 0,interpolation_duration: 1}
$data merge entity $(bone_bone) {transformation: [-1f,0f,0f,0f,0f,-0.4756f,0.8797f,0.9689f,0f,0.8797f,0.4756f,0.3671f,0f,0f,0f,1f],start_interpolation: 0,interpolation_duration: 1}
$data merge entity $(bone_left_arm1) {transformation: [-1f,0f,0f,0.25f,0f,-0.9993f,-0.0386f,0.9986f,0f,-0.0386f,0.9993f,0.3121f,0f,0f,0f,1f],start_interpolation: 0,interpolation_duration: 1}
$data merge entity $(bone_right_arm1) {transformation: [-1f,0f,0f,-0.25f,0f,-0.999f,-0.0445f,0.9986f,0f,-0.0445f,0.999f,0.3121f,0f,0f,0f,1f],start_interpolation: 0,interpolation_duration: 1}
data modify entity @s data merge value {"cameras":{},"locators":{"mouse":{"posx":-2.246928466681167e-17,"posy":0.7750539117476524,"posz":0.1834756329943921,"roty":180,"rotx":25.986433470507524},"left_arm":{"posx":0.3125,"posy":1.6855753814077516,"posz":0.3386899861367156,"roty":180,"rotx":-2.2129754848762944},"right_arm":{"posx":-0.31250000000000006,"posy":1.6854077747881,"posz":0.3427207680416295,"roty":180,"rotx":-2.549188858279762}}}