# This file was generated by Animated Java via MC-Build. It is not recommended to edit this file directly.
$data merge entity $(bone_eyes) {transformation: [-1f,0f,0f,-0.0156f,0f,-0.9226f,0.3858f,0.5844f,0f,0.3858f,0.9226f,0.2755f,0f,0f,0f,1f],start_interpolation: 0,interpolation_duration: 1}
$data merge entity $(bone_head) {transformation: [-1f,0f,0f,0f,0f,-0.9226f,0.3858f,0.9985f,0f,0.3858f,0.9226f,0.3747f,0f,0f,0f,1f],start_interpolation: 0,interpolation_duration: 1}
$data merge entity $(bone_fabric_overray) {transformation: [-1f,0f,0f,0f,0f,-0.4972f,0.8676f,0.9985f,0f,0.8676f,0.4972f,0.3747f,0f,0f,0f,1f],start_interpolation: 0,interpolation_duration: 1}
$data merge entity $(bone_fabric) {transformation: [-1f,0f,0f,0f,0f,-0.4972f,0.8676f,0.9985f,0f,0.8676f,0.4972f,0.3747f,0f,0f,0f,1f],start_interpolation: 0,interpolation_duration: 1}
$data merge entity $(bone_bone_overray) {transformation: [-1f,0f,0f,0f,0f,-0.389f,0.9212f,0.9985f,0f,0.9212f,0.389f,0.3747f,0f,0f,0f,1f],start_interpolation: 0,interpolation_duration: 1}
$data merge entity $(bone_bone) {transformation: [-1f,0f,0f,0f,0f,-0.389f,0.9212f,0.9985f,0f,0.9212f,0.389f,0.3747f,0f,0f,0f,1f],start_interpolation: 0,interpolation_duration: 1}
$data merge entity $(bone_left_arm1) {transformation: [-1f,0f,0f,0.25f,0f,-0.9555f,0.295f,1.0228f,0f,0.295f,0.9555f,0.3171f,0f,0f,0f,1f],start_interpolation: 0,interpolation_duration: 1}
$data merge entity $(bone_right_arm1) {transformation: [-1f,0f,0f,-0.25f,0f,-0.9584f,0.2855f,1.0228f,0f,0.2855f,0.9584f,0.3171f,0f,0f,0f,1f],start_interpolation: 0,interpolation_duration: 1}
data modify entity @s data merge value {"cameras":{},"locators":{"mouse":{"posx":-2.207104629101122e-17,"posy":0.8155693371938671,"posz":0.18022376987697952,"roty":180,"rotx":22.693936899862823},"left_arm":{"posx":0.3125,"posy":1.679721663953384,"posz":0.1142810017800808,"roty":180,"rotx":17.159999443470575},"right_arm":{"posx":-0.31250000000000006,"posy":1.68170404869781,"posz":0.12081586824985874,"roty":180,"rotx":16.590878481787637}}}