# This file was generated by Animated Java via MC-Build. It is not recommended to edit this file directly.
$data merge entity $(bone_eyes) {transformation: [-1f,0f,0f,-0.0156f,0f,-0.9077f,0.4196f,0.6179f,0f,0.4196f,0.9077f,0.2962f,0f,0f,0f,1f],start_interpolation: 0,interpolation_duration: 1}
$data merge entity $(bone_head) {transformation: [-1f,0f,0f,0f,0f,-0.9077f,0.4196f,1.0353f,0f,0.4196f,0.9077f,0.38f,0f,0f,0f,1f],start_interpolation: 0,interpolation_duration: 1}
$data merge entity $(bone_fabric_overray) {transformation: [-1f,0f,0f,0f,0f,-0.4475f,0.8943f,1.0353f,0f,0.8943f,0.4475f,0.38f,0f,0f,0f,1f],start_interpolation: 0,interpolation_duration: 1}
$data merge entity $(bone_fabric) {transformation: [-1f,0f,0f,0f,0f,-0.4475f,0.8943f,1.0353f,0f,0.8943f,0.4475f,0.38f,0f,0f,0f,1f],start_interpolation: 0,interpolation_duration: 1}
$data merge entity $(bone_bone_overray) {transformation: [-1f,0f,0f,0f,0f,-0.279f,0.9603f,1.0353f,0f,0.9603f,0.279f,0.38f,0f,0f,0f,1f],start_interpolation: 0,interpolation_duration: 1}
$data merge entity $(bone_bone) {transformation: [-1f,0f,0f,0f,0f,-0.279f,0.9603f,1.0353f,0f,0.9603f,0.279f,0.38f,0f,0f,0f,1f],start_interpolation: 0,interpolation_duration: 1}
$data merge entity $(bone_left_arm1) {transformation: [-1f,0f,0f,0.25f,0f,-0.769f,0.6392f,1.0528f,0f,0.6392f,0.769f,0.32f,0f,0f,0f,1f],start_interpolation: 0,interpolation_duration: 1}
$data merge entity $(bone_right_arm1) {transformation: [-1f,0f,0f,-0.25f,0f,-0.7782f,0.628f,1.0528f,0f,0.628f,0.7782f,0.32f,0f,0f,0f,1f],start_interpolation: 0,interpolation_duration: 1}
data modify entity @s data merge value {"cameras":{},"locators":{"mouse":{"posx":-2.356724290387619e-17,"posy":0.845333732391037,"posz":0.19244114237904858,"roty":180,"rotx":24.81},"left_arm":{"posx":0.3125,"posy":1.5814758500394968,"posz":-0.11945179006077239,"roty":180,"rotx":39.7335086401202},"right_arm":{"posx":-0.3125,"posy":1.5877878334230593,"posz":-0.11174510610799554,"roty":180,"rotx":38.90330578512392}}}