# This file was generated by Animated Java via MC-Build. It is not recommended to edit this file directly.
$data merge entity $(bone_eyes) {transformation: [-1f,0f,0f,-0.0156f,0f,-0.8473f,0.5311f,0.6533f,0f,0.5311f,0.8473f,0.3505f,0f,0f,0f,1f],start_interpolation: 0,interpolation_duration: 1}
$data merge entity $(bone_head) {transformation: [-1f,0f,0f,0f,0f,-0.8473f,0.5311f,1.078f,0f,0.5311f,0.8473f,0.3808f,0f,0f,0f,1f],start_interpolation: 0,interpolation_duration: 1}
$data merge entity $(bone_fabric_overray) {transformation: [-1f,0f,0f,0f,0f,-0.3807f,0.9247f,1.078f,0f,0.9247f,0.3807f,0.3808f,0f,0f,0f,1f],start_interpolation: 0,interpolation_duration: 1}
$data merge entity $(bone_fabric) {transformation: [-1f,0f,0f,0f,0f,-0.3807f,0.9247f,1.078f,0f,0.9247f,0.3807f,0.3808f,0f,0f,0f,1f],start_interpolation: 0,interpolation_duration: 1}
$data merge entity $(bone_bone_overray) {transformation: [-1f,0f,0f,0f,0f,-0.1483f,0.9889f,1.078f,0f,0.9889f,0.1483f,0.3808f,0f,0f,0f,1f],start_interpolation: 0,interpolation_duration: 1}
$data merge entity $(bone_bone) {transformation: [-1f,0f,0f,0f,0f,-0.1483f,0.9889f,1.078f,0f,0.9889f,0.1483f,0.3808f,0f,0f,0f,1f],start_interpolation: 0,interpolation_duration: 1}
$data merge entity $(bone_left_arm1) {transformation: [-1f,0f,0f,0.25f,0f,-0.4299f,0.9029f,1.0872f,0f,0.9029f,0.4299f,0.319f,0f,0f,0f,1f],start_interpolation: 0,interpolation_duration: 1}
$data merge entity $(bone_right_arm1) {transformation: [-1f,0f,0f,-0.25f,0f,-0.4472f,0.8944f,1.0872f,0f,0.8944f,0.4472f,0.319f,0f,0f,0f,1f],start_interpolation: 0,interpolation_duration: 1}
data modify entity @s data merge value {"cameras":{},"locators":{"mouse":{"posx":-2.6791037981516775e-17,"posy":0.8657569857099394,"posz":0.21876542689834927,"roty":180,"rotx":32.076704282407405},"left_arm":{"posx":0.31250000000000006,"posy":1.3827567532398966,"posz":-0.3017360505459906,"roty":180,"rotx":64.54136961905559},"right_arm":{"posx":-0.3125,"posy":1.3947068217541172,"posz":-0.29590432695124824,"roty":180,"rotx":63.433180287725754}}}