# This file was generated by Animated Java via MC-Build. It is not recommended to edit this file directly.
$data merge entity $(bone_eyes) {transformation: [-1f,0f,0f,-0.0156f,0f,0.9917f,-0.1283f,1.7534f,0f,-0.1283f,-0.9917f,0.2432f,0f,0f,0f,1f],start_interpolation: 0,interpolation_duration: 1}
$data merge entity $(bone_head) {transformation: [-1f,0f,0f,0f,0f,0.9917f,-0.1283f,1.3803f,0f,-0.1283f,-0.9917f,0.0381f,0f,0f,0f,1f],start_interpolation: 0,interpolation_duration: 1}
$data merge entity $(bone_fabric_overray) {transformation: [-1f,0f,0f,0f,0f,0.9927f,0.1204f,1.3803f,0f,0.1204f,-0.9927f,0.0381f,0f,0f,0f,1f],start_interpolation: 0,interpolation_duration: 1}
$data merge entity $(bone_fabric) {transformation: [-1f,0f,0f,0f,0f,0.9927f,0.1204f,1.3803f,0f,0.1204f,-0.9927f,0.0381f,0f,0f,0f,1f],start_interpolation: 0,interpolation_duration: 1}
$data merge entity $(bone_bone_overray) {transformation: [-1f,0f,0f,0f,0f,0.9927f,0.1204f,1.3803f,0f,0.1204f,-0.9927f,0.0381f,0f,0f,0f,1f],start_interpolation: 0,interpolation_duration: 1}
$data merge entity $(bone_bone) {transformation: [-1f,0f,0f,0f,0f,0.9927f,0.1204f,1.3803f,0f,0.1204f,-0.9927f,0.0381f,0f,0f,0f,1f],start_interpolation: 0,interpolation_duration: 1}
$data merge entity $(bone_left_arm1) {transformation: [-1f,0f,0f,0.25f,0f,0.6449f,-0.7643f,1.3182f,0f,-0.7643f,-0.6449f,0.0306f,0f,0f,0f,1f],start_interpolation: 0,interpolation_duration: 1}
$data merge entity $(bone_right_arm1) {transformation: [-1f,0f,0f,-0.25f,0f,0.6449f,-0.7643f,1.3182f,0f,-0.7643f,-0.6449f,0.0306f,0f,0f,0f,1f],start_interpolation: 0,interpolation_duration: 1}
data modify entity @s data merge value {"cameras":{},"locators":{"mouse":{"posx":-3.3555386302807245e-17,"posy":1.5052920845130116,"posz":0.27400052265003927,"roty":0,"rotx":-7.368804664723034},"left_arm":{"posx":0.31249999999999994,"posy":0.8748502086822398,"posz":0.5560056943716488,"roty":0,"rotx":-49.84309037900875},"right_arm":{"posx":-0.31250000000000006,"posy":0.8748502086822398,"posz":0.5560056943716487,"roty":0,"rotx":-49.84309037900875}}}