# This file was generated by Animated Java via MC-Build. It is not recommended to edit this file directly.
$data merge entity $(bone_eyes) {transformation: [-1f,0f,0f,-0.0156f,0f,-0.5787f,0.8155f,0.7688f,0f,0.8155f,0.5787f,0.4965f,0f,0f,0f,1f],start_interpolation: 0,interpolation_duration: 1}
$data merge entity $(bone_head) {transformation: [-1f,0f,0f,0f,0f,-0.5787f,0.8155f,1.1726f,0f,0.8155f,0.5787f,0.3616f,0f,0f,0f,1f],start_interpolation: 0,interpolation_duration: 1}
$data merge entity $(bone_fabric_overray) {transformation: [-1f,0f,0f,0f,0f,-0.2057f,0.9786f,1.1726f,0f,0.9786f,0.2057f,0.3616f,0f,0f,0f,1f],start_interpolation: 0,interpolation_duration: 1}
$data merge entity $(bone_fabric) {transformation: [-1f,0f,0f,0f,0f,-0.2057f,0.9786f,1.1726f,0f,0.9786f,0.2057f,0.3616f,0f,0f,0f,1f],start_interpolation: 0,interpolation_duration: 1}
$data merge entity $(bone_bone_overray) {transformation: [-1f,0f,0f,0f,0f,0.1547f,0.988f,1.1726f,0f,0.988f,-0.1547f,0.3616f,0f,0f,0f,1f],start_interpolation: 0,interpolation_duration: 1}
$data merge entity $(bone_bone) {transformation: [-1f,0f,0f,0f,0f,0.1547f,0.988f,1.1726f,0f,0.988f,-0.1547f,0.3616f,0f,0f,0f,1f],start_interpolation: 0,interpolation_duration: 1}
$data merge entity $(bone_left_arm1) {transformation: [-1f,0f,0f,0.25f,0f,0.4539f,0.891f,1.1629f,0f,0.891f,-0.4539f,0.2998f,0f,0f,0f,1f],start_interpolation: 0,interpolation_duration: 1}
$data merge entity $(bone_right_arm1) {transformation: [-1f,0f,0f,-0.25f,0f,0.4278f,0.9039f,1.1629f,0f,0.9039f,-0.4278f,0.2998f,0f,0f,0f,1f],start_interpolation: 0,interpolation_duration: 1}
data modify entity @s data merge value {"cameras":{},"locators":{"mouse":{"posx":-3.5924073576177525e-17,"posy":0.9144582610241514,"posz":0.29334232205717814,"roty":180,"rotx":54.63914062500006},"left_arm":{"posx":0.31250000000000006,"posy":0.850855619107163,"posz":-0.3127713821009624,"roty":0,"rotx":63.004583020285445},"right_arm":{"posx":-0.3125,"posy":0.8688386570946904,"posz":-0.32160474683678314,"roty":0,"rotx":64.6743801652892}}}