# This file was generated by Animated Java via MC-Build. It is not recommended to edit this file directly.
$data merge entity $(bone_eyes) {transformation: [-1f,0f,0f,-0.0156f,0f,-0.361f,0.9326f,0.8613f,0f,0.9326f,0.361f,0.5696f,0f,0f,0f,1f],start_interpolation: 0,interpolation_duration: 1}
$data merge entity $(bone_head) {transformation: [-1f,0f,0f,0f,0f,-0.361f,0.9326f,1.2197f,0f,0.9326f,0.361f,0.3397f,0f,0f,0f,1f],start_interpolation: 0,interpolation_duration: 1}
$data merge entity $(bone_fabric_overray) {transformation: [-1f,0f,0f,0f,0f,-0.1044f,0.9945f,1.2197f,0f,0.9945f,0.1044f,0.3397f,0f,0f,0f,1f],start_interpolation: 0,interpolation_duration: 1}
$data merge entity $(bone_fabric) {transformation: [-1f,0f,0f,0f,0f,-0.1044f,0.9945f,1.2197f,0f,0.9945f,0.1044f,0.3397f,0f,0f,0f,1f],start_interpolation: 0,interpolation_duration: 1}
$data merge entity $(bone_bone_overray) {transformation: [-1f,0f,0f,0f,0f,0.3129f,0.9498f,1.2197f,0f,0.9498f,-0.3129f,0.3397f,0f,0f,0f,1f],start_interpolation: 0,interpolation_duration: 1}
$data merge entity $(bone_bone) {transformation: [-1f,0f,0f,0f,0f,0.3129f,0.9498f,1.2197f,0f,0.9498f,-0.3129f,0.3397f,0f,0f,0f,1f],start_interpolation: 0,interpolation_duration: 1}
$data merge entity $(bone_left_arm1) {transformation: [-1f,0f,0f,0.25f,0f,0.7956f,0.6059f,1.2001f,0f,0.6059f,-0.7956f,0.2804f,0f,0f,0f,1f],start_interpolation: 0,interpolation_duration: 1}
$data merge entity $(bone_right_arm1) {transformation: [-1f,0f,0f,-0.25f,0f,0.7747f,0.6323f,1.2001f,0f,0.6323f,-0.7747f,0.2804f,0f,0f,0f,1f],start_interpolation: 0,interpolation_duration: 1}
data modify entity @s data merge value {"cameras":{},"locators":{"mouse":{"posx":-4.126047242664665e-17,"posy":0.9526720075207021,"posz":0.33691732551274206,"roty":180,"rotx":68.83740740740744},"left_arm":{"posx":0.3125,"posy":0.6531426688110998,"posz":-0.1361456591336504,"roty":0,"rotx":37.29076161059627},"right_arm":{"posx":-0.3125,"posy":0.667487675772186,"posz":-0.1543381635182725,"roty":0,"rotx":39.22164064891333}}}