# This file was generated by Animated Java via MC-Build. It is not recommended to edit this file directly.
$data merge entity $(bone_eyes) {transformation: [-1f,0f,0f,-0.0156f,0f,-0.1002f,0.995f,0.9787f,0f,0.995f,0.1002f,0.6269f,0f,0f,0f,1f],start_interpolation: 0,interpolation_duration: 1}
$data merge entity $(bone_head) {transformation: [-1f,0f,0f,0f,0f,-0.1002f,0.995f,1.2631f,0f,0.995f,0.1002f,0.3101f,0f,0f,0f,1f],start_interpolation: 0,interpolation_duration: 1}
$data merge entity $(bone_fabric_overray) {transformation: [-1f,0f,0f,0f,0f,0.0003f,1f,1.2631f,0f,1f,-0.0003f,0.3101f,0f,0f,0f,1f],start_interpolation: 0,interpolation_duration: 1}
$data merge entity $(bone_fabric) {transformation: [-1f,0f,0f,0f,0f,0.0003f,1f,1.2631f,0f,1f,-0.0003f,0.3101f,0f,0f,0f,1f],start_interpolation: 0,interpolation_duration: 1}
$data merge entity $(bone_bone_overray) {transformation: [-1f,0f,0f,0f,0f,0.465f,0.8853f,1.2631f,0f,0.8853f,-0.465f,0.3101f,0f,0f,0f,1f],start_interpolation: 0,interpolation_duration: 1}
$data merge entity $(bone_bone) {transformation: [-1f,0f,0f,0f,0f,0.465f,0.8853f,1.2631f,0f,0.8853f,-0.465f,0.3101f,0f,0f,0f,1f],start_interpolation: 0,interpolation_duration: 1}
$data merge entity $(bone_left_arm1) {transformation: [-1f,0f,0f,0.25f,0f,0.9735f,0.2285f,1.2341f,0f,0.2285f,-0.9735f,0.2548f,0f,0f,0f,1f],start_interpolation: 0,interpolation_duration: 1}
$data merge entity $(bone_right_arm1) {transformation: [-1f,0f,0f,-0.25f,0f,0.9642f,0.2651f,1.2341f,0f,0.2651f,-0.9642f,0.2548f,0f,0f,0f,1f],start_interpolation: 0,interpolation_duration: 1}
data modify entity @s data merge value {"cameras":{},"locators":{"mouse":{"posx":-4.633236901303416e-17,"posy":1.0049959811327107,"posz":0.37833250407621655,"roty":180,"rotx":84.24872974537031},"left_arm":{"posx":0.3125,"posy":0.5647570344559306,"posz":0.0976968828475635,"roty":0,"rotx":13.207318362690328},"right_arm":{"posx":-0.31250000000000006,"posy":0.571164893834709,"posz":0.07253805767098329,"roty":0,"rotx":15.37110498928688}}}