# This file was generated by Animated Java via MC-Build. It is not recommended to edit this file directly.
$data merge entity $(bone_eyes) {transformation: [-1f,0f,0f,-0.0156f,0f,0.1792f,0.9838f,1.1153f,0f,0.9838f,-0.1792f,0.6573f,0f,0f,0f,1f],start_interpolation: 0,interpolation_duration: 1}
$data merge entity $(bone_head) {transformation: [-1f,0f,0f,0f,0f,0.1792f,0.9838f,1.3009f,0f,0.9838f,-0.1792f,0.274f,0f,0f,0f,1f],start_interpolation: 0,interpolation_duration: 1}
$data merge entity $(bone_fabric_overray) {transformation: [-1f,0f,0f,0f,0f,0.1036f,0.9946f,1.3009f,0f,0.9946f,-0.1036f,0.274f,0f,0f,0f,1f],start_interpolation: 0,interpolation_duration: 1}
$data merge entity $(bone_fabric) {transformation: [-1f,0f,0f,0f,0f,0.1036f,0.9946f,1.3009f,0f,0.9946f,-0.1036f,0.274f,0f,0f,0f,1f],start_interpolation: 0,interpolation_duration: 1}
$data merge entity $(bone_bone_overray) {transformation: [-1f,0f,0f,0f,0f,0.6032f,0.7976f,1.3009f,0f,0.7976f,-0.6032f,0.274f,0f,0f,0f,1f],start_interpolation: 0,interpolation_duration: 1}
$data merge entity $(bone_bone) {transformation: [-1f,0f,0f,0f,0f,0.6032f,0.7976f,1.3009f,0f,0.7976f,-0.6032f,0.274f,0f,0f,0f,1f],start_interpolation: 0,interpolation_duration: 1}
$data merge entity $(bone_left_arm1) {transformation: [-1f,0f,0f,0.25f,0f,0.9896f,-0.144f,1.2632f,0f,-0.144f,-0.9896f,0.2242f,0f,0f,0f,1f],start_interpolation: 0,interpolation_duration: 1}
$data merge entity $(bone_right_arm1) {transformation: [-1f,0f,0f,-0.25f,0f,0.9947f,-0.1032f,1.2632f,0f,-0.1032f,-0.9947f,0.2242f,0f,0f,0f,1f],start_interpolation: 0,interpolation_duration: 1}
data modify entity @s data merge value {"cameras":{},"locators":{"mouse":{"posx":-5.034299530413266e-17,"posy":1.071701218113724,"posz":0.4110817530342905,"roty":0,"rotx":79.67562500000005},"left_arm":{"posx":0.31249999999999994,"posy":0.582816657968178,"posz":0.3231977217025228,"roty":0,"rotx":-8.279564237415503},"right_arm":{"posx":-0.3125,"posy":0.5793203802183077,"posz":0.2951316777038162,"roty":0,"rotx":-5.922314049586776}}}