# This file was generated by Animated Java via MC-Build. It is not recommended to edit this file directly.
$data merge entity $(bone_eyes) {transformation: [-1f,0f,0f,-0.0156f,0f,0.4464f,0.8948f,1.26f,0f,0.8948f,-0.4464f,0.6534f,0f,0f,0f,1f],start_interpolation: 0,interpolation_duration: 1}
$data merge entity $(bone_head) {transformation: [-1f,0f,0f,0f,0f,0.4464f,0.8948f,1.3313f,0f,0.8948f,-0.4464f,0.2337f,0f,0f,0f,1f],start_interpolation: 0,interpolation_duration: 1}
$data merge entity $(bone_fabric_overray) {transformation: [-1f,0f,0f,0f,0f,0.2009f,0.9796f,1.3313f,0f,0.9796f,-0.2009f,0.2337f,0f,0f,0f,1f],start_interpolation: 0,interpolation_duration: 1}
$data merge entity $(bone_fabric) {transformation: [-1f,0f,0f,0f,0f,0.2009f,0.9796f,1.3313f,0f,0.9796f,-0.2009f,0.2337f,0f,0f,0f,1f],start_interpolation: 0,interpolation_duration: 1}
$data merge entity $(bone_bone_overray) {transformation: [-1f,0f,0f,0f,0f,0.7218f,0.6921f,1.3313f,0f,0.6921f,-0.7218f,0.2337f,0f,0f,0f,1f],start_interpolation: 0,interpolation_duration: 1}
$data merge entity $(bone_bone) {transformation: [-1f,0f,0f,0f,0f,0.7218f,0.6921f,1.3313f,0f,0.6921f,-0.7218f,0.2337f,0f,0f,0f,1f],start_interpolation: 0,interpolation_duration: 1}
$data merge entity $(bone_left_arm1) {transformation: [-1f,0f,0f,0.25f,0f,0.8972f,-0.4416f,1.2862f,0f,-0.4416f,-0.8972f,0.1904f,0f,0f,0f,1f],start_interpolation: 0,interpolation_duration: 1}
$data merge entity $(bone_right_arm1) {transformation: [-1f,0f,0f,-0.25f,0f,0.9156f,-0.402f,1.2862f,0f,-0.402f,-0.9156f,0.1904f,0f,0f,0f,1f],start_interpolation: 0,interpolation_duration: 1}
data modify entity @s data merge value {"cameras":{},"locators":{"mouse":{"posx":-5.2557732373986236e-17,"posy":1.149470797352328,"posz":0.42916645363037714,"roty":0,"rotx":63.48438946759261},"left_arm":{"posx":0.31249999999999994,"posy":0.6693617674913208,"posz":0.4939864670797498,"roty":0,"rotx":-26.203703703703678},"right_arm":{"posx":-0.3125,"posy":0.6567071057373969,"posz":0.4667911076999979,"roty":0,"rotx":-23.70370370370368}}}