# This file was generated by Animated Java via MC-Build. It is not recommended to edit this file directly.
$data merge entity $(bone_eyes) {transformation: [-1f,0f,0f,-0.0156f,0f,0.6727f,0.7399f,1.3992f,0f,0.7399f,-0.6727f,0.6149f,0f,0f,0f,1f],start_interpolation: 0,interpolation_duration: 1}
$data merge entity $(bone_head) {transformation: [-1f,0f,0f,0f,0f,0.6727f,0.7399f,1.3539f,0f,0.7399f,-0.6727f,0.1915f,0f,0f,0f,1f],start_interpolation: 0,interpolation_duration: 1}
$data merge entity $(bone_fabric_overray) {transformation: [-1f,0f,0f,0f,0f,0.2879f,0.9577f,1.3539f,0f,0.9577f,-0.2879f,0.1915f,0f,0f,0f,1f],start_interpolation: 0,interpolation_duration: 1}
$data merge entity $(bone_fabric) {transformation: [-1f,0f,0f,0f,0f,0.2879f,0.9577f,1.3539f,0f,0.9577f,-0.2879f,0.1915f,0f,0f,0f,1f],start_interpolation: 0,interpolation_duration: 1}
$data merge entity $(bone_bone_overray) {transformation: [-1f,0f,0f,0f,0f,0.8172f,0.5763f,1.3539f,0f,0.5763f,-0.8172f,0.1915f,0f,0f,0f,1f],start_interpolation: 0,interpolation_duration: 1}
$data merge entity $(bone_bone) {transformation: [-1f,0f,0f,0f,0f,0.8172f,0.5763f,1.3539f,0f,0.5763f,-0.8172f,0.1915f,0f,0f,0f,1f],start_interpolation: 0,interpolation_duration: 1}
$data merge entity $(bone_left_arm1) {transformation: [-1f,0f,0f,0.25f,0f,0.7115f,-0.7027f,1.3028f,0f,-0.7027f,-0.7115f,0.1555f,0f,0f,0f,1f],start_interpolation: 0,interpolation_duration: 1}
$data merge entity $(bone_right_arm1) {transformation: [-1f,0f,0f,-0.25f,0f,0.7435f,-0.6688f,1.3028f,0f,-0.6688f,-0.7435f,0.1555f,0f,0f,0f,1f],start_interpolation: 0,interpolation_duration: 1}
data modify entity @s data merge value {"cameras":{},"locators":{"mouse":{"posx":-5.2545121979387987e-17,"posy":1.2319796008825221,"posz":0.42906348194411614,"roty":0,"rotx":47.72629629629627},"left_arm":{"posx":0.3124999999999999,"posy":0.8136897731410051,"posz":0.6386231568906106,"roty":0,"rotx":-44.64537037037041},"right_arm":{"posx":-0.31250000000000006,"posy":0.7916865203420256,"posz":0.6152808641013142,"roty":0,"rotx":-41.971759259259294}}}