# This file was generated by Animated Java via MC-Build. It is not recommended to edit this file directly.
$data merge entity $(bone_eyes) {transformation: [-1f,0f,0f,-0.0156f,0f,0.8391f,0.5439f,1.5207f,0f,0.5439f,-0.8391f,0.5481f,0f,0f,0f,1f],start_interpolation: 0,interpolation_duration: 1}
$data merge entity $(bone_head) {transformation: [-1f,0f,0f,0f,0f,0.8391f,0.5439f,1.3689f,0f,0.5439f,-0.8391f,0.1503f,0f,0f,0f,1f],start_interpolation: 0,interpolation_duration: 1}
$data merge entity $(bone_fabric_overray) {transformation: [-1f,0f,0f,0f,0f,0.361f,0.9326f,1.3689f,0f,0.9326f,-0.361f,0.1503f,0f,0f,0f,1f],start_interpolation: 0,interpolation_duration: 1}
$data merge entity $(bone_fabric) {transformation: [-1f,0f,0f,0f,0f,0.361f,0.9326f,1.3689f,0f,0.9326f,-0.361f,0.1503f,0f,0f,0f,1f],start_interpolation: 0,interpolation_duration: 1}
$data merge entity $(bone_bone_overray) {transformation: [-1f,0f,0f,0f,0f,0.8886f,0.4586f,1.3689f,0f,0.4586f,-0.8886f,0.1503f,0f,0f,0f,1f],start_interpolation: 0,interpolation_duration: 1}
$data merge entity $(bone_bone) {transformation: [-1f,0f,0f,0f,0f,0.8886f,0.4586f,1.3689f,0f,0.4586f,-0.8886f,0.1503f,0f,0f,0f,1f],start_interpolation: 0,interpolation_duration: 1}
$data merge entity $(bone_left_arm1) {transformation: [-1f,0f,0f,0.25f,0f,0.5412f,-0.8409f,1.3133f,0f,-0.8409f,-0.5412f,0.1216f,0f,0f,0f,1f],start_interpolation: 0,interpolation_duration: 1}
$data merge entity $(bone_right_arm1) {transformation: [-1f,0f,0f,-0.25f,0f,0.5813f,-0.8137f,1.3133f,0f,-0.8137f,-0.5813f,0.1216f,0f,0f,0f,1f],start_interpolation: 0,interpolation_duration: 1}
data modify entity @s data merge value {"cameras":{},"locators":{"mouse":{"posx":-5.03411874836271e-17,"posy":1.3115512833605734,"posz":0.41106699105959854,"roty":0,"rotx":32.95007812499998},"left_arm":{"posx":0.3124999999999999,"posy":0.9412691468737437,"posz":0.6997539726514247,"roty":0,"rotx":-57.23703703703708},"right_arm":{"posx":-0.31250000000000006,"posy":0.91368874076791,"posz":0.6810442101352329,"roty":0,"rotx":-54.45925925925929}}}