# This file was generated by Animated Java via MC-Build. It is not recommended to edit this file directly.
$data merge entity $(bone_eyes) {transformation: [-1f,0f,0f,-0.0156f,0f,0.9414f,0.3372f,1.6162f,0f,0.3372f,-0.9414f,0.4649f,0f,0f,0f,1f],start_interpolation: 0,interpolation_duration: 1}
$data merge entity $(bone_head) {transformation: [-1f,0f,0f,0f,0f,0.9414f,0.3372f,1.3772f,0f,0.3372f,-0.9414f,0.1125f,0f,0f,0f,1f],start_interpolation: 0,interpolation_duration: 1}
$data merge entity $(bone_fabric_overray) {transformation: [-1f,0f,0f,0f,0f,0.4174f,0.9087f,1.3772f,0f,0.9087f,-0.4174f,0.1125f,0f,0f,0f,1f],start_interpolation: 0,interpolation_duration: 1}
$data merge entity $(bone_fabric) {transformation: [-1f,0f,0f,0f,0f,0.4174f,0.9087f,1.3772f,0f,0.9087f,-0.4174f,0.1125f,0f,0f,0f,1f],start_interpolation: 0,interpolation_duration: 1}
$data merge entity $(bone_bone_overray) {transformation: [-1f,0f,0f,0f,0f,0.9377f,0.3474f,1.3772f,0f,0.3474f,-0.9377f,0.1125f,0f,0f,0f,1f],start_interpolation: 0,interpolation_duration: 1}
$data merge entity $(bone_bone) {transformation: [-1f,0f,0f,0f,0f,0.9377f,0.3474f,1.3772f,0f,0.3474f,-0.9377f,0.1125f,0f,0f,0f,1f],start_interpolation: 0,interpolation_duration: 1}
$data merge entity $(bone_left_arm1) {transformation: [-1f,0f,0f,0.25f,0f,0.4278f,-0.9039f,1.3186f,0f,-0.9039f,-0.4278f,0.0907f,0f,0f,0f,1f],start_interpolation: 0,interpolation_duration: 1}
$data merge entity $(bone_right_arm1) {transformation: [-1f,0f,0f,-0.25f,0f,0.4717f,-0.8818f,1.3186f,0f,-0.8818f,-0.4717f,0.0907f,0f,0f,0f,1f],start_interpolation: 0,interpolation_duration: 1}
data modify entity @s data merge value {"cameras":{},"locators":{"mouse":{"posx":-4.6467108239420284e-17,"posy":1.3812162074046321,"posz":0.37943273335440464,"roty":0,"rotx":19.704467592592593},"left_arm":{"posx":0.31249999999999994,"posy":1.0245112176677795,"posz":0.7121530489270009,"roty":0,"rotx":-64.67037037037039},"right_arm":{"posx":-0.31250000000000006,"posy":0.9943746250604906,"posz":0.6969722685758379,"roty":0,"rotx":-61.85787037037042}}}