# This file was generated by Animated Java via MC-Build. It is not recommended to edit this file directly.
$data merge entity $(bone_eyes) {transformation: [-1f,0f,0f,-0.0156f,0f,0.9889f,0.1485f,1.6833f,0f,0.1485f,-0.9889f,0.3797f,0f,0f,0f,1f],start_interpolation: 0,interpolation_duration: 1}
$data merge entity $(bone_head) {transformation: [-1f,0f,0f,0f,0f,0.9889f,0.1485f,1.3807f,0f,0.1485f,-0.9889f,0.0802f,0f,0f,0f,1f],start_interpolation: 0,interpolation_duration: 1}
$data merge entity $(bone_fabric_overray) {transformation: [-1f,0f,0f,0f,0f,0.5078f,0.8615f,1.3807f,0f,0.8615f,-0.5078f,0.0802f,0f,0f,0f,1f],start_interpolation: 0,interpolation_duration: 1}
$data merge entity $(bone_fabric) {transformation: [-1f,0f,0f,0f,0f,0.5078f,0.8615f,1.3807f,0f,0.8615f,-0.5078f,0.0802f,0f,0f,0f,1f],start_interpolation: 0,interpolation_duration: 1}
$data merge entity $(bone_bone_overray) {transformation: [-1f,0f,0f,0f,0f,0.9682f,0.2503f,1.3807f,0f,0.2503f,-0.9682f,0.0802f,0f,0f,0f,1f],start_interpolation: 0,interpolation_duration: 1}
$data merge entity $(bone_bone) {transformation: [-1f,0f,0f,0f,0f,0.9682f,0.2503f,1.3807f,0f,0.2503f,-0.9682f,0.0802f,0f,0f,0f,1f],start_interpolation: 0,interpolation_duration: 1}
$data merge entity $(bone_left_arm1) {transformation: [-1f,0f,0f,0.25f,0f,0.3805f,-0.9248f,1.3202f,0f,-0.9248f,-0.3805f,0.0646f,0f,0f,0f,1f],start_interpolation: 0,interpolation_duration: 1}
$data merge entity $(bone_right_arm1) {transformation: [-1f,0f,0f,-0.25f,0f,0.4248f,-0.9053f,1.3202f,0f,-0.9053f,-0.4248f,0.0646f,0f,0f,0f,1f],start_interpolation: 0,interpolation_duration: 1}
data modify entity @s data merge value {"cameras":{},"locators":{"mouse":{"posx":-4.18022904031087e-17,"posy":1.4362909752676025,"posz":0.341341605042475,"roty":0,"rotx":8.538197337962995},"left_arm":{"posx":0.31249999999999994,"posy":1.0586109786697349,"posz":0.700347076681177,"roty":0,"rotx":-67.63703703703706},"right_arm":{"posx":-0.31250000000000006,"posy":1.0281062077333256,"posz":0.6869234793804457,"roty":0,"rotx":-64.85925925925929}}}