# This file was generated by Animated Java via MC-Build. It is not recommended to edit this file directly.
$data merge entity $(bone_eyes) {transformation: [-1f,0f,0f,-0.0156f,0f,0.9844f,-0.1759f,1.7622f,0f,-0.1759f,-0.9844f,0.2176f,0f,0f,0f,1f],start_interpolation: 0,interpolation_duration: 1}
$data merge entity $(bone_head) {transformation: [-1f,0f,0f,0f,0f,0.9844f,-0.1759f,1.3796f,0f,-0.1759f,-0.9844f,0.0307f,0f,0f,0f,1f],start_interpolation: 0,interpolation_duration: 1}
$data merge entity $(bone_fabric_overray) {transformation: [-1f,0f,0f,0f,0f,0.9953f,0.0973f,1.3796f,0f,0.0973f,-0.9953f,0.0307f,0f,0f,0f,1f],start_interpolation: 0,interpolation_duration: 1}
$data merge entity $(bone_fabric) {transformation: [-1f,0f,0f,0f,0f,0.9953f,0.0973f,1.3796f,0f,0.0973f,-0.9953f,0.0307f,0f,0f,0f,1f],start_interpolation: 0,interpolation_duration: 1}
$data merge entity $(bone_bone_overray) {transformation: [-1f,0f,0f,0f,0f,0.9953f,0.0973f,1.3796f,0f,0.0973f,-0.9953f,0.0307f,0f,0f,0f,1f],start_interpolation: 0,interpolation_duration: 1}
$data merge entity $(bone_bone) {transformation: [-1f,0f,0f,0f,0f,0.9953f,0.0973f,1.3796f,0f,0.0973f,-0.9953f,0.0307f,0f,0f,0f,1f],start_interpolation: 0,interpolation_duration: 1}
$data merge entity $(bone_left_arm1) {transformation: [-1f,0f,0f,0.25f,0f,0.2226f,-0.9749f,1.3174f,0f,-0.9749f,-0.2226f,0.0246f,0f,0f,0f,1f],start_interpolation: 0,interpolation_duration: 1}
$data merge entity $(bone_right_arm1) {transformation: [-1f,0f,0f,-0.25f,0f,0.2226f,-0.9749f,1.3174f,0f,-0.9749f,-0.2226f,0.0246f,0f,0f,0f,1f],start_interpolation: 0,interpolation_duration: 1}
data modify entity @s data merge value {"cameras":{},"locators":{"mouse":{"posx":-3.187882560446372e-17,"posy":1.515862011408294,"posz":0.2603103656226351,"roty":0,"rotx":-10.131195335276972},"left_arm":{"posx":0.3124999999999999,"posy":1.1643418953657543,"posz":0.6948658398884096,"roty":0,"rotx":-77.13690962099125},"right_arm":{"posx":-0.3125000000000001,"posy":1.1643418953657543,"posz":0.6948658398884096,"roty":0,"rotx":-77.13690962099125}}}