# This file was generated by Animated Java via MC-Build. It is not recommended to edit this file directly.
$data merge entity $(bone_eyes) {transformation: [-1f,0f,0f,-0.0156f,0f,0.9898f,-0.1428f,1.7572f,0f,-0.1428f,-0.9898f,0.2548f,0f,0f,0f,1f],start_interpolation: 0,interpolation_duration: 1}
$data merge entity $(bone_head) {transformation: [-1f,0f,0f,0f,0f,0.9898f,-0.1428f,1.3811f,0f,-0.1428f,-0.9898f,0.0552f,0f,0f,0f,1f],start_interpolation: 0,interpolation_duration: 1}
$data merge entity $(bone_fabric_overray) {transformation: [-1f,0f,0f,0f,0f,0.5771f,0.8167f,1.3811f,0f,0.8167f,-0.5771f,0.0552f,0f,0f,0f,1f],start_interpolation: 0,interpolation_duration: 1}
$data merge entity $(bone_fabric) {transformation: [-1f,0f,0f,0f,0f,0.5771f,0.8167f,1.3811f,0f,0.8167f,-0.5771f,0.0552f,0f,0f,0f,1f],start_interpolation: 0,interpolation_duration: 1}
$data merge entity $(bone_left_arm1) {transformation: [-1f,0f,0f,0.25f,0f,0.5f,-0.866f,1.3196f,0f,-0.866f,-0.5f,0.0444f,0f,0f,0f,1f],start_interpolation: 0,interpolation_duration: 1}
$data merge entity $(bone_right_arm1) {transformation: [-1f,0f,0f,-0.25f,0f,0.5373f,-0.8434f,1.3196f,0f,-0.8434f,-0.5373f,0.0444f,0f,0f,0f,1f],start_interpolation: 0,interpolation_duration: 1}
data modify entity @s data merge value {"cameras":{},"locators":{"mouse":{"posx":-3.542464992255572e-17,"posy":1.5095959978208104,"posz":0.2892642184442057,"roty":0,"rotx":-8.210234374999974},"left_arm":{"posx":0.31249999999999994,"posy":0.9758049493572352,"posz":0.639754024955271,"roty":0,"rotx":-60.000000000000014},"right_arm":{"posx":-0.31250000000000006,"posy":0.9501614686187938,"posz":0.6241931788498284,"roty":0,"rotx":-57.500000000000014}}}