# This file was generated by Animated Java via MC-Build. It is not recommended to edit this file directly.
$data merge entity $(bone_eyes) {transformation: [-1f,0f,0f,-0.0156f,0f,0.9716f,-0.2366f,1.7745f,0f,-0.2366f,-0.9716f,0.218f,0f,0f,0f,1f],start_interpolation: 0,interpolation_duration: 1}
$data merge entity $(bone_head) {transformation: [-1f,0f,0f,0f,0f,0.9716f,-0.2366f,1.3811f,0f,-0.2366f,-0.9716f,0.0552f,0f,0f,0f,1f],start_interpolation: 0,interpolation_duration: 1}
$data merge entity $(bone_fabric_overray) {transformation: [-1f,0f,0f,0f,0f,0.5819f,0.8132f,1.3811f,0f,0.8132f,-0.5819f,0.0552f,0f,0f,0f,1f],start_interpolation: 0,interpolation_duration: 1}
$data merge entity $(bone_fabric) {transformation: [-1f,0f,0f,0f,0f,0.5819f,0.8132f,1.3811f,0f,0.8132f,-0.5819f,0.0552f,0f,0f,0f,1f],start_interpolation: 0,interpolation_duration: 1}
$data merge entity $(bone_left_arm1) {transformation: [-1f,0f,0f,0.25f,0f,0.6083f,-0.7937f,1.3196f,0f,-0.7937f,-0.6083f,0.0444f,0f,0f,0f,1f],start_interpolation: 0,interpolation_duration: 1}
$data merge entity $(bone_right_arm1) {transformation: [-1f,0f,0f,-0.25f,0f,0.6396f,-0.7687f,1.3196f,0f,-0.7687f,-0.6396f,0.0444f,0f,0f,0f,1f],start_interpolation: 0,interpolation_duration: 1}
data modify entity @s data merge value {"cameras":{},"locators":{"mouse":{"posx":-3.379200942754732e-17,"posy":1.531347143492588,"posz":0.2759326970933549,"roty":0,"rotx":-13.686875000000008},"left_arm":{"posx":0.31249999999999994,"posy":0.9013336654773302,"posz":0.5900237334644354,"roty":0,"rotx":-52.53173828124997},"right_arm":{"posx":-0.31250000000000006,"posy":0.879864061752423,"posz":0.5728766243098127,"roty":0,"rotx":-50.241699218749986}}}