# This file was generated by Animated Java via MC-Build. It is not recommended to edit this file directly.
$data merge entity $(bone_eyes) {transformation: [-1f,0f,0f,-0.0156f,0f,0.9547f,-0.2977f,1.7841f,0f,-0.2977f,-0.9547f,0.1927f,0f,0f,0f,1f],start_interpolation: 0,interpolation_duration: 1}
$data merge entity $(bone_head) {transformation: [-1f,0f,0f,0f,0f,0.9547f,-0.2977f,1.3811f,0f,-0.2977f,-0.9547f,0.0552f,0f,0f,0f,1f],start_interpolation: 0,interpolation_duration: 1}
$data merge entity $(bone_fabric_overray) {transformation: [-1f,0f,0f,0f,0f,0.5898f,0.8075f,1.3811f,0f,0.8075f,-0.5898f,0.0552f,0f,0f,0f,1f],start_interpolation: 0,interpolation_duration: 1}
$data merge entity $(bone_fabric) {transformation: [-1f,0f,0f,0f,0f,0.5898f,0.8075f,1.3811f,0f,0.8075f,-0.5898f,0.0552f,0f,0f,0f,1f],start_interpolation: 0,interpolation_duration: 1}
$data merge entity $(bone_left_arm1) {transformation: [-1f,0f,0f,0.25f,0f,0.7453f,-0.6667f,1.3196f,0f,-0.6667f,-0.7453f,0.0444f,0f,0f,0f,1f],start_interpolation: 0,interpolation_duration: 1}
$data merge entity $(bone_right_arm1) {transformation: [-1f,0f,0f,-0.25f,0f,0.768f,-0.6404f,1.3196f,0f,-0.6404f,-0.768f,0.0444f,0f,0f,0f,1f],start_interpolation: 0,interpolation_duration: 1}
data modify entity @s data merge value {"cameras":{},"locators":{"mouse":{"posx":-3.2571740447503344e-17,"posy":1.5450318418081421,"posz":0.265968444699166,"roty":0,"rotx":-17.320078124999984},"left_arm":{"posx":0.31249999999999994,"posy":0.807171434745117,"posz":0.5027493694140351,"roty":0,"rotx":-41.81640625000001},"right_arm":{"posx":-0.31250000000000006,"posy":0.7915460925956923,"posz":0.48466020529922665,"roty":0,"rotx":-39.82421875000001}}}