# This file was generated by Animated Java via MC-Build. It is not recommended to edit this file directly.
$data merge entity $(bone_eyes) {transformation: [-1f,0f,0f,-0.0156f,0f,0.9397f,-0.342f,1.7901f,0f,-0.342f,-0.9397f,0.1737f,0f,0f,0f,1f],start_interpolation: 0,interpolation_duration: 1}
$data merge entity $(bone_head) {transformation: [-1f,0f,0f,0f,0f,0.9397f,-0.342f,1.3811f,0f,-0.342f,-0.9397f,0.0552f,0f,0f,0f,1f],start_interpolation: 0,interpolation_duration: 1}
$data merge entity $(bone_fabric_overray) {transformation: [-1f,0f,0f,0f,0f,0.6015f,0.7989f,1.3811f,0f,0.7989f,-0.6015f,0.0552f,0f,0f,0f,1f],start_interpolation: 0,interpolation_duration: 1}
$data merge entity $(bone_fabric) {transformation: [-1f,0f,0f,0f,0f,0.6015f,0.7989f,1.3811f,0f,0.7989f,-0.6015f,0.0552f,0f,0f,0f,1f],start_interpolation: 0,interpolation_duration: 1}
$data merge entity $(bone_left_arm1) {transformation: [-1f,0f,0f,0.25f,0f,0.8748f,-0.4845f,1.3196f,0f,-0.4845f,-0.8748f,0.0444f,0f,0f,0f,1f],start_interpolation: 0,interpolation_duration: 1}
$data merge entity $(bone_right_arm1) {transformation: [-1f,0f,0f,-0.25f,0f,0.8882f,-0.4594f,1.3196f,0f,-0.4594f,-0.8882f,0.0444f,0f,0f,0f,1f],start_interpolation: 0,interpolation_duration: 1}
data modify entity @s data merge value {"cameras":{},"locators":{"mouse":{"posx":-3.160486869808246e-17,"posy":1.554706652950594,"posz":0.2580733377173484,"roty":0,"rotx":-19.999999999999996},"left_arm":{"posx":0.31249999999999994,"posy":0.7181488329271021,"posz":0.37747855599810515,"roty":0,"rotx":-28.981933593749954},"right_arm":{"posx":-0.31250000000000006,"posy":0.7088850101788436,"posz":0.36017554843513383,"roty":0,"rotx":-27.346191406249954}}}