# This file was generated by Animated Java via MC-Build. It is not recommended to edit this file directly.
$data merge entity $(bone_eyes) {transformation: [-1f,0f,0f,-0.0156f,0f,0.928f,-0.3726f,1.7937f,0f,-0.3726f,-0.928f,0.1603f,0f,0f,0f,1f],start_interpolation: 0,interpolation_duration: 1}
$data merge entity $(bone_head) {transformation: [-1f,0f,0f,0f,0f,0.928f,-0.3726f,1.3811f,0f,-0.3726f,-0.928f,0.0552f,0f,0f,0f,1f],start_interpolation: 0,interpolation_duration: 1}
$data merge entity $(bone_fabric_overray) {transformation: [-1f,0f,0f,0f,0f,0.6649f,0.7469f,1.3811f,0f,0.7469f,-0.6649f,0.0552f,0f,0f,0f,1f],start_interpolation: 0,interpolation_duration: 1}
$data merge entity $(bone_fabric) {transformation: [-1f,0f,0f,0f,0f,0.6649f,0.7469f,1.3811f,0f,0.7469f,-0.6649f,0.0552f,0f,0f,0f,1f],start_interpolation: 0,interpolation_duration: 1}
$data merge entity $(bone_left_arm1) {transformation: [-1f,0f,0f,0.25f,0f,0.9818f,0.1901f,1.3196f,0f,0.1901f,-0.9818f,0.0444f,0f,0f,0f,1f],start_interpolation: 0,interpolation_duration: 1}
$data merge entity $(bone_right_arm1) {transformation: [-1f,0f,0f,-0.25f,0f,0.98f,0.1988f,1.3196f,0f,0.1988f,-0.98f,0.0444f,0f,0f,0f,1f],start_interpolation: 0,interpolation_duration: 1}
data modify entity @s data merge value {"cameras":{},"locators":{"mouse":{"posx":-3.08959591459698e-17,"posy":1.561251057474541,"posz":0.2522846519296892,"roty":0,"rotx":-21.874999999999996},"left_arm":{"posx":0.3125,"posy":0.6445880716999137,"posz":-0.0863134724423998,"roty":0,"rotx":10.957031250000004},"right_arm":{"posx":-0.3125,"posy":0.6457727394480678,"posz":-0.09229049322265058,"roty":0,"rotx":11.464843750000002}}}