# This file was generated by Animated Java via MC-Build. It is not recommended to edit this file directly.
$data merge entity $(bone_eyes) {transformation: [-1f,0f,0f,-0.0156f,0f,0.9397f,-0.342f,1.7901f,0f,-0.342f,-0.9397f,0.1737f,0f,0f,0f,1f],start_interpolation: 0,interpolation_duration: 1}
$data merge entity $(bone_head) {transformation: [-1f,0f,0f,0f,0f,0.9397f,-0.342f,1.3811f,0f,-0.342f,-0.9397f,0.0552f,0f,0f,0f,1f],start_interpolation: 0,interpolation_duration: 1}
$data merge entity $(bone_fabric_overray) {transformation: [-1f,0f,0f,0f,0f,0.6967f,0.7174f,1.3811f,0f,0.7174f,-0.6967f,0.0552f,0f,0f,0f,1f],start_interpolation: 0,interpolation_duration: 1}
$data merge entity $(bone_fabric) {transformation: [-1f,0f,0f,0f,0f,0.6967f,0.7174f,1.3811f,0f,0.7174f,-0.6967f,0.0552f,0f,0f,0f,1f],start_interpolation: 0,interpolation_duration: 1}
$data merge entity $(bone_left_arm1) {transformation: [-1f,0f,0f,0.25f,0f,0.9337f,0.3582f,1.3196f,0f,0.3582f,-0.9337f,0.0444f,0f,0f,0f,1f],start_interpolation: 0,interpolation_duration: 1}
$data merge entity $(bone_right_arm1) {transformation: [-1f,0f,0f,-0.25f,0f,0.9323f,0.3616f,1.3196f,0f,0.3616f,-0.9323f,0.0444f,0f,0f,0f,1f],start_interpolation: 0,interpolation_duration: 1}
data modify entity @s data merge value {"cameras":{},"locators":{"mouse":{"posx":-3.160486869808246e-17,"posy":1.554706652950594,"posz":0.2580733377173484,"roty":0,"rotx":-19.999999999999996},"left_arm":{"posx":0.3125,"posy":0.6776701262562979,"posz":-0.20189059520852848,"roty":0,"rotx":20.988769531249975},"right_arm":{"posx":-0.3125,"posy":0.6785768274500652,"posz":-0.2042411296660872,"roty":0,"rotx":21.198730468749975}}}