# This file was generated by Animated Java via MC-Build. It is not recommended to edit this file directly.
$data merge entity $(bone_eyes) {transformation: [-1f,0f,0f,-0.0156f,0f,0.9565f,-0.2917f,1.7832f,0f,-0.2917f,-0.9565f,0.1953f,0f,0f,0f,1f],start_interpolation: 0,interpolation_duration: 1}
$data merge entity $(bone_head) {transformation: [-1f,0f,0f,0f,0f,0.9565f,-0.2917f,1.3811f,0f,-0.2917f,-0.9565f,0.0552f,0f,0f,0f,1f],start_interpolation: 0,interpolation_duration: 1}
$data merge entity $(bone_fabric_overray) {transformation: [-1f,0f,0f,0f,0f,0.7336f,0.6796f,1.3811f,0f,0.6796f,-0.7336f,0.0552f,0f,0f,0f,1f],start_interpolation: 0,interpolation_duration: 1}
$data merge entity $(bone_fabric) {transformation: [-1f,0f,0f,0f,0f,0.7336f,0.6796f,1.3811f,0f,0.6796f,-0.7336f,0.0552f,0f,0f,0f,1f],start_interpolation: 0,interpolation_duration: 1}
$data merge entity $(bone_left_arm1) {transformation: [-1f,0f,0f,0.25f,0f,0.887f,0.4617f,1.3196f,0f,0.4617f,-0.887f,0.0444f,0f,0f,0f,1f],start_interpolation: 0,interpolation_duration: 1}
$data merge entity $(bone_right_arm1) {transformation: [-1f,0f,0f,-0.25f,0f,0.887f,0.4617f,1.3196f,0f,0.4617f,-0.887f,0.0444f,0f,0f,0f,1f],start_interpolation: 0,interpolation_duration: 1}
data modify entity @s data merge value {"cameras":{},"locators":{"mouse":{"posx":-3.2697393474448064e-17,"posy":1.5437041203412738,"posz":0.2669944795284098,"roty":0,"rotx":-16.959999999999983},"left_arm":{"posx":0.31250000000000006,"posy":0.7097350015472077,"posz":-0.2730906117456161,"roty":0,"rotx":27.500000000000004},"right_arm":{"posx":-0.31249999999999994,"posy":0.7097350015472077,"posz":-0.27309061174561616,"roty":0,"rotx":27.500000000000004}}}