# This file was generated by Animated Java via MC-Build. It is not recommended to edit this file directly.
$data merge entity $(bone_eyes) {transformation: [-1f,0f,0f,-0.0156f,0f,0.975f,-0.222f,1.7698f,0f,-0.222f,-0.975f,0.1923f,0f,0f,0f,1f],start_interpolation: 0,interpolation_duration: 1}
$data merge entity $(bone_head) {transformation: [-1f,0f,0f,0f,0f,0.975f,-0.222f,1.3788f,0f,-0.222f,-0.975f,0.0237f,0f,0f,0f,1f],start_interpolation: 0,interpolation_duration: 1}
$data merge entity $(bone_fabric_overray) {transformation: [-1f,0f,0f,0f,0f,0.9972f,0.0752f,1.3788f,0f,0.0752f,-0.9972f,0.0237f,0f,0f,0f,1f],start_interpolation: 0,interpolation_duration: 1}
$data merge entity $(bone_fabric) {transformation: [-1f,0f,0f,0f,0f,0.9972f,0.0752f,1.3788f,0f,0.0752f,-0.9972f,0.0237f,0f,0f,0f,1f],start_interpolation: 0,interpolation_duration: 1}
$data merge entity $(bone_bone_overray) {transformation: [-1f,0f,0f,0f,0f,0.9972f,0.0752f,1.3788f,0f,0.0752f,-0.9972f,0.0237f,0f,0f,0f,1f],start_interpolation: 0,interpolation_duration: 1}
$data merge entity $(bone_bone) {transformation: [-1f,0f,0f,0f,0f,0.9972f,0.0752f,1.3788f,0f,0.0752f,-0.9972f,0.0237f,0f,0f,0f,1f],start_interpolation: 0,interpolation_duration: 1}
$data merge entity $(bone_left_arm1) {transformation: [-1f,0f,0f,0.25f,0f,-0.2704f,-0.9628f,1.3165f,0f,-0.9628f,0.2704f,0.019f,0f,0f,0f,1f],start_interpolation: 0,interpolation_duration: 1}
$data merge entity $(bone_right_arm1) {transformation: [-1f,0f,0f,-0.25f,0f,-0.2704f,-0.9628f,1.3165f,0f,-0.9628f,0.2704f,0.019f,0f,0f,0f,1f],start_interpolation: 0,interpolation_duration: 1}
data modify entity @s data merge value {"cameras":{},"locators":{"mouse":{"posx":-3.0203989840938487e-17,"posy":1.5257329073723986,"posz":0.24663429375692383,"roty":0,"rotx":-12.82798833819242},"left_arm":{"posx":0.3124999999999999,"posy":1.5023597982948997,"posz":0.6808853551899329,"roty":180,"rotx":-74.31486880466477},"right_arm":{"posx":-0.3125000000000001,"posy":1.5023597982948997,"posz":0.6808853551899329,"roty":180,"rotx":-74.31486880466477}}}