# This file was generated by Animated Java via MC-Build. It is not recommended to edit this file directly.
$data merge entity $(bone_eyes) {transformation: [-1f,0f,0f,-0.0156f,0f,0.9764f,-0.2161f,1.771f,0f,-0.2161f,-0.9764f,0.2262f,0f,0f,0f,1f],start_interpolation: 0,interpolation_duration: 1}
$data merge entity $(bone_head) {transformation: [-1f,0f,0f,0f,0f,0.9764f,-0.2161f,1.3811f,0f,-0.2161f,-0.9764f,0.0552f,0f,0f,0f,1f],start_interpolation: 0,interpolation_duration: 1}
$data merge entity $(bone_fabric_overray) {transformation: [-1f,0f,0f,0f,0f,0.7752f,0.6317f,1.3811f,0f,0.6317f,-0.7752f,0.0552f,0f,0f,0f,1f],start_interpolation: 0,interpolation_duration: 1}
$data merge entity $(bone_fabric) {transformation: [-1f,0f,0f,0f,0f,0.7752f,0.6317f,1.3811f,0f,0.6317f,-0.7752f,0.0552f,0f,0f,0f,1f],start_interpolation: 0,interpolation_duration: 1}
$data merge entity $(bone_left_arm1) {transformation: [-1f,0f,0f,0.25f,0f,0.862f,0.5069f,1.3196f,0f,0.5069f,-0.862f,0.0444f,0f,0f,0f,1f],start_interpolation: 0,interpolation_duration: 1}
$data merge entity $(bone_right_arm1) {transformation: [-1f,0f,0f,-0.25f,0f,0.8633f,0.5047f,1.3196f,0f,0.5047f,-0.8633f,0.0444f,0f,0f,0f,1f],start_interpolation: 0,interpolation_duration: 1}
data modify entity @s data merge value {"cameras":{},"locators":{"mouse":{"posx":-3.4173546341818527e-17,"posy":1.5266649642721621,"posz":0.2790481824278762,"roty":0,"rotx":-12.479999999999997},"left_arm":{"posx":0.31250000000000006,"posy":0.7269242674350916,"posz":-0.30412821739185386,"roty":0,"rotx":30.45717592592592},"right_arm":{"posx":-0.31249999999999994,"posy":0.72604619615186,"posz":-0.3026306732996675,"roty":0,"rotx":30.312499999999996}}}