# This file was generated by Animated Java via MC-Build. It is not recommended to edit this file directly.
$data merge entity $(bone_eyes) {transformation: [-1f,0f,0f,-0.0156f,0f,0.9914f,-0.1309f,1.7548f,0f,-0.1309f,-0.9914f,0.2593f,0f,0f,0f,1f],start_interpolation: 0,interpolation_duration: 1}
$data merge entity $(bone_head) {transformation: [-1f,0f,0f,0f,0f,0.9914f,-0.1309f,1.3811f,0f,-0.1309f,-0.9914f,0.0552f,0f,0f,0f,1f],start_interpolation: 0,interpolation_duration: 1}
$data merge entity $(bone_fabric_overray) {transformation: [-1f,0f,0f,0f,0f,0.8204f,0.5718f,1.3811f,0f,0.5718f,-0.8204f,0.0552f,0f,0f,0f,1f],start_interpolation: 0,interpolation_duration: 1}
$data merge entity $(bone_fabric) {transformation: [-1f,0f,0f,0f,0f,0.8204f,0.5718f,1.3811f,0f,0.5718f,-0.8204f,0.0552f,0f,0f,0f,1f],start_interpolation: 0,interpolation_duration: 1}
$data merge entity $(bone_left_arm1) {transformation: [-1f,0f,0f,0.25f,0f,0.8763f,0.4817f,1.3196f,0f,0.4817f,-0.8763f,0.0444f,0f,0f,0f,1f],start_interpolation: 0,interpolation_duration: 1}
$data merge entity $(bone_right_arm1) {transformation: [-1f,0f,0f,-0.25f,0f,0.8779f,0.4789f,1.3196f,0f,0.4789f,-0.8779f,0.0444f,0f,0f,0f,1f],start_interpolation: 0,interpolation_duration: 1}
data modify entity @s data merge value {"cameras":{},"locators":{"mouse":{"posx":-3.561212956604187e-17,"posy":1.5067671785031576,"posz":0.29079510591001767,"roty":0,"rotx":-7.5200000000000085},"left_arm":{"posx":0.31250000000000006,"posy":0.7170726983483598,"posz":-0.28680514623166575,"roty":0,"rotx":28.796296296296312},"right_arm":{"posx":-0.31249999999999994,"posy":0.7160054860996535,"posz":-0.28485614228522926,"roty":0,"rotx":28.61111111111114}}}