# This file was generated by Animated Java via MC-Build. It is not recommended to edit this file directly.
$data merge entity $(bone_eyes) {transformation: [-1f,0f,0f,-0.0156f,0f,0.9986f,-0.053f,1.7377f,0f,-0.053f,-0.9986f,0.2879f,0f,0f,0f,1f],start_interpolation: 0,interpolation_duration: 1}
$data merge entity $(bone_head) {transformation: [-1f,0f,0f,0f,0f,0.9986f,-0.053f,1.3811f,0f,-0.053f,-0.9986f,0.0552f,0f,0f,0f,1f],start_interpolation: 0,interpolation_duration: 1}
$data merge entity $(bone_fabric_overray) {transformation: [-1f,0f,0f,0f,0f,0.8672f,0.498f,1.3811f,0f,0.498f,-0.8672f,0.0552f,0f,0f,0f,1f],start_interpolation: 0,interpolation_duration: 1}
$data merge entity $(bone_fabric) {transformation: [-1f,0f,0f,0f,0f,0.8672f,0.498f,1.3811f,0f,0.498f,-0.8672f,0.0552f,0f,0f,0f,1f],start_interpolation: 0,interpolation_duration: 1}
$data merge entity $(bone_left_arm1) {transformation: [-1f,0f,0f,0.25f,0f,0.912f,0.4102f,1.3196f,0f,0.4102f,-0.912f,0.0444f,0f,0f,0f,1f],start_interpolation: 0,interpolation_duration: 1}
$data merge entity $(bone_right_arm1) {transformation: [-1f,0f,0f,-0.25f,0f,0.9131f,0.4077f,1.3196f,0f,0.4077f,-0.9131f,0.0444f,0f,0f,0f,1f],start_interpolation: 0,interpolation_duration: 1}
data modify entity @s data merge value {"cameras":{},"locators":{"mouse":{"posx":-3.672604364271285e-17,"posy":1.4879817842006764,"posz":0.2998909046125214,"roty":0,"rotx":-3.039999999999987},"left_arm":{"posx":0.3125,"posy":0.6925646291268366,"posz":-0.23766572311288126,"roty":0,"rotx":24.218750000000007},"right_arm":{"posx":-0.31249999999999994,"posy":0.6917978514217192,"posz":-0.2359548256675681,"roty":0,"rotx":24.062500000000004}}}