# This file was generated by Animated Java via MC-Build. It is not recommended to edit this file directly.
$data merge entity $(bone_fabric_overray) {transformation: [-1f,0f,0f,0f,0f,0.9538f,0.3004f,1.3811f,0f,0.3004f,-0.9538f,0.0552f,0f,0f,0f,1f],start_interpolation: 0,interpolation_duration: 1}
$data merge entity $(bone_fabric) {transformation: [-1f,0f,0f,0f,0f,0.9538f,0.3004f,1.3811f,0f,0.3004f,-0.9538f,0.0552f,0f,0f,0f,1f],start_interpolation: 0,interpolation_duration: 1}
$data merge entity $(bone_left_arm1) {transformation: [-1f,0f,0f,0.25f,0f,0.9739f,0.227f,1.3196f,0f,0.227f,-0.9739f,0.0444f,0f,0f,0f,1f],start_interpolation: 0,interpolation_duration: 1}
$data merge entity $(bone_right_arm1) {transformation: [-1f,0f,0f,-0.25f,0f,0.974f,0.2265f,1.3196f,0f,0.2265f,-0.974f,0.0444f,0f,0f,0f,1f],start_interpolation: 0,interpolation_duration: 1}
data modify entity @s data merge value {"cameras":{},"locators":{"left_arm":{"posx":0.3125,"posy":0.6499987614663006,"posz":-0.11168574469537397,"roty":0,"rotx":13.11921296296294},"right_arm":{"posx":-0.3125,"posy":0.6499200407385992,"posz":-0.11134758939380808,"roty":0,"rotx":13.09027777777776}}}