# This file was generated by Animated Java via MC-Build. It is not recommended to edit this file directly.
$data merge entity $(bone_eyes) {transformation: [-1f,0f,0f,-0.0156f,0f,0.9644f,-0.2643f,1.776f,0f,-0.2643f,-0.9644f,0.1692f,0f,0f,0f,1f],start_interpolation: 0,interpolation_duration: 1}
$data merge entity $(bone_head) {transformation: [-1f,0f,0f,0f,0f,0.9644f,-0.2643f,1.378f,0f,-0.2643f,-0.9644f,0.0178f,0f,0f,0f,1f],start_interpolation: 0,interpolation_duration: 1}
$data merge entity $(bone_fabric_overray) {transformation: [-1f,0f,0f,0f,0f,0.9984f,0.0566f,1.378f,0f,0.0566f,-0.9984f,0.0178f,0f,0f,0f,1f],start_interpolation: 0,interpolation_duration: 1}
$data merge entity $(bone_fabric) {transformation: [-1f,0f,0f,0f,0f,0.9984f,0.0566f,1.378f,0f,0.0566f,-0.9984f,0.0178f,0f,0f,0f,1f],start_interpolation: 0,interpolation_duration: 1}
$data merge entity $(bone_bone_overray) {transformation: [-1f,0f,0f,0f,0f,0.9984f,0.0566f,1.378f,0f,0.0566f,-0.9984f,0.0178f,0f,0f,0f,1f],start_interpolation: 0,interpolation_duration: 1}
$data merge entity $(bone_bone) {transformation: [-1f,0f,0f,0f,0f,0.9984f,0.0566f,1.378f,0f,0.0566f,-0.9984f,0.0178f,0f,0f,0f,1f],start_interpolation: 0,interpolation_duration: 1}
$data merge entity $(bone_left_arm1) {transformation: [-1f,0f,0f,0.25f,0f,-0.6951f,-0.7189f,1.3156f,0f,-0.7189f,0.6951f,0.0142f,0f,0f,0f,1f],start_interpolation: 0,interpolation_duration: 1}
$data merge entity $(bone_right_arm1) {transformation: [-1f,0f,0f,-0.25f,0f,-0.6951f,-0.7189f,1.3156f,0f,-0.7189f,0.6951f,0.0142f,0f,0f,0f,1f],start_interpolation: 0,interpolation_duration: 1}
data modify entity @s data merge value {"cameras":{},"locators":{"mouse":{"posx":-2.8669682533610024e-17,"posy":1.534536789836378,"posz":0.2341057238182549,"roty":0,"rotx":-15.327988338192423},"left_arm":{"posx":0.31249999999999994,"posy":1.7935287903335668,"posz":0.5084860111536309,"roty":180,"rotx":-45.96344023323618},"right_arm":{"posx":-0.31250000000000006,"posy":1.7935287903335668,"posz":0.5084860111536308,"roty":180,"rotx":-45.96344023323618}}}