# This file was generated by Animated Java via MC-Build. It is not recommended to edit this file directly.
$data merge entity $(bone_eyes) {transformation: [-1f,0f,0f,-0.0156f,0f,0.9537f,-0.3007f,1.7808f,0f,-0.3007f,-0.9537f,0.1499f,0f,0f,0f,1f],start_interpolation: 0,interpolation_duration: 1}
$data merge entity $(bone_head) {transformation: [-1f,0f,0f,0f,0f,0.9537f,-0.3007f,1.3774f,0f,-0.3007f,-0.9537f,0.0137f,0f,0f,0f,1f],start_interpolation: 0,interpolation_duration: 1}
$data merge entity $(bone_fabric_overray) {transformation: [-1f,0f,0f,0f,0f,0.999f,0.0436f,1.3774f,0f,0.0436f,-0.999f,0.0137f,0f,0f,0f,1f],start_interpolation: 0,interpolation_duration: 1}
$data merge entity $(bone_fabric) {transformation: [-1f,0f,0f,0f,0f,0.999f,0.0436f,1.3774f,0f,0.0436f,-0.999f,0.0137f,0f,0f,0f,1f],start_interpolation: 0,interpolation_duration: 1}
$data merge entity $(bone_bone_overray) {transformation: [-1f,0f,0f,0f,0f,0.999f,0.0436f,1.3774f,0f,0.0436f,-0.999f,0.0137f,0f,0f,0f,1f],start_interpolation: 0,interpolation_duration: 1}
$data merge entity $(bone_bone) {transformation: [-1f,0f,0f,0f,0f,0.999f,0.0436f,1.3774f,0f,0.0436f,-0.999f,0.0137f,0f,0f,0f,1f],start_interpolation: 0,interpolation_duration: 1}
$data merge entity $(bone_left_arm1) {transformation: [-1f,0f,0f,0.25f,0f,-0.944f,-0.3299f,1.315f,0f,-0.3299f,0.944f,0.011f,0f,0f,0f,1f],start_interpolation: 0,interpolation_duration: 1}
$data merge entity $(bone_right_arm1) {transformation: [-1f,0f,0f,-0.25f,0f,-0.944f,-0.3299f,1.315f,0f,-0.3299f,0.944f,0.011f,0f,0f,0f,1f],start_interpolation: 0,interpolation_duration: 1}
data modify entity @s data merge value {"cameras":{},"locators":{"mouse":{"posx":-2.7423345998847135e-17,"posy":1.5420161949633786,"posz":0.22392861368633254,"roty":0,"rotx":-17.499999999999996},"left_arm":{"posx":0.3125,"posy":1.9640098987027697,"posz":0.237739930707929,"roty":180,"rotx":-19.259999999999984},"right_arm":{"posx":-0.3125,"posy":1.9640098987027697,"posz":0.23773993070792895,"roty":180,"rotx":-19.259999999999984}}}