# This file was generated by Animated Java via MC-Build. It is not recommended to edit this file directly.
$data merge entity $(bone_eyes) {transformation: [-1f,0f,0f,-0.0156f,0f,0.894f,-0.4481f,1.7925f,0f,-0.4481f,-0.894f,0.0595f,0f,0f,0f,1f],start_interpolation: 0,interpolation_duration: 1}
$data merge entity $(bone_head) {transformation: [-1f,0f,0f,0f,0f,0.894f,-0.4481f,1.3726f,0f,-0.4481f,-0.894f,-0.0111f,0f,0f,0f,1f],start_interpolation: 0,interpolation_duration: 1}
$data merge entity $(bone_fabric_overray) {transformation: [-1f,0f,0f,0f,0f,0.9994f,-0.0355f,1.3726f,0f,-0.0355f,-0.9994f,-0.0111f,0f,0f,0f,1f],start_interpolation: 0,interpolation_duration: 1}
$data merge entity $(bone_fabric) {transformation: [-1f,0f,0f,0f,0f,0.9994f,-0.0355f,1.3726f,0f,-0.0355f,-0.9994f,-0.0111f,0f,0f,0f,1f],start_interpolation: 0,interpolation_duration: 1}
$data merge entity $(bone_bone_overray) {transformation: [-1f,0f,0f,0f,0f,0.9994f,-0.0355f,1.3726f,0f,-0.0355f,-0.9994f,-0.0111f,0f,0f,0f,1f],start_interpolation: 0,interpolation_duration: 1}
$data merge entity $(bone_bone) {transformation: [-1f,0f,0f,0f,0f,0.9994f,-0.0355f,1.3726f,0f,-0.0355f,-0.9994f,-0.0111f,0f,0f,0f,1f],start_interpolation: 0,interpolation_duration: 1}
$data merge entity $(bone_left_arm1) {transformation: [-1f,0f,0f,0.25f,0f,-0.8833f,0.4688f,1.3101f,0f,0.4688f,0.8833f,-0.0088f,0f,0f,0f,1f],start_interpolation: 0,interpolation_duration: 1}
$data merge entity $(bone_right_arm1) {transformation: [-1f,0f,0f,-0.25f,0f,-0.8833f,0.4688f,1.3101f,0f,0.4688f,0.8833f,-0.0088f,0f,0f,0f,1f],start_interpolation: 0,interpolation_duration: 1}
data modify entity @s data merge value {"cameras":{},"locators":{"mouse":{"posx":-2.0870804950333907e-17,"posy":1.5684121934113366,"posz":0.17042305556887888,"roty":0,"rotx":-26.620370370370374},"left_arm":{"posx":0.31250000000000006,"posy":1.9173887407332213,"posz":-0.33115331497406697,"roty":180,"rotx":27.957037037037015},"right_arm":{"posx":-0.31249999999999994,"posy":1.9173887407332213,"posz":-0.331153314974067,"roty":180,"rotx":27.957037037037015}}}