# This file was generated by Animated Java via MC-Build. It is not recommended to edit this file directly.
$data merge entity $(bone_eyes) {transformation: [-1f,0f,0f,-0.0156f,0f,1f,0f,1.6789f,0f,0f,-1f,0.4788f,0f,0f,0f,1f],start_interpolation: 0,interpolation_duration: 1}
$data merge entity $(bone_head) {transformation: [-1f,0f,0f,0f,0f,1f,0f,1.3351f,0f,0f,-1f,0.2275f,0f,0f,0f,1f],start_interpolation: 0,interpolation_duration: 1}
$data merge entity $(bone_fabric_overray) {transformation: [-1f,0f,0f,0f,0f,0.7373f,0.6756f,1.3351f,0f,0.6756f,-0.7373f,0.2275f,0f,0f,0f,1f],start_interpolation: 0,interpolation_duration: 1}
$data merge entity $(bone_fabric) {transformation: [-1f,0f,0f,0f,0f,0.7373f,0.6756f,1.3351f,0f,0.6756f,-0.7373f,0.2275f,0f,0f,0f,1f],start_interpolation: 0,interpolation_duration: 1}
$data merge entity $(bone_bone_overray) {transformation: [-1f,0f,0f,0f,0f,0.7373f,0.6756f,1.3351f,0f,0.6756f,-0.7373f,0.2275f,0f,0f,0f,1f],start_interpolation: 0,interpolation_duration: 1}
$data merge entity $(bone_bone) {transformation: [-1f,0f,0f,0f,0f,0.7373f,0.6756f,1.3351f,0f,0.6756f,-0.7373f,0.2275f,0f,0f,0f,1f],start_interpolation: 0,interpolation_duration: 1}
$data merge entity $(bone_left_arm1) {transformation: [-0.9848f,-0.1378f,0.1057f,0.25f,-0.128f,0.9873f,0.094f,1.289f,-0.1173f,0.079f,-0.9899f,0.1853f,0f,0f,0f,1f],start_interpolation: 0,interpolation_duration: 1}
$data merge entity $(bone_right_arm1) {transformation: [-0.9848f,0.1378f,-0.1057f,-0.25f,0.128f,0.9873f,0.094f,1.289f,0.1173f,0.079f,-0.9899f,0.1853f,0f,0f,0f,1f],start_interpolation: 0,interpolation_duration: 1}
data modify entity @s data merge value {"cameras":{},"locators":{"mouse":{"posx":-5.848204119742145e-17,"posy":1.4288735557291425,"posz":0.47754210632926103,"roty":0,"rotx":0},"left_arm":{"posx":0.4062634832922002,"posy":0.6182708576436907,"posz":0.13832848561703165,"roty":6.095167261338787,"rotx":5.392294229205091},"right_arm":{"posx":-0.40626348329220024,"posy":0.6182708576436907,"posz":0.13832848561703157,"roty":353.9048327386612,"rotx":5.39229422920509},"intaract2":{"posx":0,"posy":1.2,"posz":0,"roty":0,"rotx":0},"intaract":{"posx":0,"posy":0.19999999999999996,"posz":0,"roty":0,"rotx":0},"shadow":{"posx":0,"posy":0,"posz":0,"roty":0,"rotx":0}}}