# This file was generated by Animated Java via MC-Build. It is not recommended to edit this file directly.
$data merge entity $(bone_eyes) {transformation: [-1f,0f,0f,-0.0156f,0f,1f,0.0079f,1.6828f,0f,0.0079f,-1f,0.4849f,0f,0f,0f,1f],start_interpolation: 0,interpolation_duration: 1}
$data merge entity $(bone_head) {transformation: [-1f,0f,0f,0f,0f,1f,0.0079f,1.3411f,0f,0.0079f,-1f,0.2309f,0f,0f,0f,1f],start_interpolation: 0,interpolation_duration: 1}
$data merge entity $(bone_fabric_overray) {transformation: [-1f,0f,0f,0f,0f,0.7289f,0.6846f,1.3411f,0f,0.6846f,-0.7289f,0.2309f,0f,0f,0f,1f],start_interpolation: 0,interpolation_duration: 1}
$data merge entity $(bone_fabric) {transformation: [-1f,0f,0f,0f,0f,0.7289f,0.6846f,1.3411f,0f,0.6846f,-0.7289f,0.2309f,0f,0f,0f,1f],start_interpolation: 0,interpolation_duration: 1}
$data merge entity $(bone_bone_overray) {transformation: [-1f,0f,0f,0f,0f,0.7289f,0.6846f,1.3411f,0f,0.6846f,-0.7289f,0.2309f,0f,0f,0f,1f],start_interpolation: 0,interpolation_duration: 1}
$data merge entity $(bone_bone) {transformation: [-1f,0f,0f,0f,0f,0.7289f,0.6846f,1.3411f,0f,0.6846f,-0.7289f,0.2309f,0f,0f,0f,1f],start_interpolation: 0,interpolation_duration: 1}
$data merge entity $(bone_left_arm1) {transformation: [-0.9845f,-0.139f,0.1073f,0.25f,-0.1286f,0.9868f,0.0984f,1.2955f,-0.1196f,0.0831f,-0.9893f,0.1881f,0f,0f,0f,1f],start_interpolation: 0,interpolation_duration: 1}
$data merge entity $(bone_right_arm1) {transformation: [-0.9845f,0.139f,-0.1073f,-0.25f,0.1286f,0.9868f,0.0984f,1.2955f,0.1196f,0.0831f,-0.9893f,0.1881f,0f,0f,0f,1f],start_interpolation: 0,interpolation_duration: 1}
data modify entity @s data merge value {"cameras":{},"locators":{"mouse":{"posx":-5.898253127812889e-17,"posy":1.4328362555714265,"posz":0.48162891798022767,"roty":0,"rotx":0.45279411764704364},"left_arm":{"posx":0.40708665822794754,"posy":0.6251200111516313,"posz":0.13847038430194017,"roty":6.190986498936695,"rotx":5.64691211726364},"right_arm":{"posx":-0.4070866582279476,"posy":0.6251200111516313,"posz":0.13847038430194009,"roty":353.8090135010633,"rotx":5.646912117263638}}}