# This file was generated by Animated Java via MC-Build. It is not recommended to edit this file directly.
$data merge entity $(bone_eyes) {transformation: [-1f,0f,0f,-0.0156f,0f,0.9916f,0.1297f,1.7356f,0f,0.1297f,-0.9916f,0.5661f,0f,0f,0f,1f],start_interpolation: 0,interpolation_duration: 1}
$data merge entity $(bone_head) {transformation: [-1f,0f,0f,0f,0f,0.9916f,0.1297f,1.4273f,0f,0.1297f,-0.9916f,0.2724f,0f,0f,0f,1f],start_interpolation: 0,interpolation_duration: 1}
$data merge entity $(bone_fabric_overray) {transformation: [-1f,0f,0f,0f,0f,0.6088f,0.7934f,1.4273f,0f,0.7934f,-0.6088f,0.2724f,0f,0f,0f,1f],start_interpolation: 0,interpolation_duration: 1}
$data merge entity $(bone_fabric) {transformation: [-1f,0f,0f,0f,0f,0.6088f,0.7934f,1.4273f,0f,0.7934f,-0.6088f,0.2724f,0f,0f,0f,1f],start_interpolation: 0,interpolation_duration: 1}
$data merge entity $(bone_bone_overray) {transformation: [-1f,0f,0f,0f,0f,0.6088f,0.7934f,1.4273f,0f,0.7934f,-0.6088f,0.2724f,0f,0f,0f,1f],start_interpolation: 0,interpolation_duration: 1}
$data merge entity $(bone_bone) {transformation: [-1f,0f,0f,0f,0f,0.6088f,0.7934f,1.4273f,0f,0.7934f,-0.6088f,0.2724f,0f,0f,0f,1f],start_interpolation: 0,interpolation_duration: 1}
$data merge entity $(bone_left_arm1) {transformation: [-0.9848f,-0.0996f,0.1422f,0.25f,-0.1057f,0.9937f,-0.036f,1.3893f,-0.1378f,-0.0505f,-0.9892f,0.2228f,0f,0f,0f,1f],start_interpolation: 0,interpolation_duration: 1}
$data merge entity $(bone_right_arm1) {transformation: [-0.9848f,0.0996f,-0.1422f,-0.25f,0.1057f,0.9937f,-0.036f,1.3893f,0.1378f,-0.0505f,-0.9892f,0.2228f,0f,0f,0f,1f],start_interpolation: 0,interpolation_duration: 1}
data modify entity @s data merge value {"cameras":{},"locators":{"mouse":{"posx":-6.520310386657176e-17,"posy":1.4878525443593626,"posz":0.532423747908121,"roty":0,"rotx":7.45294117647058},"left_arm":{"posx":0.3800258303242357,"posy":0.7126831612360855,"posz":0.26614218145468205,"roty":8.183086369925462,"rotx":-2.0655876890396585},"right_arm":{"posx":-0.38002583032423576,"posy":0.7126831612360855,"posz":0.266142181454682,"roty":351.81691363007457,"rotx":-2.065587689039659}}}