# This file was generated by Animated Java via MC-Build. It is not recommended to edit this file directly.
$data merge entity $(bone_eyes) {transformation: [-1f,0f,0f,-0.0156f,0f,0.9926f,0.1211f,1.7458f,0f,0.1211f,-0.9926f,0.5624f,0f,0f,0f,1f],start_interpolation: 0,interpolation_duration: 1}
$data merge entity $(bone_head) {transformation: [-1f,0f,0f,0f,0f,0.9926f,0.1211f,1.435f,0f,0.1211f,-0.9926f,0.2714f,0f,0f,0f,1f],start_interpolation: 0,interpolation_duration: 1}
$data merge entity $(bone_fabric_overray) {transformation: [-1f,0f,0f,0f,0f,0.6121f,0.7908f,1.435f,0f,0.7908f,-0.6121f,0.2714f,0f,0f,0f,1f],start_interpolation: 0,interpolation_duration: 1}
$data merge entity $(bone_fabric) {transformation: [-1f,0f,0f,0f,0f,0.6121f,0.7908f,1.435f,0f,0.7908f,-0.6121f,0.2714f,0f,0f,0f,1f],start_interpolation: 0,interpolation_duration: 1}
$data merge entity $(bone_bone_overray) {transformation: [-1f,0f,0f,0f,0f,0.6121f,0.7908f,1.435f,0f,0.7908f,-0.6121f,0.2714f,0f,0f,0f,1f],start_interpolation: 0,interpolation_duration: 1}
$data merge entity $(bone_bone) {transformation: [-1f,0f,0f,0f,0f,0.6121f,0.7908f,1.435f,0f,0.7908f,-0.6121f,0.2714f,0f,0f,0f,1f],start_interpolation: 0,interpolation_duration: 1}
$data merge entity $(bone_left_arm1) {transformation: [-0.9912f,-0.0277f,0.1296f,0.25f,-0.066f,0.9512f,-0.3015f,1.3968f,-0.115f,-0.3074f,-0.9446f,0.2219f,0f,0f,0f,1f],start_interpolation: 0,interpolation_duration: 1}
$data merge entity $(bone_right_arm1) {transformation: [-0.9912f,0.0277f,-0.1296f,-0.25f,0.066f,0.9512f,-0.3015f,1.3968f,0.115f,-0.3074f,-0.9446f,0.2219f,0f,0f,0f,1f],start_interpolation: 0,interpolation_duration: 1}
data modify entity @s data merge value {"cameras":{},"locators":{"mouse":{"posx":-6.501268266549947e-17,"posy":1.4978335153606672,"posz":0.5308688408018039,"roty":0,"rotx":6.955179738562096},"left_arm":{"posx":0.33096891003879547,"posy":0.7469863743121994,"posz":0.4404809212020723,"roty":7.81445202590433,"rotx":-17.550278237768797},"right_arm":{"posx":-0.3309689100387956,"posy":0.7469863743121994,"posz":0.44048092120207216,"roty":352.1855479740957,"rotx":-17.5502782377688}}}