# This file was generated by Animated Java via MC-Build. It is not recommended to edit this file directly.
$data merge entity $(bone_eyes) {transformation: [-1f,0f,0f,-0.0156f,0f,0.994f,0.1091f,1.7558f,0f,0.1091f,-0.994f,0.5568f,0f,0f,0f,1f],start_interpolation: 0,interpolation_duration: 1}
$data merge entity $(bone_head) {transformation: [-1f,0f,0f,0f,0f,0.994f,0.1091f,1.4415f,0f,0.1091f,-0.994f,0.2695f,0f,0f,0f,1f],start_interpolation: 0,interpolation_duration: 1}
$data merge entity $(bone_fabric_overray) {transformation: [-1f,0f,0f,0f,0f,0.6181f,0.7861f,1.4415f,0f,0.7861f,-0.6181f,0.2695f,0f,0f,0f,1f],start_interpolation: 0,interpolation_duration: 1}
$data merge entity $(bone_fabric) {transformation: [-1f,0f,0f,0f,0f,0.6181f,0.7861f,1.4415f,0f,0.7861f,-0.6181f,0.2695f,0f,0f,0f,1f],start_interpolation: 0,interpolation_duration: 1}
$data merge entity $(bone_bone_overray) {transformation: [-1f,0f,0f,0f,0f,0.6181f,0.7861f,1.4415f,0f,0.7861f,-0.6181f,0.2695f,0f,0f,0f,1f],start_interpolation: 0,interpolation_duration: 1}
$data merge entity $(bone_bone) {transformation: [-1f,0f,0f,0f,0f,0.6181f,0.7861f,1.4415f,0f,0.7861f,-0.6181f,0.2695f,0f,0f,0f,1f],start_interpolation: 0,interpolation_duration: 1}
$data merge entity $(bone_left_arm1) {transformation: [-0.9966f,0.0439f,0.0702f,0.25f,-0.0097f,0.7805f,-0.6251f,1.4029f,-0.0823f,-0.6236f,-0.7774f,0.2204f,0f,0f,0f,1f],start_interpolation: 0,interpolation_duration: 1}
$data merge entity $(bone_right_arm1) {transformation: [-0.9966f,-0.0439f,-0.0702f,-0.25f,0.0097f,0.7805f,-0.6251f,1.4029f,0.0823f,-0.6236f,-0.7774f,0.2204f,0f,0f,0f,1f],start_interpolation: 0,interpolation_duration: 1}
data modify entity @s data merge value {"cameras":{},"locators":{"mouse":{"posx":-6.469265091251886e-17,"posy":1.5074221227323166,"posz":0.5282555832225293,"roty":0,"rotx":6.264517066085701},"left_arm":{"posx":0.28209693041316725,"posy":0.8668778178037795,"posz":0.6542488072765799,"roty":5.1615930639600265,"rotx":-38.68668800228012},"right_arm":{"posx":-0.28209693041316736,"posy":0.8668778178037795,"posz":0.6542488072765797,"roty":354.83840693604003,"rotx":-38.68668800228012}}}