# This file was generated by Animated Java via MC-Build. It is not recommended to edit this file directly.
$data merge entity $(bone_eyes) {transformation: [-1f,0f,0f,-0.0156f,0f,0.9956f,0.0942f,1.7652f,0f,0.0942f,-0.9956f,0.5495f,0f,0f,0f,1f],start_interpolation: 0,interpolation_duration: 1}
$data merge entity $(bone_head) {transformation: [-1f,0f,0f,0f,0f,0.9956f,0.0942f,1.4466f,0f,0.0942f,-0.9956f,0.2669f,0f,0f,0f,1f],start_interpolation: 0,interpolation_duration: 1}
$data merge entity $(bone_fabric_overray) {transformation: [-1f,0f,0f,0f,0f,0.6264f,0.7795f,1.4466f,0f,0.7795f,-0.6264f,0.2669f,0f,0f,0f,1f],start_interpolation: 0,interpolation_duration: 1}
$data merge entity $(bone_fabric) {transformation: [-1f,0f,0f,0f,0f,0.6264f,0.7795f,1.4466f,0f,0.7795f,-0.6264f,0.2669f,0f,0f,0f,1f],start_interpolation: 0,interpolation_duration: 1}
$data merge entity $(bone_bone_overray) {transformation: [-1f,0f,0f,0f,0f,0.6264f,0.7795f,1.4466f,0f,0.7795f,-0.6264f,0.2669f,0f,0f,0f,1f],start_interpolation: 0,interpolation_duration: 1}
$data merge entity $(bone_bone) {transformation: [-1f,0f,0f,0f,0f,0.6264f,0.7795f,1.4466f,0f,0.7795f,-0.6264f,0.2669f,0f,0f,0f,1f],start_interpolation: 0,interpolation_duration: 1}
$data merge entity $(bone_left_arm1) {transformation: [-0.9973f,0.0659f,-0.0315f,0.25f,0.0578f,0.4486f,-0.8918f,1.4075f,-0.0446f,-0.8913f,-0.4512f,0.2182f,0f,0f,0f,1f],start_interpolation: 0,interpolation_duration: 1}
$data merge entity $(bone_right_arm1) {transformation: [-0.9973f,-0.0659f,0.0315f,-0.25f,-0.0578f,0.4486f,-0.8918f,1.4075f,0.0446f,-0.8913f,-0.4512f,0.2182f,0f,0f,0f,1f],start_interpolation: 0,interpolation_duration: 1}
data modify entity @s data merge value {"cameras":{},"locators":{"mouse":{"posx":-6.425277349962683e-17,"posy":1.5164046533735531,"posz":0.5246637115645272,"roty":0,"rotx":5.4041013071895385},"left_arm":{"posx":0.2670530412561032,"posy":1.0954150466663988,"posz":0.8337714569684544,"roty":356.00184241569514,"rotx":-63.105595213718395},"right_arm":{"posx":-0.26705304125610335,"posy":1.0954150466663988,"posz":0.8337714569684543,"roty":3.998157584304863,"rotx":-63.105595213718395}}}