# This file was generated by Animated Java via MC-Build. It is not recommended to edit this file directly.
$data merge entity $(bone_eyes) {transformation: [-1f,0f,0f,-0.0156f,0f,0.9971f,0.0767f,1.7737f,0f,0.0767f,-0.9971f,0.5406f,0f,0f,0f,1f],start_interpolation: 0,interpolation_duration: 1}
$data merge entity $(bone_head) {transformation: [-1f,0f,0f,0f,0f,0.9971f,0.0767f,1.4503f,0f,0.0767f,-0.9971f,0.2637f,0f,0f,0f,1f],start_interpolation: 0,interpolation_duration: 1}
$data merge entity $(bone_fabric_overray) {transformation: [-1f,0f,0f,0f,0f,0.6366f,0.7712f,1.4503f,0f,0.7712f,-0.6366f,0.2637f,0f,0f,0f,1f],start_interpolation: 0,interpolation_duration: 1}
$data merge entity $(bone_fabric) {transformation: [-1f,0f,0f,0f,0f,0.6366f,0.7712f,1.4503f,0f,0.7712f,-0.6366f,0.2637f,0f,0f,0f,1f],start_interpolation: 0,interpolation_duration: 1}
$data merge entity $(bone_bone_overray) {transformation: [-1f,0f,0f,0f,0f,0.6366f,0.7712f,1.4503f,0f,0.7712f,-0.6366f,0.2637f,0f,0f,0f,1f],start_interpolation: 0,interpolation_duration: 1}
$data merge entity $(bone_bone) {transformation: [-1f,0f,0f,0f,0f,0.6366f,0.7712f,1.4503f,0f,0.7712f,-0.6366f,0.2637f,0f,0f,0f,1f],start_interpolation: 0,interpolation_duration: 1}
$data merge entity $(bone_left_arm1) {transformation: [-0.9914f,0.0087f,-0.1305f,0.25f,0.1306f,0.0112f,-0.9914f,1.4105f,-0.0071f,-0.9999f,-0.0123f,0.2155f,0f,0f,0f,1f],start_interpolation: 0,interpolation_duration: 1}
$data merge entity $(bone_right_arm1) {transformation: [-0.9914f,-0.0087f,0.1305f,-0.25f,-0.1306f,0.0112f,-0.9914f,1.4105f,0.0071f,-0.9999f,-0.0123f,0.2155f,0f,0f,0f,1f],start_interpolation: 0,interpolation_duration: 1}
data modify entity @s data merge value {"cameras":{},"locators":{"mouse":{"posx":-6.370243989497385e-17,"posy":1.5245631085299154,"posz":0.5201698966536799,"roty":0,"rotx":4.39708061002179},"left_arm":{"posx":0.30599409468929695,"posy":1.3945799077073173,"posz":0.903394183058154,"roty":275.3755548111961,"rotx":-82.46872438593694},"right_arm":{"posx":-0.3059940946892971,"posy":1.3945799077073173,"posz":0.903394183058154,"roty":84.62444518880393,"rotx":-82.46872438593694}}}