# This file was generated by Animated Java via MC-Build. It is not recommended to edit this file directly.
$data merge entity $(bone_eyes) {transformation: [-1f,0f,0f,-0.0156f,0f,0.9984f,0.057f,1.7812f,0f,0.057f,-0.9984f,0.5303f,0f,0f,0f,1f],start_interpolation: 0,interpolation_duration: 1}
$data merge entity $(bone_head) {transformation: [-1f,0f,0f,0f,0f,0.9984f,0.057f,1.4523f,0f,0.057f,-0.9984f,0.2599f,0f,0f,0f,1f],start_interpolation: 0,interpolation_duration: 1}
$data merge entity $(bone_fabric_overray) {transformation: [-1f,0f,0f,0f,0f,0.6483f,0.7614f,1.4523f,0f,0.7614f,-0.6483f,0.2599f,0f,0f,0f,1f],start_interpolation: 0,interpolation_duration: 1}
$data merge entity $(bone_fabric) {transformation: [-1f,0f,0f,0f,0f,0.6483f,0.7614f,1.4523f,0f,0.7614f,-0.6483f,0.2599f,0f,0f,0f,1f],start_interpolation: 0,interpolation_duration: 1}
$data merge entity $(bone_bone_overray) {transformation: [-1f,0f,0f,0f,0f,0.6483f,0.7614f,1.4523f,0f,0.7614f,-0.6483f,0.2599f,0f,0f,0f,1f],start_interpolation: 0,interpolation_duration: 1}
$data merge entity $(bone_bone) {transformation: [-1f,0f,0f,0f,0f,0.6483f,0.7614f,1.4523f,0f,0.7614f,-0.6483f,0.2599f,0f,0f,0f,1f],start_interpolation: 0,interpolation_duration: 1}
$data merge entity $(bone_left_arm1) {transformation: [-0.979f,-0.1082f,-0.1729f,0.25f,0.2024f,-0.411f,-0.8889f,1.4118f,0.0251f,-0.9052f,0.4242f,0.2123f,0f,0f,0f,1f],start_interpolation: 0,interpolation_duration: 1}
$data merge entity $(bone_right_arm1) {transformation: [-0.979f,0.1082f,0.1729f,-0.25f,-0.2024f,-0.411f,-0.8889f,1.4118f,-0.0251f,-0.9052f,0.4242f,0.2123f,0f,0f,0f,1f],start_interpolation: 0,interpolation_duration: 1}
data modify entity @s data merge value {"cameras":{},"locators":{"mouse":{"posx":-6.305132940406673e-17,"posy":1.5316783407344672,"posz":0.5148531760174895,"roty":0,"rotx":3.2666031227305683},"left_arm":{"posx":0.38557936050854325,"posy":1.6816967142501942,"posz":0.8330885029179336,"roty":202.1703841051033,"rotx":-62.73571824231791},"right_arm":{"posx":-0.38557936050854347,"posy":1.6816967142501942,"posz":0.8330885029179335,"roty":157.8296158948967,"rotx":-62.73571824231792}}}