# This file was generated by Animated Java via MC-Build. It is not recommended to edit this file directly.
$data merge entity $(bone_eyes) {transformation: [-1f,0f,0f,-0.0156f,0f,0.9994f,0.0355f,1.7873f,0f,0.0355f,-0.9994f,0.5189f,0f,0f,0f,1f],start_interpolation: 0,interpolation_duration: 1}
$data merge entity $(bone_head) {transformation: [-1f,0f,0f,0f,0f,0.9994f,0.0355f,1.4527f,0f,0.0355f,-0.9994f,0.2556f,0f,0f,0f,1f],start_interpolation: 0,interpolation_duration: 1}
$data merge entity $(bone_fabric_overray) {transformation: [-1f,0f,0f,0f,0f,0.6612f,0.7502f,1.4527f,0f,0.7502f,-0.6612f,0.2556f,0f,0f,0f,1f],start_interpolation: 0,interpolation_duration: 1}
$data merge entity $(bone_fabric) {transformation: [-1f,0f,0f,0f,0f,0.6612f,0.7502f,1.4527f,0f,0.7502f,-0.6612f,0.2556f,0f,0f,0f,1f],start_interpolation: 0,interpolation_duration: 1}
$data merge entity $(bone_bone_overray) {transformation: [-1f,0f,0f,0f,0f,0.6612f,0.7502f,1.4527f,0f,0.7502f,-0.6612f,0.2556f,0f,0f,0f,1f],start_interpolation: 0,interpolation_duration: 1}
$data merge entity $(bone_bone) {transformation: [-1f,0f,0f,0f,0f,0.6612f,0.7502f,1.4527f,0f,0.7502f,-0.6612f,0.2556f,0f,0f,0f,1f],start_interpolation: 0,interpolation_duration: 1}
$data merge entity $(bone_left_arm1) {transformation: [-0.9625f,-0.2307f,-0.1427f,0.25f,0.267f,-0.7123f,-0.6492f,1.4114f,0.0481f,-0.6629f,0.7471f,0.2087f,0f,0f,0f,1f],start_interpolation: 0,interpolation_duration: 1}
$data merge entity $(bone_right_arm1) {transformation: [-0.9625f,0.2307f,0.1427f,-0.25f,-0.267f,-0.7123f,-0.6492f,1.4114f,-0.0481f,-0.6629f,0.7471f,0.2087f,0f,0f,0f,1f],start_interpolation: 0,interpolation_duration: 1}
data modify entity @s data merge value {"cameras":{},"locators":{"mouse":{"posx":-6.230996582320439e-17,"posy":1.5375329703630647,"posz":0.508799482974087,"roty":0,"rotx":2.035816993464046},"left_arm":{"posx":0.46875304949357544,"posy":1.8843972892638314,"posz":0.6614879109890703,"roty":190.81271529380933,"rotx":-40.478782792044456},"right_arm":{"posx":-0.46875304949357555,"posy":1.8843972892638314,"posz":0.6614879109890703,"roty":169.18728470619067,"rotx":-40.47878279204446}}}