# This file was generated by Animated Java via MC-Build. It is not recommended to edit this file directly.
$data merge entity $(bone_eyes) {transformation: [-1f,0f,0f,-0.0156f,0f,0.9999f,0.0127f,1.7919f,0f,0.0127f,-0.9999f,0.5065f,0f,0f,0f,1f],start_interpolation: 0,interpolation_duration: 1}
$data merge entity $(bone_head) {transformation: [-1f,0f,0f,0f,0f,0.9999f,0.0127f,1.4513f,0f,0.0127f,-0.9999f,0.2509f,0f,0f,0f,1f],start_interpolation: 0,interpolation_duration: 1}
$data merge entity $(bone_fabric_overray) {transformation: [-1f,0f,0f,0f,0f,0.6748f,0.738f,1.4513f,0f,0.738f,-0.6748f,0.2509f,0f,0f,0f,1f],start_interpolation: 0,interpolation_duration: 1}
$data merge entity $(bone_fabric) {transformation: [-1f,0f,0f,0f,0f,0.6748f,0.738f,1.4513f,0f,0.738f,-0.6748f,0.2509f,0f,0f,0f,1f],start_interpolation: 0,interpolation_duration: 1}
$data merge entity $(bone_bone_overray) {transformation: [-1f,0f,0f,0f,0f,0.6748f,0.738f,1.4513f,0f,0.738f,-0.6748f,0.2509f,0f,0f,0f,1f],start_interpolation: 0,interpolation_duration: 1}
$data merge entity $(bone_bone) {transformation: [-1f,0f,0f,0f,0f,0.6748f,0.738f,1.4513f,0f,0.738f,-0.6748f,0.2509f,0f,0f,0f,1f],start_interpolation: 0,interpolation_duration: 1}
$data merge entity $(bone_left_arm1) {transformation: [-0.9462f,-0.3151f,-0.0734f,0.25f,0.3182f,-0.865f,-0.3879f,1.4092f,0.0588f,-0.3904f,0.9188f,0.2048f,0f,0f,0f,1f],start_interpolation: 0,interpolation_duration: 1}
$data merge entity $(bone_right_arm1) {transformation: [-0.9462f,0.3151f,0.0734f,-0.25f,-0.3182f,-0.865f,-0.3879f,1.4092f,-0.0588f,-0.3904f,0.9188f,0.2048f,0f,0f,0f,1f],start_interpolation: 0,interpolation_duration: 1}
data modify entity @s data merge value {"cameras":{},"locators":{"mouse":{"posx":-6.149015690103279e-17,"posy":1.5419141048658975,"posz":0.5021052351081522,"roty":0,"rotx":0.7278703703703798},"left_arm":{"posx":0.5257944755984395,"posy":1.9839817264001038,"posz":0.4695591201484317,"roty":184.56689020014247,"rotx":-22.826955130839004},"right_arm":{"posx":-0.5257944755984395,"posy":1.9839817264001038,"posz":0.4695591201484317,"roty":175.43310979985756,"rotx":-22.826955130839007}}}