# This file was generated by Animated Java via MC-Build. It is not recommended to edit this file directly.
$data merge entity $(bone_eyes) {transformation: [-1f,0f,0f,-0.0156f,0f,0.9999f,0.0115f,1.789f,0f,0.0115f,-0.9999f,0.5011f,0f,0f,0f,1f],start_interpolation: 0,interpolation_duration: 1}
$data merge entity $(bone_head) {transformation: [-1f,0f,0f,0f,0f,0.9999f,0.0115f,1.4481f,0f,0.0115f,-0.9999f,0.2459f,0f,0f,0f,1f],start_interpolation: 0,interpolation_duration: 1}
$data merge entity $(bone_fabric_overray) {transformation: [-1f,0f,0f,0f,0f,0.689f,0.7248f,1.4481f,0f,0.7248f,-0.689f,0.2459f,0f,0f,0f,1f],start_interpolation: 0,interpolation_duration: 1}
$data merge entity $(bone_fabric) {transformation: [-1f,0f,0f,0f,0f,0.689f,0.7248f,1.4481f,0f,0.7248f,-0.689f,0.2459f,0f,0f,0f,1f],start_interpolation: 0,interpolation_duration: 1}
$data merge entity $(bone_bone_overray) {transformation: [-1f,0f,0f,0f,0f,0.689f,0.7248f,1.4481f,0f,0.7248f,-0.689f,0.2459f,0f,0f,0f,1f],start_interpolation: 0,interpolation_duration: 1}
$data merge entity $(bone_bone) {transformation: [-1f,0f,0f,0f,0f,0.689f,0.7248f,1.4481f,0f,0.7248f,-0.689f,0.2459f,0f,0f,0f,1f],start_interpolation: 0,interpolation_duration: 1}
$data merge entity $(bone_left_arm1) {transformation: [-0.9271f,-0.3726f,0.0405f,0.25f,0.3704f,-0.9274f,-0.0524f,1.405f,0.0571f,-0.0336f,0.9978f,0.2006f,0f,0f,0f,1f],start_interpolation: 0,interpolation_duration: 1}
$data merge entity $(bone_right_arm1) {transformation: [-0.9271f,0.3726f,-0.0405f,-0.25f,-0.3704f,-0.9274f,-0.0524f,1.405f,-0.0571f,-0.0336f,0.9978f,0.2006f,0f,0f,0f,1f],start_interpolation: 0,interpolation_duration: 1}
data modify entity @s data merge value {"cameras":{},"locators":{"mouse":{"posx":-6.086381097065867e-17,"posy":1.5389837720186308,"posz":0.4969907324547324,"roty":0,"rotx":0.6566172839506037},"left_arm":{"posx":0.5640870563216843,"posy":2.019479370845349,"posz":0.22014300898289077,"roty":177.67466820580353,"rotx":-3.0032900015560875},"right_arm":{"posx":-0.5640870563216844,"posy":2.019479370845349,"posz":0.22014300898289063,"roty":182.32533179419647,"rotx":-3.0032900015560875}}}