# This file was generated by Animated Java via MC-Build. It is not recommended to edit this file directly.
$data merge entity $(bone_eyes) {transformation: [-1f,0f,0f,-0.0156f,0f,1f,0.0097f,1.785f,0f,0.0097f,-1f,0.4953f,0f,0f,0f,1f],start_interpolation: 0,interpolation_duration: 1}
$data merge entity $(bone_head) {transformation: [-1f,0f,0f,0f,0f,1f,0.0097f,1.4437f,0f,0.0097f,-1f,0.2407f,0f,0f,0f,1f],start_interpolation: 0,interpolation_duration: 1}
$data merge entity $(bone_fabric_overray) {transformation: [-1f,0f,0f,0f,0f,0.7032f,0.711f,1.4437f,0f,0.711f,-0.7032f,0.2407f,0f,0f,0f,1f],start_interpolation: 0,interpolation_duration: 1}
$data merge entity $(bone_fabric) {transformation: [-1f,0f,0f,0f,0f,0.7032f,0.711f,1.4437f,0f,0.711f,-0.7032f,0.2407f,0f,0f,0f,1f],start_interpolation: 0,interpolation_duration: 1}
$data merge entity $(bone_bone_overray) {transformation: [-1f,0f,0f,0f,0f,0.7032f,0.711f,1.4437f,0f,0.711f,-0.7032f,0.2407f,0f,0f,0f,1f],start_interpolation: 0,interpolation_duration: 1}
$data merge entity $(bone_bone) {transformation: [-1f,0f,0f,0f,0f,0.7032f,0.711f,1.4437f,0f,0.711f,-0.7032f,0.2407f,0f,0f,0f,1f],start_interpolation: 0,interpolation_duration: 1}
$data merge entity $(bone_left_arm1) {transformation: [-0.9112f,-0.3815f,0.1554f,0.25f,0.4099f,-0.8774f,0.2492f,1.3997f,0.0413f,0.2908f,0.9559f,0.1963f,0f,0f,0f,1f],start_interpolation: 0,interpolation_duration: 1}
$data merge entity $(bone_right_arm1) {transformation: [-0.9112f,0.3815f,-0.1554f,-0.25f,-0.4099f,-0.8774f,0.2492f,1.3997f,-0.0413f,0.2908f,0.9559f,0.1963f,0f,0f,0f,1f],start_interpolation: 0,interpolation_duration: 1}
data modify entity @s data merge value {"cameras":{},"locators":{"mouse":{"posx":-6.020558218895577e-17,"posy":1.5350231211700065,"posz":0.49161588656315636,"roty":0,"rotx":0.5544999999999979},"left_arm":{"posx":0.5692179922946818,"posy":1.9773656735106666,"posz":-0.006238585971327371,"roty":170.76387460225706,"rotx":14.433041987041006},"right_arm":{"posx":-0.5692179922946818,"posy":1.9773656735106666,"posz":-0.006238585971327482,"roty":189.23612539774297,"rotx":14.433041987041006}}}