# This file was generated by Animated Java via MC-Build. It is not recommended to edit this file directly.
$data merge entity $(bone_eyes) {transformation: [-1f,0f,0f,-0.0156f,0f,0.9998f,0.0218f,1.6871f,0f,0.0218f,-0.9998f,0.4945f,0f,0f,0f,1f],start_interpolation: 0,interpolation_duration: 1}
$data merge entity $(bone_head) {transformation: [-1f,0f,0f,0f,0f,0.9998f,0.0218f,1.3489f,0f,0.0218f,-0.9998f,0.2358f,0f,0f,0f,1f],start_interpolation: 0,interpolation_duration: 1}
$data merge entity $(bone_fabric_overray) {transformation: [-1f,0f,0f,0f,0f,0.7162f,0.6979f,1.3489f,0f,0.6979f,-0.7162f,0.2358f,0f,0f,0f,1f],start_interpolation: 0,interpolation_duration: 1}
$data merge entity $(bone_fabric) {transformation: [-1f,0f,0f,0f,0f,0.7162f,0.6979f,1.3489f,0f,0.6979f,-0.7162f,0.2358f,0f,0f,0f,1f],start_interpolation: 0,interpolation_duration: 1}
$data merge entity $(bone_bone_overray) {transformation: [-1f,0f,0f,0f,0f,0.7162f,0.6979f,1.3489f,0f,0.6979f,-0.7162f,0.2358f,0f,0f,0f,1f],start_interpolation: 0,interpolation_duration: 1}
$data merge entity $(bone_bone) {transformation: [-1f,0f,0f,0f,0f,0.7162f,0.6979f,1.3489f,0f,0.6979f,-0.7162f,0.2358f,0f,0f,0f,1f],start_interpolation: 0,interpolation_duration: 1}
$data merge entity $(bone_left_arm1) {transformation: [-0.9836f,-0.1446f,0.1082f,0.25f,-0.1315f,0.9841f,0.1194f,1.3042f,-0.1238f,0.1032f,-0.9869f,0.1922f,0f,0f,0f,1f],start_interpolation: 0,interpolation_duration: 1}
$data merge entity $(bone_right_arm1) {transformation: [-0.9836f,0.1446f,-0.1082f,-0.25f,0.1315f,0.9841f,0.1194f,1.3042f,0.1238f,0.1032f,-0.9869f,0.1922f,0f,0f,0f,1f],start_interpolation: 0,interpolation_duration: 1}
data modify entity @s data merge value {"cameras":{},"locators":{"mouse":{"posx":-5.974119568959947e-17,"posy":1.4371973937921017,"posz":0.4878238830264662,"roty":0,"rotx":1.2505882352941131},"left_arm":{"posx":0.41087601651181527,"posy":0.6358190456631976,"posz":0.1290082508727416,"roty":6.259037198358641,"rotx":6.857172245165482},"right_arm":{"posx":-0.41087601651181527,"posy":0.6358190456631976,"posz":0.1290082508727415,"roty":353.7409628016414,"rotx":6.857172245165481}}}