# This file was generated by Animated Java via MC-Build. It is not recommended to edit this file directly.
$data merge entity $(bone_eyes) {transformation: [-1f,0f,0f,-0.0156f,0f,1f,0.0078f,1.778f,0f,0.0078f,-1f,0.4893f,0f,0f,0f,1f],start_interpolation: 0,interpolation_duration: 1}
$data merge entity $(bone_head) {transformation: [-1f,0f,0f,0f,0f,1f,0.0078f,1.4362f,0f,0.0078f,-1f,0.2354f,0f,0f,0f,1f],start_interpolation: 0,interpolation_duration: 1}
$data merge entity $(bone_fabric_overray) {transformation: [-1f,0f,0f,0f,0f,0.7173f,0.6967f,1.4362f,0f,0.6967f,-0.7173f,0.2354f,0f,0f,0f,1f],start_interpolation: 0,interpolation_duration: 1}
$data merge entity $(bone_fabric) {transformation: [-1f,0f,0f,0f,0f,0.7173f,0.6967f,1.4362f,0f,0.6967f,-0.7173f,0.2354f,0f,0f,0f,1f],start_interpolation: 0,interpolation_duration: 1}
$data merge entity $(bone_bone_overray) {transformation: [-1f,0f,0f,0f,0f,0.7173f,0.6967f,1.4362f,0f,0.6967f,-0.7173f,0.2354f,0f,0f,0f,1f],start_interpolation: 0,interpolation_duration: 1}
$data merge entity $(bone_bone) {transformation: [-1f,0f,0f,0f,0f,0.7173f,0.6967f,1.4362f,0f,0.6967f,-0.7173f,0.2354f,0f,0f,0f,1f],start_interpolation: 0,interpolation_duration: 1}
$data merge entity $(bone_left_arm1) {transformation: [-0.8985f,-0.3698f,0.2367f,0.25f,0.4387f,-0.7785f,0.4489f,1.3914f,0.0182f,0.5072f,0.8617f,0.1919f,0f,0f,0f,1f],start_interpolation: 0,interpolation_duration: 1}
$data merge entity $(bone_right_arm1) {transformation: [-0.8985f,0.3698f,-0.2367f,-0.25f,-0.4387f,-0.7785f,0.4489f,1.3914f,-0.0182f,0.5072f,0.8617f,0.1919f,0f,0f,0f,1f],start_interpolation: 0,interpolation_duration: 1}
data modify entity @s data merge value {"cameras":{},"locators":{"mouse":{"posx":-5.953271544581319e-17,"posy":1.5280149908994676,"posz":0.48612151264562303,"roty":0,"rotx":0.444666666666664},"left_arm":{"posx":0.5604137321902178,"posy":1.8991539101734092,"posz":-0.15795546950185316,"roty":164.64215963964148,"rotx":26.674852937841287},"right_arm":{"posx":-0.5604137321902177,"posy":1.8991539101734092,"posz":-0.15795546950185332,"roty":195.35784036035852,"rotx":26.674852937841294}}}