# This file was generated by Animated Java via MC-Build. It is not recommended to edit this file directly.
$data merge entity $(bone_eyes) {transformation: [-1f,0f,0f,-0.0156f,0f,1f,0.0061f,1.7685f,0f,0.0061f,-1f,0.4834f,0f,0f,0f,1f],start_interpolation: 0,interpolation_duration: 1}
$data merge entity $(bone_head) {transformation: [-1f,0f,0f,0f,0f,1f,0.0061f,1.4263f,0f,0.0061f,-1f,0.2301f,0f,0f,0f,1f],start_interpolation: 0,interpolation_duration: 1}
$data merge entity $(bone_fabric_overray) {transformation: [-1f,0f,0f,0f,0f,0.7309f,0.6825f,1.4263f,0f,0.6825f,-0.7309f,0.2301f,0f,0f,0f,1f],start_interpolation: 0,interpolation_duration: 1}
$data merge entity $(bone_fabric) {transformation: [-1f,0f,0f,0f,0f,0.7309f,0.6825f,1.4263f,0f,0.6825f,-0.7309f,0.2301f,0f,0f,0f,1f],start_interpolation: 0,interpolation_duration: 1}
$data merge entity $(bone_bone_overray) {transformation: [-1f,0f,0f,0f,0f,0.7309f,0.6825f,1.4263f,0f,0.6825f,-0.7309f,0.2301f,0f,0f,0f,1f],start_interpolation: 0,interpolation_duration: 1}
$data merge entity $(bone_bone) {transformation: [-1f,0f,0f,0f,0f,0.7309f,0.6825f,1.4263f,0f,0.6825f,-0.7309f,0.2301f,0f,0f,0f,1f],start_interpolation: 0,interpolation_duration: 1}
$data merge entity $(bone_left_arm1) {transformation: [-0.8882f,-0.3758f,0.2643f,0.25f,0.4594f,-0.7192f,0.5212f,1.3806f,-0.0058f,0.5844f,0.8114f,0.1874f,0f,0f,0f,1f],start_interpolation: 0,interpolation_duration: 1}
$data merge entity $(bone_right_arm1) {transformation: [-0.8882f,0.3758f,-0.2643f,-0.25f,-0.4594f,-0.7192f,0.5212f,1.3806f,0.0058f,0.5844f,0.8114f,0.1874f,0f,0f,0f,1f],start_interpolation: 0,interpolation_duration: 1}
data modify entity @s data merge value {"cameras":{},"locators":{"mouse":{"posx":-5.886325242584626e-17,"posy":1.5185368459372734,"posz":0.4806549322370266,"roty":0,"rotx":0.35026543209877586},"left_arm":{"posx":0.5638787712152951,"posy":1.8463684422210298,"posz":-0.2139827275076163,"roty":161.95770037197116,"rotx":31.415903672506456},"right_arm":{"posx":-0.563878771215295,"posy":1.8463684422210298,"posz":-0.2139827275076164,"roty":198.04229962802887,"rotx":31.415903672506467}}}