# This file was generated by Animated Java via MC-Build. It is not recommended to edit this file directly.
$data merge entity $(bone_eyes) {transformation: [-1f,0f,0f,-0.0156f,0f,1f,0.0051f,1.7572f,0f,0.0051f,-1f,0.4779f,0f,0f,0f,1f],start_interpolation: 0,interpolation_duration: 1}
$data merge entity $(bone_head) {transformation: [-1f,0f,0f,0f,0f,1f,0.0051f,1.4147f,0f,0.0051f,-1f,0.2249f,0f,0f,0f,1f],start_interpolation: 0,interpolation_duration: 1}
$data merge entity $(bone_fabric_overray) {transformation: [-1f,0f,0f,0f,0f,0.7438f,0.6684f,1.4147f,0f,0.6684f,-0.7438f,0.2249f,0f,0f,0f,1f],start_interpolation: 0,interpolation_duration: 1}
$data merge entity $(bone_fabric) {transformation: [-1f,0f,0f,0f,0f,0.7438f,0.6684f,1.4147f,0f,0.6684f,-0.7438f,0.2249f,0f,0f,0f,1f],start_interpolation: 0,interpolation_duration: 1}
$data merge entity $(bone_bone_overray) {transformation: [-1f,0f,0f,0f,0f,0.7438f,0.6684f,1.4147f,0f,0.6684f,-0.7438f,0.2249f,0f,0f,0f,1f],start_interpolation: 0,interpolation_duration: 1}
$data merge entity $(bone_bone) {transformation: [-1f,0f,0f,0f,0f,0.7438f,0.6684f,1.4147f,0f,0.6684f,-0.7438f,0.2249f,0f,0f,0f,1f],start_interpolation: 0,interpolation_duration: 1}
$data merge entity $(bone_left_arm1) {transformation: [-0.8797f,-0.423f,0.2173f,0.25f,0.4749f,-0.7577f,0.4476f,1.3682f,-0.0247f,0.497f,0.8674f,0.1831f,0f,0f,0f,1f],start_interpolation: 0,interpolation_duration: 1}
$data merge entity $(bone_right_arm1) {transformation: [-0.8797f,0.423f,-0.2173f,-0.25f,-0.4749f,-0.7577f,0.4476f,1.3682f,0.0247f,0.497f,0.8674f,0.1831f,0f,0f,0f,1f],start_interpolation: 0,interpolation_duration: 1}
data modify entity @s data merge value {"cameras":{},"locators":{"mouse":{"posx":-5.821596595113991e-17,"posy":1.5071750199067506,"posz":0.47536943706276896,"roty":0,"rotx":0.29444444444444773},"left_arm":{"posx":0.5957718867493604,"posy":1.8594538908640013,"posz":-0.15702789420436572,"roty":165.93339149948045,"rotx":26.592002259200886},"right_arm":{"posx":-0.5957718867493604,"posy":1.8594538908640013,"posz":-0.15702789420436583,"roty":194.06660850051958,"rotx":26.592002259200882}}}