# This file was generated by Animated Java via MC-Build. It is not recommended to edit this file directly.
$data merge entity $(bone_eyes) {transformation: [-1f,0f,0f,-0.0156f,0f,0.9857f,0.1685f,1.6986f,0f,0.1685f,-0.9857f,0.5255f,0f,0f,0f,1f],start_interpolation: 0,interpolation_duration: 1}
$data merge entity $(bone_head) {transformation: [-1f,0f,0f,0f,0f,0.9857f,0.1685f,1.4021f,0f,0.1685f,-0.9857f,0.2199f,0f,0f,0f,1f],start_interpolation: 0,interpolation_duration: 1}
$data merge entity $(bone_fabric_overray) {transformation: [-1f,0f,0f,0f,0f,0.6898f,0.724f,1.4021f,0f,0.724f,-0.6898f,0.2199f,0f,0f,0f,1f],start_interpolation: 0,interpolation_duration: 1}
$data merge entity $(bone_fabric) {transformation: [-1f,0f,0f,0f,0f,0.6898f,0.724f,1.4021f,0f,0.724f,-0.6898f,0.2199f,0f,0f,0f,1f],start_interpolation: 0,interpolation_duration: 1}
$data merge entity $(bone_bone_overray) {transformation: [-1f,0f,0f,0f,0f,0.7046f,0.7096f,1.4021f,0f,0.7096f,-0.7046f,0.2199f,0f,0f,0f,1f],start_interpolation: 0,interpolation_duration: 1}
$data merge entity $(bone_bone) {transformation: [-1f,0f,0f,0f,0f,0.7046f,0.7096f,1.4021f,0f,0.7096f,-0.7046f,0.2199f,0f,0f,0f,1f],start_interpolation: 0,interpolation_duration: 1}
$data merge entity $(bone_left_arm1) {transformation: [-0.8763f,-0.4813f,0.0214f,0.25f,0.4804f,-0.8695f,0.1146f,1.3549f,-0.0366f,0.1107f,0.9932f,0.179f,0f,0f,0f,1f],start_interpolation: 0,interpolation_duration: 1}
$data merge entity $(bone_right_arm1) {transformation: [-0.8763f,0.4813f,-0.0214f,-0.25f,-0.4804f,-0.8695f,0.1146f,1.3549f,0.0366f,0.1107f,0.9932f,0.179f,0f,0f,0f,1f],start_interpolation: 0,interpolation_duration: 1}
data modify entity @s data merge value {"cameras":{},"locators":{"mouse":{"posx":-5.904738469434566e-17,"posy":1.4523647513962679,"posz":0.4821584863117819,"roty":0,"rotx":9.701898148148087},"left_arm":{"posx":0.6356721527151847,"posy":1.922629437309649,"posz":0.10516266338647215,"roty":178.76682689030562,"rotx":6.582905010374733},"right_arm":{"posx":-0.6356721527151847,"posy":1.922629437309649,"posz":0.105162663386472,"roty":181.2331731096944,"rotx":6.582905010374733}}}