# This file was generated by Animated Java via MC-Build. It is not recommended to edit this file directly.
$data merge entity $(bone_eyes) {transformation: [-1f,0f,0f,-0.0156f,0f,0.9131f,0.4078f,1.6006f,0f,0.4078f,-0.9131f,0.5849f,0f,0f,0f,1f],start_interpolation: 0,interpolation_duration: 1}
$data merge entity $(bone_head) {transformation: [-1f,0f,0f,0f,0f,0.9131f,0.4078f,1.3891f,0f,0.4078f,-0.9131f,0.2153f,0f,0f,0f,1f],start_interpolation: 0,interpolation_duration: 1}
$data merge entity $(bone_fabric_overray) {transformation: [-1f,0f,0f,0f,0f,0.5947f,0.8039f,1.3891f,0f,0.8039f,-0.5947f,0.2153f,0f,0f,0f,1f],start_interpolation: 0,interpolation_duration: 1}
$data merge entity $(bone_fabric) {transformation: [-1f,0f,0f,0f,0f,0.5947f,0.8039f,1.3891f,0f,0.8039f,-0.5947f,0.2153f,0f,0f,0f,1f],start_interpolation: 0,interpolation_duration: 1}
$data merge entity $(bone_bone_overray) {transformation: [-1f,0f,0f,0f,0f,0.6378f,0.7702f,1.3891f,0f,0.7702f,-0.6378f,0.2153f,0f,0f,0f,1f],start_interpolation: 0,interpolation_duration: 1}
$data merge entity $(bone_bone) {transformation: [-1f,0f,0f,0f,0f,0.6378f,0.7702f,1.3891f,0f,0.7702f,-0.6378f,0.2153f,0f,0f,0f,1f],start_interpolation: 0,interpolation_duration: 1}
$data merge entity $(bone_left_arm1) {transformation: [-0.879f,-0.3792f,-0.289f,0.25f,0.4747f,-0.7524f,-0.4568f,1.3412f,-0.0442f,-0.5387f,0.8414f,0.1752f,0f,0f,0f,1f],start_interpolation: 0,interpolation_duration: 1}
$data merge entity $(bone_right_arm1) {transformation: [-0.879f,0.3792f,0.289f,-0.25f,-0.4747f,-0.7524f,-0.4568f,1.3412f,0.0442f,-0.5387f,0.8414f,0.1752f,0f,0f,0f,1f],start_interpolation: 0,interpolation_duration: 1}
data modify entity @s data merge value {"cameras":{},"locators":{"mouse":{"posx":-5.900858198570691e-17,"posy":1.3727932462204406,"posz":0.481841638150616,"roty":0,"rotx":24.067283950617263},"left_arm":{"posx":0.5656278517673006,"posy":1.828827334259759,"posz":0.5482976086140703,"roty":198.9551344792822,"rotx":-27.178032295883842},"right_arm":{"posx":-0.5656278517673008,"posy":1.828827334259759,"posz":0.5482976086140702,"roty":161.0448655207178,"rotx":-27.17803229588385}}}