# This file was generated by Animated Java via MC-Build. It is not recommended to edit this file directly.
$data merge entity $(bone_eyes) {transformation: [-1f,0f,0f,-0.0156f,0f,0.7592f,0.6509f,1.474f,0f,0.6509f,-0.7592f,0.6257f,0f,0f,0f,1f],start_interpolation: 0,interpolation_duration: 1}
$data merge entity $(bone_head) {transformation: [-1f,0f,0f,0f,0f,0.7592f,0.6509f,1.3766f,0f,0.6509f,-0.7592f,0.2112f,0f,0f,0f,1f],start_interpolation: 0,interpolation_duration: 1}
$data merge entity $(bone_fabric_overray) {transformation: [-1f,0f,0f,0f,0f,0.4623f,0.8867f,1.3766f,0f,0.8867f,-0.4623f,0.2112f,0f,0f,0f,1f],start_interpolation: 0,interpolation_duration: 1}
$data merge entity $(bone_fabric) {transformation: [-1f,0f,0f,0f,0f,0.4623f,0.8867f,1.3766f,0f,0.8867f,-0.4623f,0.2112f,0f,0f,0f,1f],start_interpolation: 0,interpolation_duration: 1}
$data merge entity $(bone_bone_overray) {transformation: [-1f,0f,0f,0f,0f,0.546f,0.8378f,1.3766f,0f,0.8378f,-0.546f,0.2112f,0f,0f,0f,1f],start_interpolation: 0,interpolation_duration: 1}
$data merge entity $(bone_bone) {transformation: [-1f,0f,0f,0f,0f,0.546f,0.8378f,1.3766f,0f,0.8378f,-0.546f,0.2112f,0f,0f,0f,1f],start_interpolation: 0,interpolation_duration: 1}
$data merge entity $(bone_left_arm1) {transformation: [-0.8835f,-0.0564f,-0.4651f,0.25f,0.4659f,-0.2096f,-0.8596f,1.3281f,-0.049f,-0.9762f,0.2115f,0.1718f,0f,0f,0f,1f],start_interpolation: 0,interpolation_duration: 1}
$data merge entity $(bone_right_arm1) {transformation: [-0.8835f,0.0564f,0.4651f,-0.25f,-0.4659f,-0.2096f,-0.8596f,1.3281f,0.049f,-0.9762f,0.2115f,0.1718f,0f,0f,0f,1f],start_interpolation: 0,interpolation_duration: 1}
data modify entity @s data merge value {"cameras":{},"locators":{"mouse":{"posx":-5.65854510379941e-17,"posy":1.285051114130729,"posz":0.46205527240499955,"roty":0,"rotx":40.60819444444445},"left_arm":{"posx":0.3439916200506828,"posy":1.443096130902666,"posz":0.8459683316028593,"roty":245.55213431673377,"rotx":-59.27488756978432},"right_arm":{"posx":-0.34399162005068296,"posy":1.443096130902666,"posz":0.8459683316028593,"roty":114.44786568326623,"rotx":-59.27488756978432}}}