# This file was generated by Animated Java via MC-Build. It is not recommended to edit this file directly.
$data merge entity $(bone_eyes) {transformation: [-1f,0f,0f,-0.0156f,0f,0.5513f,0.8343f,1.3451f,0f,0.8343f,-0.5513f,0.6331f,0f,0f,0f,1f],start_interpolation: 0,interpolation_duration: 1}
$data merge entity $(bone_head) {transformation: [-1f,0f,0f,0f,0f,0.5513f,0.8343f,1.3652f,0f,0.8343f,-0.5513f,0.2078f,0f,0f,0f,1f],start_interpolation: 0,interpolation_duration: 1}
$data merge entity $(bone_fabric_overray) {transformation: [-1f,0f,0f,0f,0f,0.3021f,0.9533f,1.3652f,0f,0.9533f,-0.3021f,0.2078f,0f,0f,0f,1f],start_interpolation: 0,interpolation_duration: 1}
$data merge entity $(bone_fabric) {transformation: [-1f,0f,0f,0f,0f,0.3021f,0.9533f,1.3652f,0f,0.9533f,-0.3021f,0.2078f,0f,0f,0f,1f],start_interpolation: 0,interpolation_duration: 1}
$data merge entity $(bone_bone_overray) {transformation: [-1f,0f,0f,0f,0f,0.4338f,0.901f,1.3652f,0f,0.901f,-0.4338f,0.2078f,0f,0f,0f,1f],start_interpolation: 0,interpolation_duration: 1}
$data merge entity $(bone_bone) {transformation: [-1f,0f,0f,0f,0f,0.4338f,0.901f,1.3652f,0f,0.901f,-0.4338f,0.2078f,0f,0f,0f,1f],start_interpolation: 0,interpolation_duration: 1}
$data merge entity $(bone_left_arm1) {transformation: [-0.8851f,0.2703f,-0.3788f,0.25f,0.4623f,0.4181f,-0.7819f,1.3162f,-0.0529f,-0.8672f,-0.4951f,0.1689f,0f,0f,0f,1f],start_interpolation: 0,interpolation_duration: 1}
$data merge entity $(bone_right_arm1) {transformation: [-0.8851f,-0.2703f,0.3788f,-0.25f,-0.4623f,0.4181f,-0.7819f,1.3162f,0.0529f,-0.8672f,-0.4951f,0.1689f,0f,0f,0f,1f],start_interpolation: 0,interpolation_duration: 1}
data modify entity @s data merge value {"cameras":{},"locators":{"mouse":{"posx":-5.1900739264434875e-17,"posy":1.2082736300625547,"posz":0.42380169776763543,"roty":0,"rotx":56.542222222222236},"left_arm":{"posx":0.11950874588823121,"posy":0.9998326596442554,"posz":0.7684522649509964,"roty":322.5755297859265,"rotx":-51.43687290591518},"right_arm":{"posx":-0.1195087458882314,"posy":0.9998326596442554,"posz":0.7684522649509964,"roty":37.42447021407355,"rotx":-51.43687290591518}}}