# This file was generated by Animated Java via MC-Build. It is not recommended to edit this file directly.
$data merge entity $(bone_eyes) {transformation: [-1f,0f,0f,-0.0156f,0f,0.357f,0.9341f,1.2435f,0f,0.9341f,-0.357f,0.6158f,0f,0f,0f,1f],start_interpolation: 0,interpolation_duration: 1}
$data merge entity $(bone_head) {transformation: [-1f,0f,0f,0f,0f,0.357f,0.9341f,1.3555f,0f,0.9341f,-0.357f,0.205f,0f,0f,0f,1f],start_interpolation: 0,interpolation_duration: 1}
$data merge entity $(bone_fabric_overray) {transformation: [-1f,0f,0f,0f,0f,0.1301f,0.9915f,1.3555f,0f,0.9915f,-0.1301f,0.205f,0f,0f,0f,1f],start_interpolation: 0,interpolation_duration: 1}
$data merge entity $(bone_fabric) {transformation: [-1f,0f,0f,0f,0f,0.1301f,0.9915f,1.3555f,0f,0.9915f,-0.1301f,0.205f,0f,0f,0f,1f],start_interpolation: 0,interpolation_duration: 1}
$data merge entity $(bone_bone_overray) {transformation: [-1f,0f,0f,0f,0f,0.3094f,0.9509f,1.3555f,0f,0.9509f,-0.3094f,0.205f,0f,0f,0f,1f],start_interpolation: 0,interpolation_duration: 1}
$data merge entity $(bone_bone) {transformation: [-1f,0f,0f,0f,0f,0.3094f,0.9509f,1.3555f,0f,0.9509f,-0.3094f,0.205f,0f,0f,0f,1f],start_interpolation: 0,interpolation_duration: 1}
$data merge entity $(bone_left_arm1) {transformation: [-0.8797f,0.432f,-0.1987f,0.25f,0.472f,0.742f,-0.4762f,1.3062f,-0.0583f,-0.5126f,-0.8566f,0.1666f,0f,0f,0f,1f],start_interpolation: 0,interpolation_duration: 1}
$data merge entity $(bone_right_arm1) {transformation: [-0.8797f,-0.432f,0.1987f,-0.25f,-0.472f,0.742f,-0.4762f,1.3062f,0.0583f,-0.5126f,-0.8566f,0.1666f,0f,0f,0f,1f],start_interpolation: 0,interpolation_duration: 1}
data modify entity @s data merge value {"cameras":{},"locators":{"mouse":{"posx":-4.676067384439191e-17,"posy":1.1554790397287413,"posz":0.38182987843473337,"roty":0,"rotx":69.08695987654323},"left_arm":{"posx":0.007948964931832253,"posy":0.7666038573979315,"posz":0.5227349307916217,"roty":346.94180764407076,"rotx":-28.43497911433387},"right_arm":{"posx":-0.007948964931832336,"posy":0.7666038573979315,"posz":0.5227349307916218,"roty":13.058192355929208,"rotx":-28.43497911433387}}}