# This file was generated by Animated Java via MC-Build. It is not recommended to edit this file directly.
$data merge entity $(bone_eyes) {transformation: [-1f,0f,0f,-0.0156f,0f,0.2511f,0.968f,1.1916f,0f,0.968f,-0.2511f,0.599f,0f,0f,0f,1f],start_interpolation: 0,interpolation_duration: 1}
$data merge entity $(bone_head) {transformation: [-1f,0f,0f,0f,0f,0.2511f,0.968f,1.3485f,0f,0.968f,-0.2511f,0.2032f,0f,0f,0f,1f],start_interpolation: 0,interpolation_duration: 1}
$data merge entity $(bone_fabric_overray) {transformation: [-1f,0f,0f,0f,0f,-0.0339f,0.9994f,1.3485f,0f,0.9994f,0.0339f,0.2032f,0f,0f,0f,1f],start_interpolation: 0,interpolation_duration: 1}
$data merge entity $(bone_fabric) {transformation: [-1f,0f,0f,0f,0f,-0.0339f,0.9994f,1.3485f,0f,0.9994f,0.0339f,0.2032f,0f,0f,0f,1f],start_interpolation: 0,interpolation_duration: 1}
$data merge entity $(bone_bone_overray) {transformation: [-1f,0f,0f,0f,0f,0.1832f,0.9831f,1.3485f,0f,0.9831f,-0.1832f,0.2032f,0f,0f,0f,1f],start_interpolation: 0,interpolation_duration: 1}
$data merge entity $(bone_bone) {transformation: [-1f,0f,0f,0f,0f,0.1832f,0.9831f,1.3485f,0f,0.9831f,-0.1832f,0.2032f,0f,0f,0f,1f],start_interpolation: 0,interpolation_duration: 1}
$data merge entity $(bone_left_arm1) {transformation: [-0.8575f,0.5059f,-0.094f,0.25f,0.5099f,0.8112f,-0.2862f,1.2989f,-0.0685f,-0.2934f,-0.9535f,0.1651f,0f,0f,0f,1f],start_interpolation: 0,interpolation_duration: 1}
$data merge entity $(bone_right_arm1) {transformation: [-0.8575f,-0.5059f,0.094f,-0.25f,-0.5099f,0.8112f,-0.2862f,1.2989f,0.0685f,-0.2934f,-0.9535f,0.1651f,0f,0f,0f,1f],start_interpolation: 0,interpolation_duration: 1}
data modify entity @s data merge value {"cameras":{},"locators":{"mouse":{"posx":-4.367883493766054e-17,"posy":1.1300138413630094,"posz":0.35666475401782327,"roty":0,"rotx":75.46},"left_arm":{"posx":-0.044179643581401945,"posy":0.7093107831209168,"posz":0.37107176607680625,"roty":354.36962572804873,"rotx":-16.631252332919086},"right_arm":{"posx":0.044179643581401806,"posy":0.7093107831209168,"posz":0.3710717660768063,"roty":5.630374271951297,"rotx":-16.631252332919086}}}