# This file was generated by Animated Java via MC-Build. It is not recommended to edit this file directly.
$data merge entity $(bone_eyes) {transformation: [-1f,0f,0f,-0.0156f,0f,0.244f,0.9698f,1.1821f,0f,0.9698f,-0.244f,0.5978f,0f,0f,0f,1f],start_interpolation: 0,interpolation_duration: 1}
$data merge entity $(bone_head) {transformation: [-1f,0f,0f,0f,0f,0.244f,0.9698f,1.3419f,0f,0.9698f,-0.244f,0.2031f,0f,0f,0f,1f],start_interpolation: 0,interpolation_duration: 1}
$data merge entity $(bone_fabric_overray) {transformation: [-1f,0f,0f,0f,0f,-0.1737f,0.9848f,1.3419f,0f,0.9848f,0.1737f,0.2031f,0f,0f,0f,1f],start_interpolation: 0,interpolation_duration: 1}
$data merge entity $(bone_fabric) {transformation: [-1f,0f,0f,0f,0f,-0.1737f,0.9848f,1.3419f,0f,0.9848f,0.1737f,0.2031f,0f,0f,0f,1f],start_interpolation: 0,interpolation_duration: 1}
$data merge entity $(bone_bone_overray) {transformation: [-1f,0f,0f,0f,0f,0.0642f,0.9979f,1.3419f,0f,0.9979f,-0.0642f,0.2031f,0f,0f,0f,1f],start_interpolation: 0,interpolation_duration: 1}
$data merge entity $(bone_bone) {transformation: [-1f,0f,0f,0f,0f,0.0642f,0.9979f,1.3419f,0f,0.9979f,-0.0642f,0.2031f,0f,0f,0f,1f],start_interpolation: 0,interpolation_duration: 1}
$data merge entity $(bone_left_arm1) {transformation: [-0.8186f,0.5713f,-0.0585f,0.25f,0.5685f,0.7917f,-0.2238f,1.2923f,-0.0815f,-0.2165f,-0.9729f,0.1651f,0f,0f,0f,1f],start_interpolation: 0,interpolation_duration: 1}
$data merge entity $(bone_right_arm1) {transformation: [-0.8186f,-0.5713f,0.0585f,-0.25f,-0.5685f,0.7917f,-0.2238f,1.2923f,0.0815f,-0.2165f,-0.9729f,0.1651f,0f,0f,0f,1f],start_interpolation: 0,interpolation_duration: 1}
data modify entity @s data merge value {"cameras":{},"locators":{"mouse":{"posx":-4.3479143333217654e-17,"posy":1.1223603337890948,"posz":0.35503414832333313,"roty":0,"rotx":75.87706309018911},"left_arm":{"posx":-0.09163765961670342,"posy":0.712546439463381,"posz":0.31898007085229907,"roty":356.556275055626,"rotx":-12.929540369067908},"right_arm":{"posx":0.09163765961670328,"posy":0.712546439463381,"posz":0.31898007085229907,"roty":3.443724944374054,"rotx":-12.929540369067908}}}