# This file was generated by Animated Java via MC-Build. It is not recommended to edit this file directly.
$data merge entity $(bone_eyes) {transformation: [-1f,0f,0f,-0.0156f,0f,0.9992f,0.0399f,1.6916f,0f,0.0399f,-0.9992f,0.5066f,0f,0f,0f,1f],start_interpolation: 0,interpolation_duration: 1}
$data merge entity $(bone_head) {transformation: [-1f,0f,0f,0f,0f,0.9992f,0.0399f,1.3582f,0f,0.0399f,-0.9992f,0.2418f,0f,0f,0f,1f],start_interpolation: 0,interpolation_duration: 1}
$data merge entity $(bone_fabric_overray) {transformation: [-1f,0f,0f,0f,0f,0.7003f,0.7139f,1.3582f,0f,0.7139f,-0.7003f,0.2418f,0f,0f,0f,1f],start_interpolation: 0,interpolation_duration: 1}
$data merge entity $(bone_fabric) {transformation: [-1f,0f,0f,0f,0f,0.7003f,0.7139f,1.3582f,0f,0.7139f,-0.7003f,0.2418f,0f,0f,0f,1f],start_interpolation: 0,interpolation_duration: 1}
$data merge entity $(bone_bone_overray) {transformation: [-1f,0f,0f,0f,0f,0.7003f,0.7139f,1.3582f,0f,0.7139f,-0.7003f,0.2418f,0f,0f,0f,1f],start_interpolation: 0,interpolation_duration: 1}
$data merge entity $(bone_bone) {transformation: [-1f,0f,0f,0f,0f,0.7003f,0.7139f,1.3582f,0f,0.7139f,-0.7003f,0.2418f,0f,0f,0f,1f],start_interpolation: 0,interpolation_duration: 1}
$data merge entity $(bone_left_arm1) {transformation: [-0.9823f,-0.1525f,0.1089f,0.25f,-0.1356f,0.9795f,0.1492f,1.3144f,-0.1294f,0.1318f,-0.9828f,0.1972f,0f,0f,0f,1f],start_interpolation: 0,interpolation_duration: 1}
$data merge entity $(bone_right_arm1) {transformation: [-0.9823f,0.1525f,-0.1089f,-0.25f,0.1356f,0.9795f,0.1492f,1.3144f,0.1294f,0.1318f,-0.9828f,0.1972f,0f,0f,0f,1f],start_interpolation: 0,interpolation_duration: 1}
data modify entity @s data merge value {"cameras":{},"locators":{"mouse":{"posx":-6.06652547600969e-17,"posy":1.4418910315753297,"posz":0.49536939795485846,"roty":0,"rotx":2.2883823529411744},"left_arm":{"posx":0.41626910672412937,"posy":0.649520974186789,"posz":0.11468295789637119,"roty":6.3204393501034986,"rotx":8.58050464380224},"right_arm":{"posx":-0.4162691067241294,"posy":0.649520974186789,"posz":0.11468295789637112,"roty":353.67956064989653,"rotx":8.580504643802238}}}