# This file was generated by Animated Java via MC-Build. It is not recommended to edit this file directly.
$data merge entity $(bone_eyes) {transformation: [-1f,0f,0f,-0.0156f,0f,0.2346f,0.9721f,1.1731f,0f,0.9721f,-0.2346f,0.6015f,0f,0f,0f,1f],start_interpolation: 0,interpolation_duration: 1}
$data merge entity $(bone_head) {transformation: [-1f,0f,0f,0f,0f,0.2346f,0.9721f,1.3367f,0f,0.9721f,-0.2346f,0.2084f,0f,0f,0f,1f],start_interpolation: 0,interpolation_duration: 1}
$data merge entity $(bone_fabric_overray) {transformation: [-1f,0f,0f,0f,0f,-0.2848f,0.9586f,1.3367f,0f,0.9586f,0.2848f,0.2084f,0f,0f,0f,1f],start_interpolation: 0,interpolation_duration: 1}
$data merge entity $(bone_fabric) {transformation: [-1f,0f,0f,0f,0f,-0.2848f,0.9586f,1.3367f,0f,0.9586f,0.2848f,0.2084f,0f,0f,0f,1f],start_interpolation: 0,interpolation_duration: 1}
$data merge entity $(bone_bone_overray) {transformation: [-1f,0f,0f,0f,0f,-0.0482f,0.9988f,1.3367f,0f,0.9988f,0.0482f,0.2084f,0f,0f,0f,1f],start_interpolation: 0,interpolation_duration: 1}
$data merge entity $(bone_bone) {transformation: [-1f,0f,0f,0f,0f,-0.0482f,0.9988f,1.3367f,0f,0.9988f,0.0482f,0.2084f,0f,0f,0f,1f],start_interpolation: 0,interpolation_duration: 1}
$data merge entity $(bone_left_arm1) {transformation: [-0.7764f,0.6266f,-0.0678f,0.25f,0.6246f,0.7505f,-0.2158f,1.2878f,-0.0844f,-0.2099f,-0.9741f,0.1695f,0f,0f,0f,1f],start_interpolation: 0,interpolation_duration: 1}
$data merge entity $(bone_right_arm1) {transformation: [-0.7764f,-0.6266f,0.0678f,-0.25f,-0.6246f,0.7505f,-0.2158f,1.2878f,0.0844f,-0.2099f,-0.9741f,0.1695f,0f,0f,0f,1f],start_interpolation: 0,interpolation_duration: 1}
data modify entity @s data merge value {"cameras":{},"locators":{"mouse":{"posx":-4.3870087263930115e-17,"posy":1.115670858278754,"posz":0.3582264477764052,"roty":0,"rotx":76.43123743812902},"left_arm":{"posx":-0.1322613386424916,"posy":0.7327936504489962,"posz":0.31906005874980525,"roty":356.0189181874472,"rotx":-12.46391786132713},"right_arm":{"posx":0.13226133864249145,"posy":0.7327936504489962,"posz":0.3190600587498053,"roty":3.981081812552844,"rotx":-12.463917861327129}}}