# This file was generated by Animated Java via MC-Build. It is not recommended to edit this file directly.
$data merge entity $(bone_eyes) {transformation: [-1f,0f,0f,-0.0156f,0f,0.2296f,0.9733f,1.1671f,0f,0.9733f,-0.2296f,0.6088f,0f,0f,0f,1f],start_interpolation: 0,interpolation_duration: 1}
$data merge entity $(bone_head) {transformation: [-1f,0f,0f,0f,0f,0.2296f,0.9733f,1.3328f,0f,0.9733f,-0.2296f,0.2165f,0f,0f,0f,1f],start_interpolation: 0,interpolation_duration: 1}
$data merge entity $(bone_fabric_overray) {transformation: [-1f,0f,0f,0f,0f,-0.3455f,0.9384f,1.3328f,0f,0.9384f,0.3455f,0.2165f,0f,0f,0f,1f],start_interpolation: 0,interpolation_duration: 1}
$data merge entity $(bone_fabric) {transformation: [-1f,0f,0f,0f,0f,-0.3455f,0.9384f,1.3328f,0f,0.9384f,0.3455f,0.2165f,0f,0f,0f,1f],start_interpolation: 0,interpolation_duration: 1}
$data merge entity $(bone_bone_overray) {transformation: [-1f,0f,0f,0f,0f,-0.1342f,0.991f,1.3328f,0f,0.991f,0.1342f,0.2165f,0f,0f,0f,1f],start_interpolation: 0,interpolation_duration: 1}
$data merge entity $(bone_bone) {transformation: [-1f,0f,0f,0f,0f,-0.1342f,0.991f,1.3328f,0f,0.991f,0.1342f,0.2165f,0f,0f,0f,1f],start_interpolation: 0,interpolation_duration: 1}
$data merge entity $(bone_left_arm1) {transformation: [-0.749f,0.6577f,-0.0797f,0.25f,0.6584f,0.7254f,-0.201f,1.285f,-0.0744f,-0.203f,-0.9763f,0.1762f,0f,0f,0f,1f],start_interpolation: 0,interpolation_duration: 1}
$data merge entity $(bone_right_arm1) {transformation: [-0.749f,-0.6577f,0.0797f,-0.25f,-0.6584f,0.7254f,-0.201f,1.285f,0.0744f,-0.203f,-0.9763f,0.1762f,0f,0f,0f,1f],start_interpolation: 0,interpolation_duration: 1}
data modify entity @s data merge value {"cameras":{},"locators":{"mouse":{"posx":-4.4720170762340637e-17,"posy":1.1109533652574053,"posz":0.3651679063177772,"roty":0,"rotx":76.72679057584477},"left_arm":{"posx":-0.15538971495005618,"posy":0.7451912213800121,"posz":0.3204133862639158,"roty":355.3321916096547,"rotx":-11.59599843572769},"right_arm":{"posx":0.155389714950056,"posy":0.7451912213800121,"posz":0.3204133862639158,"roty":4.6678083903453285,"rotx":-11.59599843572769}}}