# This file was generated by Animated Java via MC-Build. It is not recommended to edit this file directly.
$data merge entity $(bone_eyes) {transformation: [-1f,0f,0f,-0.0156f,0f,0.2357f,0.9718f,1.167f,0f,0.9718f,-0.2357f,0.6181f,0f,0f,0f,1f],start_interpolation: 0,interpolation_duration: 1}
$data merge entity $(bone_head) {transformation: [-1f,0f,0f,0f,0f,0.2357f,0.9718f,1.3302f,0f,0.9718f,-0.2357f,0.2248f,0f,0f,0f,1f],start_interpolation: 0,interpolation_duration: 1}
$data merge entity $(bone_fabric_overray) {transformation: [-1f,0f,0f,0f,0f,-0.3596f,0.9331f,1.3302f,0f,0.9331f,0.3596f,0.2248f,0f,0f,0f,1f],start_interpolation: 0,interpolation_duration: 1}
$data merge entity $(bone_fabric) {transformation: [-1f,0f,0f,0f,0f,-0.3596f,0.9331f,1.3302f,0f,0.9331f,0.3596f,0.2248f,0f,0f,0f,1f],start_interpolation: 0,interpolation_duration: 1}
$data merge entity $(bone_bone_overray) {transformation: [-1f,0f,0f,0f,0f,-0.1871f,0.9823f,1.3302f,0f,0.9823f,0.1871f,0.2248f,0f,0f,0f,1f],start_interpolation: 0,interpolation_duration: 1}
$data merge entity $(bone_bone) {transformation: [-1f,0f,0f,0f,0f,-0.1871f,0.9823f,1.3302f,0f,0.9823f,0.1871f,0.2248f,0f,0f,0f,1f],start_interpolation: 0,interpolation_duration: 1}
$data merge entity $(bone_left_arm1) {transformation: [-0.7563f,0.6531f,-0.0389f,0.25f,0.6522f,0.7478f,-0.1238f,1.2837f,-0.0518f,-0.119f,-0.9915f,0.1831f,0f,0f,0f,1f],start_interpolation: 0,interpolation_duration: 1}
$data merge entity $(bone_right_arm1) {transformation: [-0.7563f,-0.6531f,0.0389f,-0.25f,-0.6522f,0.7478f,-0.1238f,1.2837f,0.0518f,-0.119f,-0.9915f,0.1831f,0f,0f,0f,1f],start_interpolation: 0,interpolation_duration: 1}
data modify entity @s data merge value {"cameras":{},"locators":{"mouse":{"posx":-4.5907015084153387e-17,"posy":1.109326067039571,"posz":0.3748592256650296,"roty":0,"rotx":76.36799003536164},"left_arm":{"posx":-0.15174713119302055,"posy":0.7287823846164265,"posz":0.2681384633840289,"roty":357.7514798001303,"rotx":-7.113155181831129},"right_arm":{"posx":0.15174713119302052,"posy":0.7287823846164265,"posz":0.2681384633840289,"roty":2.248520199869688,"rotx":-7.113155181831128}}}