# This file was generated by Animated Java via MC-Build. It is not recommended to edit this file directly.
$data merge entity $(bone_eyes) {transformation: [-1f,0f,0f,-0.0156f,0f,0.2595f,0.9657f,1.1759f,0f,0.9657f,-0.2595f,0.6281f,0f,0f,0f,1f],start_interpolation: 0,interpolation_duration: 1}
$data merge entity $(bone_head) {transformation: [-1f,0f,0f,0f,0f,0.2595f,0.9657f,1.3294f,0f,0.9657f,-0.2595f,0.231f,0f,0f,0f,1f],start_interpolation: 0,interpolation_duration: 1}
$data merge entity $(bone_fabric_overray) {transformation: [-1f,0f,0f,0f,0f,-0.3413f,0.94f,1.3294f,0f,0.94f,0.3413f,0.231f,0f,0f,0f,1f],start_interpolation: 0,interpolation_duration: 1}
$data merge entity $(bone_fabric) {transformation: [-1f,0f,0f,0f,0f,-0.3413f,0.94f,1.3294f,0f,0.94f,0.3413f,0.231f,0f,0f,0f,1f],start_interpolation: 0,interpolation_duration: 1}
$data merge entity $(bone_bone_overray) {transformation: [-1f,0f,0f,0f,0f,-0.1813f,0.9834f,1.3294f,0f,0.9834f,0.1813f,0.231f,0f,0f,0f,1f],start_interpolation: 0,interpolation_duration: 1}
$data merge entity $(bone_bone) {transformation: [-1f,0f,0f,0f,0f,-0.1813f,0.9834f,1.3294f,0f,0.9834f,0.1813f,0.231f,0f,0f,0f,1f],start_interpolation: 0,interpolation_duration: 1}
$data merge entity $(bone_left_arm1) {transformation: [-0.774f,0.6332f,-0.001f,0.25f,0.6324f,0.7729f,-0.052f,1.2838f,-0.0322f,-0.0409f,-0.9986f,0.1882f,0f,0f,0f,1f],start_interpolation: 0,interpolation_duration: 1}
$data merge entity $(bone_right_arm1) {transformation: [-0.774f,-0.6332f,0.001f,-0.25f,-0.6324f,0.7729f,-0.052f,1.2838f,0.0322f,-0.0409f,-0.9986f,0.1882f,0f,0f,0f,1f],start_interpolation: 0,interpolation_duration: 1}
data modify entity @s data merge value {"cameras":{},"locators":{"mouse":{"posx":-4.731761163353136e-17,"posy":1.1122728672635678,"posz":0.38637762060437125,"roty":0,"rotx":74.95910334870477},"left_arm":{"posx":-0.1369397785543445,"posy":0.712929328375638,"posz":0.2182794625318804,"roty":359.9445564349305,"rotx":-2.9824020723222335},"right_arm":{"posx":0.13693977855434447,"posy":0.712929328375638,"posz":0.2182794625318804,"roty":0.055443565069452916,"rotx":-2.982402072322232}}}