# This file was generated by Animated Java via MC-Build. It is not recommended to edit this file directly.
$data merge entity $(bone_eyes) {transformation: [-1f,0f,0f,-0.0156f,0f,0.3073f,0.9516f,1.1974f,0f,0.9516f,-0.3073f,0.637f,0f,0f,0f,1f],start_interpolation: 0,interpolation_duration: 1}
$data merge entity $(bone_head) {transformation: [-1f,0f,0f,0f,0f,0.3073f,0.9516f,1.3309f,0f,0.9516f,-0.3073f,0.2326f,0f,0f,0f,1f],start_interpolation: 0,interpolation_duration: 1}
$data merge entity $(bone_fabric_overray) {transformation: [-1f,0f,0f,0f,0f,-0.2853f,0.9584f,1.3309f,0f,0.9584f,0.2853f,0.2326f,0f,0f,0f,1f],start_interpolation: 0,interpolation_duration: 1}
$data merge entity $(bone_fabric) {transformation: [-1f,0f,0f,0f,0f,-0.2853f,0.9584f,1.3309f,0f,0.9584f,0.2853f,0.2326f,0f,0f,0f,1f],start_interpolation: 0,interpolation_duration: 1}
$data merge entity $(bone_bone_overray) {transformation: [-1f,0f,0f,0f,0f,-0.1222f,0.9925f,1.3309f,0f,0.9925f,0.1222f,0.2326f,0f,0f,0f,1f],start_interpolation: 0,interpolation_duration: 1}
$data merge entity $(bone_bone) {transformation: [-1f,0f,0f,0f,0f,-0.1222f,0.9925f,1.3309f,0f,0.9925f,0.1222f,0.2326f,0f,0f,0f,1f],start_interpolation: 0,interpolation_duration: 1}
$data merge entity $(bone_left_arm1) {transformation: [-0.8001f,0.5986f,0.04f,0.25f,0.5995f,0.8002f,0.0169f,1.2856f,-0.0219f,0.0375f,-0.9991f,0.1896f,0f,0f,0f,1f],start_interpolation: 0,interpolation_duration: 1}
$data merge entity $(bone_right_arm1) {transformation: [-0.8001f,-0.5986f,-0.04f,-0.25f,-0.5995f,0.8002f,0.0169f,1.2856f,0.0219f,0.0375f,-0.9991f,0.1896f,0f,0f,0f,1f],start_interpolation: 0,interpolation_duration: 1}
data modify entity @s data merge value {"cameras":{},"locators":{"mouse":{"posx":-4.882426298261489e-17,"posy":1.1217781900232546,"posz":0.39868036250622013,"roty":0,"rotx":72.10439804789931},"left_arm":{"posx":-0.11150709121732519,"posy":0.6979929029689059,"posz":0.16516314553513964,"roty":2.2916104269637287,"rotx":0.967490511356826},"right_arm":{"posx":0.11150709121732516,"posy":0.6979929029689059,"posz":0.16516314553513967,"roty":357.7083895730363,"rotx":0.9674905113568272}}}