# This file was generated by Animated Java via MC-Build. It is not recommended to edit this file directly.
$data merge entity $(bone_eyes) {transformation: [-1f,0f,0f,-0.0156f,0f,0.3842f,0.9233f,1.2352f,0f,0.9233f,-0.3842f,0.6414f,0f,0f,0f,1f],start_interpolation: 0,interpolation_duration: 1}
$data merge entity $(bone_head) {transformation: [-1f,0f,0f,0f,0f,0.3842f,0.9233f,1.3351f,0f,0.9233f,-0.3842f,0.2275f,0f,0f,0f,1f],start_interpolation: 0,interpolation_duration: 1}
$data merge entity $(bone_fabric_overray) {transformation: [-1f,0f,0f,0f,0f,-0.185f,0.9827f,1.3351f,0f,0.9827f,0.185f,0.2275f,0f,0f,0f,1f],start_interpolation: 0,interpolation_duration: 1}
$data merge entity $(bone_fabric) {transformation: [-1f,0f,0f,0f,0f,-0.185f,0.9827f,1.3351f,0f,0.9827f,0.185f,0.2275f,0f,0f,0f,1f],start_interpolation: 0,interpolation_duration: 1}
$data merge entity $(bone_bone_overray) {transformation: [-1f,0f,0f,0f,0f,-0.0145f,0.9999f,1.3351f,0f,0.9999f,0.0145f,0.2275f,0f,0f,0f,1f],start_interpolation: 0,interpolation_duration: 1}
$data merge entity $(bone_bone) {transformation: [-1f,0f,0f,0f,0f,-0.0145f,0.9999f,1.3351f,0f,0.9999f,0.0145f,0.2275f,0f,0f,0f,1f],start_interpolation: 0,interpolation_duration: 1}
$data merge entity $(bone_left_arm1) {transformation: [-0.8316f,0.5497f,0.0787f,0.25f,0.5548f,0.8289f,0.0723f,1.289f,-0.0255f,0.1038f,-0.9943f,0.1853f,0f,0f,0f,1f],start_interpolation: 0,interpolation_duration: 1}
$data merge entity $(bone_right_arm1) {transformation: [-0.8316f,-0.5497f,-0.0787f,-0.25f,-0.5548f,0.8289f,0.0723f,1.289f,0.0255f,0.1038f,-0.9943f,0.1853f,0f,0f,0f,1f],start_interpolation: 0,interpolation_duration: 1}
data modify entity @s data merge value {"cameras":{},"locators":{"mouse":{"posx":-5.022756777340103e-17,"posy":1.1403227391424804,"posz":0.4101392157181273,"roty":0,"rotx":67.40814166497047},"left_arm":{"posx":-0.07597131802632148,"posy":0.6845304463764023,"posz":0.1155402205249146,"roty":4.525372895371817,"rotx":4.147955318523209},"right_arm":{"posx":0.07597131802632162,"posy":0.6845304463764023,"posz":0.11554022052491461,"roty":355.4746271046282,"rotx":4.147955318523209}}}