# This file was generated by Animated Java via MC-Build. It is not recommended to edit this file directly.
$data merge entity $(bone_eyes) {transformation: [-1f,0f,0f,-0.0156f,0f,0.5018f,0.865f,1.3001f,0f,0.865f,-0.5018f,0.6335f,0f,0f,0f,1f],start_interpolation: 0,interpolation_duration: 1}
$data merge entity $(bone_head) {transformation: [-1f,0f,0f,0f,0f,0.5018f,0.865f,1.345f,0f,0.865f,-0.5018f,0.21f,0f,0f,0f,1f],start_interpolation: 0,interpolation_duration: 1}
$data merge entity $(bone_fabric_overray) {transformation: [-1f,0f,0f,0f,0f,-0.0236f,0.9997f,1.345f,0f,0.9997f,0.0236f,0.21f,0f,0f,0f,1f],start_interpolation: 0,interpolation_duration: 1}
$data merge entity $(bone_fabric) {transformation: [-1f,0f,0f,0f,0f,-0.0236f,0.9997f,1.345f,0f,0.9997f,0.0236f,0.21f,0f,0f,0f,1f],start_interpolation: 0,interpolation_duration: 1}
$data merge entity $(bone_bone_overray) {transformation: [-1f,0f,0f,0f,0f,0.1455f,0.9894f,1.345f,0f,0.9894f,-0.1455f,0.21f,0f,0f,0f,1f],start_interpolation: 0,interpolation_duration: 1}
$data merge entity $(bone_bone) {transformation: [-1f,0f,0f,0f,0f,0.1455f,0.9894f,1.345f,0f,0.9894f,-0.1455f,0.21f,0f,0f,0f,1f],start_interpolation: 0,interpolation_duration: 1}
$data merge entity $(bone_left_arm1) {transformation: [-0.8656f,0.4884f,0.1103f,0.25f,0.4982f,0.862f,0.0932f,1.2963f,-0.0495f,0.1356f,-0.9895f,0.1708f,0f,0f,0f,1f],start_interpolation: 0,interpolation_duration: 1}
$data merge entity $(bone_right_arm1) {transformation: [-0.8656f,-0.4884f,-0.1103f,-0.25f,-0.4982f,0.862f,0.0932f,1.2963f,0.0495f,0.1356f,-0.9895f,0.1708f,0f,0f,0f,1f],start_interpolation: 0,interpolation_duration: 1}
data modify entity @s data merge value {"cameras":{},"locators":{"mouse":{"posx":-5.10169832497177e-17,"posy":1.1757746118530015,"posz":0.4165852822645493,"roty":0,"rotx":59.88098333220256},"left_arm":{"posx":-0.03167374397343378,"posy":0.6725521898768473,"posz":0.0806703969392552,"roty":6.35903647675562,"rotx":5.347029433689446},"right_arm":{"posx":0.031673743973433754,"posy":0.6725521898768473,"posz":0.0806703969392552,"roty":353.6409635232444,"rotx":5.347029433689446}}}