# This file was generated by Animated Java via MC-Build. It is not recommended to edit this file directly.
$data merge entity $(bone_eyes) {transformation: [-1f,0f,0f,-0.0156f,0f,0.6134f,0.7898f,1.3661f,0f,0.7898f,-0.6134f,0.6176f,0f,0f,0f,1f],start_interpolation: 0,interpolation_duration: 1}
$data merge entity $(bone_head) {transformation: [-1f,0f,0f,0f,0f,0.6134f,0.7898f,1.3537f,0f,0.7898f,-0.6134f,0.192f,0f,0f,0f,1f],start_interpolation: 0,interpolation_duration: 1}
$data merge entity $(bone_fabric_overray) {transformation: [-1f,0f,0f,0f,0f,0.1495f,0.9888f,1.3537f,0f,0.9888f,-0.1495f,0.192f,0f,0f,0f,1f],start_interpolation: 0,interpolation_duration: 1}
$data merge entity $(bone_fabric) {transformation: [-1f,0f,0f,0f,0f,0.1495f,0.9888f,1.3537f,0f,0.9888f,-0.1495f,0.192f,0f,0f,0f,1f],start_interpolation: 0,interpolation_duration: 1}
$data merge entity $(bone_bone_overray) {transformation: [-1f,0f,0f,0f,0f,0.2961f,0.9552f,1.3537f,0f,0.9552f,-0.2961f,0.192f,0f,0f,0f,1f],start_interpolation: 0,interpolation_duration: 1}
$data merge entity $(bone_bone) {transformation: [-1f,0f,0f,0f,0f,0.2961f,0.9552f,1.3537f,0f,0.9552f,-0.2961f,0.192f,0f,0f,0f,1f],start_interpolation: 0,interpolation_duration: 1}
$data merge entity $(bone_left_arm1) {transformation: [-0.8992f,0.4176f,0.1308f,0.25f,0.4325f,0.8936f,0.1204f,1.3027f,-0.0666f,0.1648f,-0.9841f,0.1559f,0f,0f,0f,1f],start_interpolation: 0,interpolation_duration: 1}
$data merge entity $(bone_right_arm1) {transformation: [-0.8992f,-0.4176f,-0.1308f,-0.25f,-0.4325f,0.8936f,0.1204f,1.3027f,0.0666f,0.1648f,-0.9841f,0.1559f,0f,0f,0f,1f],start_interpolation: 0,interpolation_duration: 1}
data modify entity @s data merge value {"cameras":{},"locators":{"mouse":{"posx":-5.135610245764214e-17,"posy":1.2137794144994385,"posz":0.41935440074148933,"roty":0,"rotx":52.162499943460645},"left_arm":{"posx":0.01912925915947908,"posy":0.6613260017576345,"posz":0.0466948047643026,"roty":7.573393094917606,"rotx":6.9153661405540525},"right_arm":{"posx":-0.019129259159479106,"posy":0.6613260017576345,"posz":0.046694804764302614,"roty":352.4266069050824,"rotx":6.915366140554053}}}