# This file was generated by Animated Java via MC-Build. It is not recommended to edit this file directly.
$data merge entity $(bone_eyes) {transformation: [-1f,0f,0f,-0.0156f,0f,0.715f,0.6992f,1.4314f,0f,0.6992f,-0.715f,0.5933f,0f,0f,0f,1f],start_interpolation: 0,interpolation_duration: 1}
$data merge entity $(bone_head) {transformation: [-1f,0f,0f,0f,0f,0.715f,0.6992f,1.3613f,0f,0.6992f,-0.715f,0.1734f,0f,0f,0f,1f],start_interpolation: 0,interpolation_duration: 1}
$data merge entity $(bone_fabric_overray) {transformation: [-1f,0f,0f,0f,0f,0.3249f,0.9458f,1.3613f,0f,0.9458f,-0.3249f,0.1734f,0f,0f,0f,1f],start_interpolation: 0,interpolation_duration: 1}
$data merge entity $(bone_fabric) {transformation: [-1f,0f,0f,0f,0f,0.3249f,0.9458f,1.3613f,0f,0.9458f,-0.3249f,0.1734f,0f,0f,0f,1f],start_interpolation: 0,interpolation_duration: 1}
$data merge entity $(bone_bone_overray) {transformation: [-1f,0f,0f,0f,0f,0.4666f,0.8845f,1.3613f,0f,0.8845f,-0.4666f,0.1734f,0f,0f,0f,1f],start_interpolation: 0,interpolation_duration: 1}
$data merge entity $(bone_bone) {transformation: [-1f,0f,0f,0f,0f,0.4666f,0.8845f,1.3613f,0f,0.8845f,-0.4666f,0.1734f,0f,0f,0f,1f],start_interpolation: 0,interpolation_duration: 1}
$data merge entity $(bone_left_arm1) {transformation: [-0.9297f,0.3413f,0.1381f,0.25f,0.3603f,0.9207f,0.15f,1.3081f,-0.076f,0.1892f,-0.979f,0.1405f,0f,0f,0f,1f],start_interpolation: 0,interpolation_duration: 1}
$data merge entity $(bone_right_arm1) {transformation: [-0.9297f,-0.3413f,-0.1381f,-0.25f,-0.3603f,0.9207f,0.15f,1.3081f,0.076f,0.1892f,-0.979f,0.1405f,0f,0f,0f,1f],start_interpolation: 0,interpolation_duration: 1}
data modify entity @s data merge value {"cameras":{},"locators":{"mouse":{"posx":-5.114707060437651e-17,"posy":1.2535220283063426,"posz":0.41764752612742784,"roty":0,"rotx":44.35987448266505},"left_arm":{"posx":0.07344506599058964,"posy":0.6525856493885664,"posz":0.01523122323384013,"roty":8.029090714391572,"rotx":8.625075593267098},"right_arm":{"posx":-0.07344506599058967,"posy":0.6525856493885664,"posz":0.015231223233840158,"roty":351.9709092856084,"rotx":8.625075593267097}}}