# This file was generated by Animated Java via MC-Build. It is not recommended to edit this file directly.
$data merge entity $(bone_eyes) {transformation: [-1f,0f,0f,-0.0156f,0f,0.803f,0.5959f,1.494f,0f,0.5959f,-0.803f,0.5609f,0f,0f,0f,1f],start_interpolation: 0,interpolation_duration: 1}
$data merge entity $(bone_head) {transformation: [-1f,0f,0f,0f,0f,0.803f,0.5959f,1.3677f,0f,0.5959f,-0.803f,0.1543f,0f,0f,0f,1f],start_interpolation: 0,interpolation_duration: 1}
$data merge entity $(bone_fabric_overray) {transformation: [-1f,0f,0f,0f,0f,0.4924f,0.8704f,1.3677f,0f,0.8704f,-0.4924f,0.1543f,0f,0f,0f,1f],start_interpolation: 0,interpolation_duration: 1}
$data merge entity $(bone_fabric) {transformation: [-1f,0f,0f,0f,0f,0.4924f,0.8704f,1.3677f,0f,0.8704f,-0.4924f,0.1543f,0f,0f,0f,1f],start_interpolation: 0,interpolation_duration: 1}
$data merge entity $(bone_bone_overray) {transformation: [-1f,0f,0f,0f,0f,0.6426f,0.7662f,1.3677f,0f,0.7662f,-0.6426f,0.1543f,0f,0f,0f,1f],start_interpolation: 0,interpolation_duration: 1}
$data merge entity $(bone_bone) {transformation: [-1f,0f,0f,0f,0f,0.6426f,0.7662f,1.3677f,0f,0.7662f,-0.6426f,0.1543f,0f,0f,0f,1f],start_interpolation: 0,interpolation_duration: 1}
$data merge entity $(bone_left_arm1) {transformation: [-0.9554f,0.2644f,0.1317f,0.25f,0.2852f,0.9419f,0.1775f,1.3125f,-0.0771f,0.2072f,-0.9753f,0.1249f,0f,0f,0f,1f],start_interpolation: 0,interpolation_duration: 1}
$data merge entity $(bone_right_arm1) {transformation: [-0.9554f,-0.2644f,-0.1317f,-0.25f,-0.2852f,0.9419f,0.1775f,1.3125f,0.0771f,0.2072f,-0.9753f,0.1249f,0f,0f,0f,1f],start_interpolation: 0,interpolation_duration: 1}
data modify entity @s data merge value {"cameras":{},"locators":{"mouse":{"posx":-5.0326542748592174e-17,"posy":1.2939704020940512,"posz":0.4109474077230387,"roty":0,"rotx":36.5802899337359},"left_arm":{"posx":0.127930805776412,"posy":0.6471409049886059,"posz":-0.012675926663199277,"roty":7.692903011066335,"rotx":10.225244450060531},"right_arm":{"posx":-0.12793080577641203,"posy":0.6471409049886059,"posz":-0.01267592666319925,"roty":352.3070969889337,"rotx":10.225244450060533}}}