# This file was generated by Animated Java via MC-Build. It is not recommended to edit this file directly.
$data merge entity $(bone_eyes) {transformation: [-1f,0f,0f,-0.0156f,0f,0.9982f,0.0604f,1.6964f,0f,0.0604f,-0.9982f,0.5199f,0f,0f,0f,1f],start_interpolation: 0,interpolation_duration: 1}
$data merge entity $(bone_head) {transformation: [-1f,0f,0f,0f,0f,0.9982f,0.0604f,1.3684f,0f,0.0604f,-0.9982f,0.2483f,0f,0f,0f,1f],start_interpolation: 0,interpolation_duration: 1}
$data merge entity $(bone_fabric_overray) {transformation: [-1f,0f,0f,0f,0f,0.6823f,0.7311f,1.3684f,0f,0.7311f,-0.6823f,0.2483f,0f,0f,0f,1f],start_interpolation: 0,interpolation_duration: 1}
$data merge entity $(bone_fabric) {transformation: [-1f,0f,0f,0f,0f,0.6823f,0.7311f,1.3684f,0f,0.7311f,-0.6823f,0.2483f,0f,0f,0f,1f],start_interpolation: 0,interpolation_duration: 1}
$data merge entity $(bone_bone_overray) {transformation: [-1f,0f,0f,0f,0f,0.6823f,0.7311f,1.3684f,0f,0.7311f,-0.6823f,0.2483f,0f,0f,0f,1f],start_interpolation: 0,interpolation_duration: 1}
$data merge entity $(bone_bone) {transformation: [-1f,0f,0f,0f,0f,0.6823f,0.7311f,1.3684f,0f,0.7311f,-0.6823f,0.2483f,0f,0f,0f,1f],start_interpolation: 0,interpolation_duration: 1}
$data merge entity $(bone_left_arm1) {transformation: [-0.9809f,-0.1609f,0.1096f,0.25f,-0.1395f,0.9737f,0.1801f,1.3258f,-0.1357f,0.1613f,-0.9775f,0.2026f,0f,0f,0f,1f],start_interpolation: 0,interpolation_duration: 1}
$data merge entity $(bone_right_arm1) {transformation: [-0.9809f,0.1609f,-0.1096f,-0.25f,0.1395f,0.9737f,0.1801f,1.3258f,0.1357f,0.1613f,-0.9775f,0.2026f,0f,0f,0f,1f],start_interpolation: 0,interpolation_duration: 1}
data modify entity @s data merge value {"cameras":{},"locators":{"mouse":{"posx":-6.166545461970241e-17,"posy":1.4468849237329697,"posz":0.5035366496089837,"roty":0,"rotx":3.4611764705882497},"left_arm":{"posx":0.4218915095096396,"posy":0.6650606976174067,"posz":0.10019432778587437,"roty":6.399583588593401,"rotx":10.375166828015416},"right_arm":{"posx":-0.42189150950963955,"posy":0.6650606976174067,"posz":0.1001943277858743,"roty":353.6004164114066,"rotx":10.375166828015415}}}