# This file was generated by Animated Java via MC-Build. It is not recommended to edit this file directly.
$data merge entity $(bone_eyes) {transformation: [-1f,0f,0f,-0.0156f,0f,0.8752f,0.4838f,1.5522f,0f,0.4838f,-0.8752f,0.5211f,0f,0f,0f,1f],start_interpolation: 0,interpolation_duration: 1}
$data merge entity $(bone_head) {transformation: [-1f,0f,0f,0f,0f,0.8752f,0.4838f,1.3729f,0f,0.4838f,-0.8752f,0.1349f,0f,0f,0f,1f],start_interpolation: 0,interpolation_duration: 1}
$data merge entity $(bone_fabric_overray) {transformation: [-1f,0f,0f,0f,0f,0.6425f,0.7663f,1.3729f,0f,0.7663f,-0.6425f,0.1349f,0f,0f,0f,1f],start_interpolation: 0,interpolation_duration: 1}
$data merge entity $(bone_fabric) {transformation: [-1f,0f,0f,0f,0f,0.6425f,0.7663f,1.3729f,0f,0.7663f,-0.6425f,0.1349f,0f,0f,0f,1f],start_interpolation: 0,interpolation_duration: 1}
$data merge entity $(bone_bone_overray) {transformation: [-1f,0f,0f,0f,0f,0.7925f,0.6099f,1.3729f,0f,0.6099f,-0.7925f,0.1349f,0f,0f,0f,1f],start_interpolation: 0,interpolation_duration: 1}
$data merge entity $(bone_bone) {transformation: [-1f,0f,0f,0f,0f,0.7925f,0.6099f,1.3729f,0f,0.6099f,-0.7925f,0.1349f,0f,0f,0f,1f],start_interpolation: 0,interpolation_duration: 1}
$data merge entity $(bone_left_arm1) {transformation: [-0.9749f,0.1914f,0.1134f,0.25f,0.211f,0.957f,0.1989f,1.316f,-0.0705f,0.2179f,-0.9734f,0.1091f,0f,0f,0f,1f],start_interpolation: 0,interpolation_duration: 1}
$data merge entity $(bone_right_arm1) {transformation: [-0.9749f,-0.1914f,-0.1134f,-0.25f,-0.211f,0.957f,0.1989f,1.316f,0.0705f,0.2179f,-0.9734f,0.1091f,0f,0f,0f,1f],start_interpolation: 0,interpolation_duration: 1}
data modify entity @s data merge value {"cameras":{},"locators":{"mouse":{"posx":-4.8872110681562555e-17,"posy":1.3339631928337765,"posz":0.3990710686182271,"roty":0,"rotx":28.930929280593432},"left_arm":{"posx":0.17936404160814393,"posy":0.644811505252844,"posz":-0.03634424594737361,"roty":6.646095973294365,"rotx":11.475531516670326},"right_arm":{"posx":-0.17936404160814387,"posy":0.644811505252844,"posz":-0.03634424594737369,"roty":353.35390402670566,"rotx":11.475531516670326}}}