# This file was generated by Animated Java via MC-Build. It is not recommended to edit this file directly.
$data merge entity $(bone_eyes) {transformation: [-1f,0f,0f,-0.0156f,0f,0.9303f,0.3668f,1.6044f,0f,0.3668f,-0.9303f,0.4751f,0f,0f,0f,1f],start_interpolation: 0,interpolation_duration: 1}
$data merge entity $(bone_head) {transformation: [-1f,0f,0f,0f,0f,0.9303f,0.3668f,1.3768f,0f,0.3668f,-0.9303f,0.1152f,0f,0f,0f,1f],start_interpolation: 0,interpolation_duration: 1}
$data merge entity $(bone_fabric_overray) {transformation: [-1f,0f,0f,0f,0f,0.7681f,0.6403f,1.3768f,0f,0.6403f,-0.7681f,0.1152f,0f,0f,0f,1f],start_interpolation: 0,interpolation_duration: 1}
$data merge entity $(bone_fabric) {transformation: [-1f,0f,0f,0f,0f,0.7681f,0.6403f,1.3768f,0f,0.6403f,-0.7681f,0.1152f,0f,0f,0f,1f],start_interpolation: 0,interpolation_duration: 1}
$data merge entity $(bone_bone_overray) {transformation: [-1f,0f,0f,0f,0f,0.8972f,0.4417f,1.3768f,0f,0.4417f,-0.8972f,0.1152f,0f,0f,0f,1f],start_interpolation: 0,interpolation_duration: 1}
$data merge entity $(bone_bone) {transformation: [-1f,0f,0f,0f,0f,0.8972f,0.4417f,1.3768f,0f,0.4417f,-0.8972f,0.1152f,0f,0f,0f,1f],start_interpolation: 0,interpolation_duration: 1}
$data merge entity $(bone_left_arm1) {transformation: [-0.9882f,0.1261f,0.0865f,0.25f,0.1419f,0.9671f,0.211f,1.3184f,-0.057f,0.2208f,-0.9737f,0.093f,0f,0f,0f,1f],start_interpolation: 0,interpolation_duration: 1}
$data merge entity $(bone_right_arm1) {transformation: [-0.9882f,-0.1261f,-0.0865f,-0.25f,-0.1419f,0.9671f,0.211f,1.3184f,0.057f,0.2208f,-0.9737f,0.093f,0f,0f,0f,1f],start_interpolation: 0,interpolation_duration: 1}
data modify entity @s data merge value {"cameras":{},"locators":{"mouse":{"posx":-4.6804725906827594e-17,"posy":1.3723095128912215,"posz":0.38218959082255277,"roty":0,"rotx":21.518975507157908},"left_arm":{"posx":0.22505807569106423,"posy":0.644605329426847,"posz":-0.05520416535793528,"roty":5.075284239730934,"rotx":12.178857447324058},"right_arm":{"posx":-0.22505807569106417,"posy":0.644605329426847,"posz":-0.055204165357935334,"roty":354.92471576026907,"rotx":12.17885744732406}}}