# This file was generated by Animated Java via MC-Build. It is not recommended to edit this file directly.
$data merge entity $(bone_eyes) {transformation: [-1f,0f,0f,-0.0156f,0f,0.9684f,0.2496f,1.6497f,0f,0.2496f,-0.9684f,0.4244f,0f,0f,0f,1f],start_interpolation: 0,interpolation_duration: 1}
$data merge entity $(bone_head) {transformation: [-1f,0f,0f,0f,0f,0.9684f,0.2496f,1.3795f,0f,0.2496f,-0.9684f,0.0953f,0f,0f,0f,1f],start_interpolation: 0,interpolation_duration: 1}
$data merge entity $(bone_fabric_overray) {transformation: [-1f,0f,0f,0f,0f,0.865f,0.5018f,1.3795f,0f,0.5018f,-0.865f,0.0953f,0f,0f,0f,1f],start_interpolation: 0,interpolation_duration: 1}
$data merge entity $(bone_fabric) {transformation: [-1f,0f,0f,0f,0f,0.865f,0.5018f,1.3795f,0f,0.5018f,-0.865f,0.0953f,0f,0f,0f,1f],start_interpolation: 0,interpolation_duration: 1}
$data merge entity $(bone_bone_overray) {transformation: [-1f,0f,0f,0f,0f,0.9552f,0.2961f,1.3795f,0f,0.2961f,-0.9552f,0.0953f,0f,0f,0f,1f],start_interpolation: 0,interpolation_duration: 1}
$data merge entity $(bone_bone) {transformation: [-1f,0f,0f,0f,0f,0.9552f,0.2961f,1.3795f,0f,0.2961f,-0.9552f,0.0953f,0f,0f,0f,1f],start_interpolation: 0,interpolation_duration: 1}
$data merge entity $(bone_left_arm1) {transformation: [-0.9959f,0.0715f,0.0553f,0.25f,0.0816f,0.974f,0.2114f,1.3198f,-0.0388f,0.215f,-0.9758f,0.0768f,0f,0f,0f,1f],start_interpolation: 0,interpolation_duration: 1}
$data merge entity $(bone_right_arm1) {transformation: [-0.9959f,-0.0715f,-0.0553f,-0.25f,-0.0816f,0.974f,0.2114f,1.3198f,0.0388f,0.215f,-0.9758f,0.0768f,0f,0f,0f,1f],start_interpolation: 0,interpolation_duration: 1}
data modify entity @s data merge value {"cameras":{},"locators":{"mouse":{"posx":-4.418684462027081e-17,"posy":1.4078865964559062,"posz":0.3608129678780479,"roty":0,"rotx":14.451611597349434},"left_arm":{"posx":0.26310874076014196,"posy":0.6450754815026837,"posz":-0.0685849057576371,"roty":3.2446762700672878,"rotx":12.202918390999324},"right_arm":{"posx":-0.26310874076014196,"posy":0.6450754815026837,"posz":-0.06858490575763718,"roty":356.7553237299327,"rotx":12.202918390999326}}}