# This file was generated by Animated Java via MC-Build. It is not recommended to edit this file directly.
$data merge entity $(bone_eyes) {transformation: [-1f,0f,0f,-0.0156f,0f,0.9907f,0.1363f,1.6872f,0f,0.1363f,-0.9907f,0.3711f,0f,0f,0f,1f],start_interpolation: 0,interpolation_duration: 1}
$data merge entity $(bone_head) {transformation: [-1f,0f,0f,0f,0f,0.9907f,0.1363f,1.3809f,0f,0.1363f,-0.9907f,0.0753f,0f,0f,0f,1f],start_interpolation: 0,interpolation_duration: 1}
$data merge entity $(bone_fabric_overray) {transformation: [-1f,0f,0f,0f,0f,0.9326f,0.361f,1.3809f,0f,0.361f,-0.9326f,0.0753f,0f,0f,0f,1f],start_interpolation: 0,interpolation_duration: 1}
$data merge entity $(bone_fabric) {transformation: [-1f,0f,0f,0f,0f,0.9326f,0.361f,1.3809f,0f,0.361f,-0.9326f,0.0753f,0f,0f,0f,1f],start_interpolation: 0,interpolation_duration: 1}
$data merge entity $(bone_bone_overray) {transformation: [-1f,0f,0f,0f,0f,0.9719f,0.2353f,1.3809f,0f,0.2353f,-0.9719f,0.0753f,0f,0f,0f,1f],start_interpolation: 0,interpolation_duration: 1}
$data merge entity $(bone_bone) {transformation: [-1f,0f,0f,0f,0f,0.9719f,0.2353f,1.3809f,0f,0.2353f,-0.9719f,0.0753f,0f,0f,0f,1f],start_interpolation: 0,interpolation_duration: 1}
$data merge entity $(bone_left_arm1) {transformation: [-0.9993f,0.0291f,0.0249f,0.25f,0.0335f,0.9794f,0.1991f,1.3202f,-0.0186f,0.1998f,-0.9797f,0.0606f,0f,0f,0f,1f],start_interpolation: 0,interpolation_duration: 1}
$data merge entity $(bone_right_arm1) {transformation: [-0.9993f,-0.0291f,-0.0249f,-0.25f,-0.0335f,0.9794f,0.1991f,1.3202f,0.0186f,0.1998f,-0.9797f,0.0606f,0f,0f,0f,1f],start_interpolation: 0,interpolation_duration: 1}
data modify entity @s data merge value {"cameras":{},"locators":{"mouse":{"posx":-4.111670880828561e-17,"posy":1.43972171059746,"posz":0.3357434064818743,"roty":0,"rotx":7.836020535088316},"left_arm":{"posx":0.2924176590716885,"posy":0.6447459268442886,"posz":-0.07558323494178926,"roty":1.4548795923498687,"rotx":11.482421301211053},"right_arm":{"posx":-0.2924176590716885,"posy":0.6447459268442886,"posz":-0.07558323494178931,"roty":358.54512040765013,"rotx":11.482421301211053}}}