# This file was generated by Animated Java via MC-Build. It is not recommended to edit this file directly.
$data merge entity $(bone_eyes) {transformation: [-1f,0f,0f,-0.0156f,0f,0.9967f,0.0813f,1.7013f,0f,0.0813f,-0.9967f,0.5332f,0f,0f,0f,1f],start_interpolation: 0,interpolation_duration: 1}
$data merge entity $(bone_head) {transformation: [-1f,0f,0f,0f,0f,0.9967f,0.0813f,1.3791f,0f,0.0813f,-0.9967f,0.2549f,0f,0f,0f,1f],start_interpolation: 0,interpolation_duration: 1}
$data merge entity $(bone_fabric_overray) {transformation: [-1f,0f,0f,0f,0f,0.6634f,0.7482f,1.3791f,0f,0.7482f,-0.6634f,0.2549f,0f,0f,0f,1f],start_interpolation: 0,interpolation_duration: 1}
$data merge entity $(bone_fabric) {transformation: [-1f,0f,0f,0f,0f,0.6634f,0.7482f,1.3791f,0f,0.7482f,-0.6634f,0.2549f,0f,0f,0f,1f],start_interpolation: 0,interpolation_duration: 1}
$data merge entity $(bone_bone_overray) {transformation: [-1f,0f,0f,0f,0f,0.6634f,0.7482f,1.3791f,0f,0.7482f,-0.6634f,0.2549f,0f,0f,0f,1f],start_interpolation: 0,interpolation_duration: 1}
$data merge entity $(bone_bone) {transformation: [-1f,0f,0f,0f,0f,0.6634f,0.7482f,1.3791f,0f,0.7482f,-0.6634f,0.2549f,0f,0f,0f,1f],start_interpolation: 0,interpolation_duration: 1}
$data merge entity $(bone_left_arm1) {transformation: [-0.9796f,-0.1675f,0.1113f,0.25f,-0.1423f,0.9685f,0.2045f,1.3376f,-0.142f,0.1845f,-0.9725f,0.2081f,0f,0f,0f,1f],start_interpolation: 0,interpolation_duration: 1}
$data merge entity $(bone_right_arm1) {transformation: [-0.9796f,0.1675f,-0.1113f,-0.25f,0.1423f,0.9685f,0.2045f,1.3376f,0.142f,0.1845f,-0.9725f,0.2081f,0f,0f,0f,1f],start_interpolation: 0,interpolation_duration: 1}
data modify entity @s data merge value {"cameras":{},"locators":{"mouse":{"posx":-6.265942264130081e-17,"posy":1.452200101896584,"posz":0.5116530144440563,"roty":0,"rotx":4.663970588235298},"left_arm":{"posx":0.4263581340657666,"posy":0.6807033322776204,"posz":0.09012742641411076,"roty":6.527926428901054,"rotx":11.801084309713088},"right_arm":{"posx":-0.4263581340657666,"posy":0.6807033322776204,"posz":0.09012742641411069,"roty":353.4720735710989,"rotx":11.801084309713087}}}