# This file was generated by Animated Java via MC-Build. It is not recommended to edit this file directly.
$data merge entity $(bone_eyes) {transformation: [-1f,0f,0f,-0.0156f,0f,0.9949f,0.1009f,1.7065f,0f,0.1009f,-0.9949f,0.5456f,0f,0f,0f,1f],start_interpolation: 0,interpolation_duration: 1}
$data merge entity $(bone_head) {transformation: [-1f,0f,0f,0f,0f,0.9949f,0.1009f,1.3899f,0f,0.1009f,-0.9949f,0.2609f,0f,0f,0f,1f],start_interpolation: 0,interpolation_duration: 1}
$data merge entity $(bone_fabric_overray) {transformation: [-1f,0f,0f,0f,0f,0.6452f,0.764f,1.3899f,0f,0.764f,-0.6452f,0.2609f,0f,0f,0f,1f],start_interpolation: 0,interpolation_duration: 1}
$data merge entity $(bone_fabric) {transformation: [-1f,0f,0f,0f,0f,0.6452f,0.764f,1.3899f,0f,0.764f,-0.6452f,0.2609f,0f,0f,0f,1f],start_interpolation: 0,interpolation_duration: 1}
$data merge entity $(bone_bone_overray) {transformation: [-1f,0f,0f,0f,0f,0.6452f,0.764f,1.3899f,0f,0.764f,-0.6452f,0.2609f,0f,0f,0f,1f],start_interpolation: 0,interpolation_duration: 1}
$data merge entity $(bone_bone) {transformation: [-1f,0f,0f,0f,0f,0.6452f,0.764f,1.3899f,0f,0.764f,-0.6452f,0.2609f,0f,0f,0f,1f],start_interpolation: 0,interpolation_duration: 1}
$data merge entity $(bone_left_arm1) {transformation: [-0.9787f,-0.1703f,0.1146f,0.25f,-0.1429f,0.9661f,0.2151f,1.3495f,-0.1473f,0.1941f,-0.9699f,0.2132f,0f,0f,0f,1f],start_interpolation: 0,interpolation_duration: 1}
$data merge entity $(bone_right_arm1) {transformation: [-0.9787f,0.1703f,-0.1146f,-0.25f,0.1429f,0.9661f,0.2151f,1.3495f,0.1473f,0.1941f,-0.9699f,0.2132f,0f,0f,0f,1f],start_interpolation: 0,interpolation_duration: 1}
data modify entity @s data merge value {"cameras":{},"locators":{"mouse":{"posx":-6.357345328237096e-17,"posy":1.4579166309695366,"posz":0.5191166410317919,"roty":0,"rotx":5.791764705882349},"left_arm":{"posx":0.4282591144634042,"posy":0.6943000446783009,"posz":0.08894369770793192,"roty":6.739018481424722,"rotx":12.419279722390762},"right_arm":{"posx":-0.4282591144634042,"posy":0.6943000446783009,"posz":0.08894369770793185,"roty":353.26098151857525,"rotx":12.41927972239076}}}