# This file was generated by Animated Java via MC-Build. It is not recommended to edit this file directly.
$data merge entity $(bone_eyes) {transformation: [-1f,0f,0f,-0.0156f,0f,0.9931f,0.1174f,1.7123f,0f,0.1174f,-0.9931f,0.556f,0f,0f,0f,1f],start_interpolation: 0,interpolation_duration: 1}
$data merge entity $(bone_head) {transformation: [-1f,0f,0f,0f,0f,0.9931f,0.1174f,1.4004f,0f,0.1174f,-0.9931f,0.2661f,0f,0f,0f,1f],start_interpolation: 0,interpolation_duration: 1}
$data merge entity $(bone_fabric_overray) {transformation: [-1f,0f,0f,0f,0f,0.629f,0.7774f,1.4004f,0f,0.7774f,-0.629f,0.2661f,0f,0f,0f,1f],start_interpolation: 0,interpolation_duration: 1}
$data merge entity $(bone_fabric) {transformation: [-1f,0f,0f,0f,0f,0.629f,0.7774f,1.4004f,0f,0.7774f,-0.629f,0.2661f,0f,0f,0f,1f],start_interpolation: 0,interpolation_duration: 1}
$data merge entity $(bone_bone_overray) {transformation: [-1f,0f,0f,0f,0f,0.629f,0.7774f,1.4004f,0f,0.7774f,-0.629f,0.2661f,0f,0f,0f,1f],start_interpolation: 0,interpolation_duration: 1}
$data merge entity $(bone_bone) {transformation: [-1f,0f,0f,0f,0f,0.629f,0.7774f,1.4004f,0f,0.7774f,-0.629f,0.2661f,0f,0f,0f,1f],start_interpolation: 0,interpolation_duration: 1}
$data merge entity $(bone_left_arm1) {transformation: [-0.9786f,-0.1672f,0.1202f,0.25f,-0.1404f,0.9688f,0.2043f,1.3611f,-0.1506f,0.1831f,-0.9715f,0.2175f,0f,0f,0f,1f],start_interpolation: 0,interpolation_duration: 1}
$data merge entity $(bone_right_arm1) {transformation: [-0.9786f,0.1672f,-0.1202f,-0.25f,0.1404f,0.9688f,0.2043f,1.3611f,0.1506f,0.1831f,-0.9715f,0.2175f,0f,0f,0f,1f],start_interpolation: 0,interpolation_duration: 1}
data modify entity @s data merge value {"cameras":{},"locators":{"mouse":{"posx":-6.434251492436559e-17,"posy":1.464167369478483,"posz":0.5253965059081799,"roty":0,"rotx":6.739558823529411},"left_arm":{"posx":0.4261229883709218,"posy":0.703834847559035,"posz":0.1010971254656364,"roty":7.053996442069348,"rotx":11.789737811191191},"right_arm":{"posx":-0.4261229883709218,"posy":0.703834847559035,"posz":0.10109712546563633,"roty":352.9460035579307,"rotx":11.789737811191191}}}