# This file was generated by Animated Java via MC-Build. It is not recommended to edit this file directly.
$data merge entity $(bone_eyes) {transformation: [-1f,0f,0f,-0.0156f,0f,0.9917f,0.1288f,1.7189f,0f,0.1288f,-0.9917f,0.5635f,0f,0f,0f,1f],start_interpolation: 0,interpolation_duration: 1}
$data merge entity $(bone_head) {transformation: [-1f,0f,0f,0f,0f,0.9917f,0.1288f,1.4104f,0f,0.1288f,-0.9917f,0.27f,0f,0f,0f,1f],start_interpolation: 0,interpolation_duration: 1}
$data merge entity $(bone_fabric_overray) {transformation: [-1f,0f,0f,0f,0f,0.6165f,0.7874f,1.4104f,0f,0.7874f,-0.6165f,0.27f,0f,0f,0f,1f],start_interpolation: 0,interpolation_duration: 1}
$data merge entity $(bone_fabric) {transformation: [-1f,0f,0f,0f,0f,0.6165f,0.7874f,1.4104f,0f,0.7874f,-0.6165f,0.27f,0f,0f,0f,1f],start_interpolation: 0,interpolation_duration: 1}
$data merge entity $(bone_bone_overray) {transformation: [-1f,0f,0f,0f,0f,0.6165f,0.7874f,1.4104f,0f,0.7874f,-0.6165f,0.27f,0f,0f,0f,1f],start_interpolation: 0,interpolation_duration: 1}
$data merge entity $(bone_bone) {transformation: [-1f,0f,0f,0f,0f,0.6165f,0.7874f,1.4104f,0f,0.7874f,-0.6165f,0.27f,0f,0f,0f,1f],start_interpolation: 0,interpolation_duration: 1}
$data merge entity $(bone_left_arm1) {transformation: [-0.9794f,-0.1559f,0.1281f,0.25f,-0.134f,0.9772f,0.1645f,1.3718f,-0.1508f,0.144f,-0.978f,0.2208f,0f,0f,0f,1f],start_interpolation: 0,interpolation_duration: 1}
$data merge entity $(bone_right_arm1) {transformation: [-0.9794f,0.1559f,-0.1281f,-0.25f,0.134f,0.9772f,0.1645f,1.3718f,0.1508f,0.144f,-0.978f,0.2208f,0f,0f,0f,1f],start_interpolation: 0,interpolation_duration: 1}
data modify entity @s data merge value {"cameras":{},"locators":{"mouse":{"posx":-6.490826767096025e-17,"posy":1.4711219268524955,"posz":0.5300162276678624,"roty":0,"rotx":7.402352941176462},"left_arm":{"posx":0.41838362025426756,"posy":0.7083629188709851,"posz":0.13126592805000956,"roty":7.459443523658138,"rotx":9.468152105472047},"right_arm":{"posx":-0.41838362025426756,"posy":0.7083629188709851,"posz":0.13126592805000947,"roty":352.54055647634186,"rotx":9.468152105472047}}}