# This file was generated by Animated Java via MC-Build. It is not recommended to edit this file directly.
$data merge entity $(bone_eyes) {transformation: [-1f,0f,0f,-0.0156f,0f,0.991f,0.1336f,1.7266f,0f,0.1336f,-0.991f,0.5671f,0f,0f,0f,1f],start_interpolation: 0,interpolation_duration: 1}
$data merge entity $(bone_head) {transformation: [-1f,0f,0f,0f,0f,0.991f,0.1336f,1.4194f,0f,0.1336f,-0.991f,0.2722f,0f,0f,0f,1f],start_interpolation: 0,interpolation_duration: 1}
$data merge entity $(bone_fabric_overray) {transformation: [-1f,0f,0f,0f,0f,0.6092f,0.793f,1.4194f,0f,0.793f,-0.6092f,0.2722f,0f,0f,0f,1f],start_interpolation: 0,interpolation_duration: 1}
$data merge entity $(bone_fabric) {transformation: [-1f,0f,0f,0f,0f,0.6092f,0.793f,1.4194f,0f,0.793f,-0.6092f,0.2722f,0f,0f,0f,1f],start_interpolation: 0,interpolation_duration: 1}
$data merge entity $(bone_bone_overray) {transformation: [-1f,0f,0f,0f,0f,0.6092f,0.793f,1.4194f,0f,0.793f,-0.6092f,0.2722f,0f,0f,0f,1f],start_interpolation: 0,interpolation_duration: 1}
$data merge entity $(bone_bone) {transformation: [-1f,0f,0f,0f,0f,0.6092f,0.793f,1.4194f,0f,0.793f,-0.6092f,0.2722f,0f,0f,0f,1f],start_interpolation: 0,interpolation_duration: 1}
$data merge entity $(bone_left_arm1) {transformation: [-0.9815f,-0.134f,0.1367f,0.25f,-0.1228f,0.9886f,0.0872f,1.3814f,-0.1468f,0.0688f,-0.9868f,0.2227f,0f,0f,0f,1f],start_interpolation: 0,interpolation_duration: 1}
$data merge entity $(bone_right_arm1) {transformation: [-0.9815f,0.134f,-0.1367f,-0.25f,0.1228f,0.9886f,0.0872f,1.3814f,0.1468f,0.0688f,-0.9868f,0.2227f,0f,0f,0f,1f],start_interpolation: 0,interpolation_duration: 1}
data modify entity @s data merge value {"cameras":{},"locators":{"mouse":{"posx":-6.521494913612446e-17,"posy":1.478962575013707,"posz":0.5325204718742551,"roty":0,"rotx":7.675147058823518},"left_arm":{"posx":0.40344394542536866,"posy":0.7093814891536145,"posz":0.1845383529831344,"roty":7.884281200888694,"rotx":5.00293825887891},"right_arm":{"posx":-0.4034439454253687,"posy":0.7093814891536145,"posz":0.1845383529831343,"roty":352.11571879911133,"rotx":5.00293825887891}}}