# This file was generated by Animated Java via MC-Build. It is not recommended to edit this file directly.
execute unless entity @s[type=minecraft:item_display,tag=aj.explode_large_effect.root] run return run function animated_java:global/errors/function_not_executed_as_root_entity {'export_namespace': 'explode_large_effect', 'function_path': 'animated_java:explode_large_effect/set_default_pose'}
execute on passengers if entity @s[tag=aj.explode_large_effect.bone.1] run data merge entity @s {transformation: [-0.766f,-0.51f,-0.3913f,0f,-0.5265f,0.1487f,0.8371f,0.5f,-0.3687f,0.8473f,-0.3824f,0f,0f,0f,0f,1f], start_interpolation: -1}
execute on passengers if entity @s[tag=aj.explode_large_effect.bone.3] run data merge entity @s {transformation: [0.133f,-0.9848f,0.1116f,0f,-0.9475f,-0.0933f,0.306f,0.5f,-0.2909f,-0.1465f,-0.9455f,0f,0f,0f,0f,1f], start_interpolation: -1}
execute on passengers if entity @s[tag=aj.explode_large_effect.bone.4] run data merge entity @s {transformation: [-0.4346f,-0.8429f,-0.3173f,0f,-0.7413f,0.1347f,0.6575f,0.5f,-0.5114f,0.521f,-0.6834f,0f,0f,0f,0f,1f], start_interpolation: -1}
execute on passengers if entity @s[tag=aj.explode_large_effect.bone.5] run data merge entity @s {transformation: [-0.0352f,-0.5059f,-0.8619f,0f,-0.0651f,-0.8594f,0.5071f,0.5f,-0.9973f,0.074f,-0.0027f,0f,0f,0f,0f,1f], start_interpolation: -1}
execute on passengers if entity @s[tag=aj.explode_large_effect.bone.shockwave] run data merge entity @s {transformation: [-1f,0f,0f,0f,0f,1f,0f,0.5f,0f,0f,-1f,0f,0f,0f,0f,1f], start_interpolation: -1}
execute on passengers if entity @s[tag=aj.explode_large_effect.bone.2] run data merge entity @s {transformation: [-0.6428f,0f,-0.766f,0f,-0.5417f,0.7071f,0.4545f,0.5f,0.5417f,0.7071f,-0.4545f,0f,0f,0f,0f,1f], start_interpolation: -1}
execute on passengers if entity @s[tag=aj.explode_large_effect.bone.6] run data merge entity @s {transformation: [0.2856f,-0.7695f,-0.5711f,0f,-0.9363f,-0.097f,-0.3376f,0.5f,0.2044f,0.6312f,-0.7482f,0f,0f,0f,0f,1f], start_interpolation: -1}
execute on passengers if entity @s[tag=aj.explode_large_effect.bone.7] run data merge entity @s {transformation: [0.9705f,0.0764f,0.2286f,0f,-0.1447f,-0.574f,0.806f,0.5f,0.1928f,-0.8153f,-0.546f,0f,0f,0f,0f,1f], start_interpolation: -1}
execute on passengers if entity @s[tag=aj.explode_large_effect.bone.8] run data merge entity @s {transformation: [-0.0436f,0.3417f,-0.9388f,0f,-0.7064f,0.6539f,0.2708f,0.5f,0.7064f,0.675f,0.2129f,0f,0f,0f,0f,1f], start_interpolation: -1}
execute on passengers if entity @s[tag=aj.explode_large_effect.bone.9] run data merge entity @s {transformation: [-0.5265f,-0.6085f,0.5937f,0f,-0.0381f,-0.6808f,-0.7315f,0.5f,0.8493f,-0.4078f,0.3353f,0f,0f,0f,0f,1f], start_interpolation: -1}
execute on passengers if entity @s[tag=aj.explode_large_effect.bone.10] run data merge entity @s {transformation: [-0.6428f,0f,-0.766f,0f,-0.5417f,0.7071f,0.4545f,0.5f,0.5417f,0.7071f,-0.4545f,0f,0f,0f,0f,1f], start_interpolation: -1}
execute on passengers if entity @s[tag=aj.explode_large_effect.bone.11] run data merge entity @s {transformation: [0.2856f,-0.7695f,-0.5711f,0f,-0.9363f,-0.097f,-0.3376f,0.5f,0.2044f,0.6312f,-0.7482f,0f,0f,0f,0f,1f], start_interpolation: -1}
execute on passengers if entity @s[tag=aj.explode_large_effect.bone.12] run data merge entity @s {transformation: [0.9705f,0.0764f,0.2286f,0f,-0.1447f,-0.574f,0.806f,0.5f,0.1928f,-0.8153f,-0.546f,0f,0f,0f,0f,1f], start_interpolation: -1}
execute on passengers if entity @s[tag=aj.explode_large_effect.bone.13] run data merge entity @s {transformation: [-0.0436f,0.3417f,-0.9388f,0f,-0.7064f,0.6539f,0.2708f,0.5f,0.7064f,0.675f,0.2129f,0f,0f,0f,0f,1f], start_interpolation: -1}
execute on passengers if entity @s[tag=aj.explode_large_effect.bone.14] run data merge entity @s {transformation: [-0.5265f,-0.6085f,0.5937f,0f,-0.0381f,-0.6808f,-0.7315f,0.5f,0.8493f,-0.4078f,0.3353f,0f,0f,0f,0f,1f], start_interpolation: -1}
execute on passengers if entity @s[tag=aj.explode_large_effect.bone.15] run data merge entity @s {transformation: [0.8397f,0.4305f,0.331f,0f,-0.5417f,0.7071f,0.4545f,0.5f,-0.0384f,-0.561f,0.8269f,0f,0f,0f,0f,1f], start_interpolation: -1}
execute on passengers if entity @s[tag=aj.explode_large_effect.bone.16] run data merge entity @s {transformation: [-0.1022f,0.9948f,-0.0024f,0f,-0.9363f,-0.097f,-0.3376f,0.5f,-0.336f,-0.0323f,0.9413f,0f,0f,0f,0f,1f], start_interpolation: -1}
execute on passengers if entity @s[tag=aj.explode_large_effect.bone.17] run data merge entity @s {transformation: [-0.6526f,-0.5569f,-0.5137f,0f,-0.1447f,-0.574f,0.806f,0.5f,-0.7437f,0.6004f,0.294f,0f,0f,0f,0f,1f], start_interpolation: -1}
execute on passengers if entity @s[tag=aj.explode_large_effect.bone.18] run data merge entity @s {transformation: [0.4647f,0.1398f,0.8744f,0f,-0.7064f,0.6539f,0.2708f,0.5f,-0.5339f,-0.7435f,0.4026f,0f,0f,0f,0f,1f], start_interpolation: -1}
execute on passengers if entity @s[tag=aj.explode_large_effect.bone.19] run data merge entity @s {transformation: [0.9348f,0.2345f,-0.267f,0f,-0.0381f,-0.6808f,-0.7315f,0.5f,-0.3533f,0.6939f,-0.6274f,0f,0f,0f,0f,1f], start_interpolation: -1}