# This file was generated by Animated Java via MC-Build. It is not recommended to edit this file directly.
$data merge entity $(bone_eyes) {transformation: [0f,0f,0f,-0.0212f,0f,0f,0f,1.4209f,0f,0f,0f,0.3812f,0f,0f,0f,1f],start_interpolation: 0,interpolation_duration: 1}
$data merge entity $(bone_head) {transformation: [-0.9999f,-0.0141f,0.0029f,0f,-0.0077f,0.6967f,0.7173f,1.3618f,-0.0121f,0.7172f,-0.6967f,-0.0403f,0f,0f,0f,1f],start_interpolation: 0,interpolation_duration: 1}
$data merge entity $(bone_fabric_overray) {transformation: [-1f,0f,0f,0f,0f,0.9516f,0.3072f,1.3618f,0f,0.3072f,-0.9516f,-0.0403f,0f,0f,0f,1f],start_interpolation: 0,interpolation_duration: 1}
$data merge entity $(bone_fabric) {transformation: [-1f,0f,0f,0f,0f,0.9516f,0.3072f,1.3618f,0f,0.3072f,-0.9516f,-0.0403f,0f,0f,0f,1f],start_interpolation: 0,interpolation_duration: 1}
$data merge entity $(bone_bone_overray) {transformation: [-1f,0f,0f,0f,0f,0.9537f,0.3007f,1.3618f,0f,0.3007f,-0.9537f,-0.0403f,0f,0f,0f,1f],start_interpolation: 0,interpolation_duration: 1}
$data merge entity $(bone_bone) {transformation: [-1f,0f,0f,0f,0f,0.9537f,0.3007f,1.3618f,0f,0.3007f,-0.9537f,-0.0403f,0f,0f,0f,1f],start_interpolation: 0,interpolation_duration: 1}
$data merge entity $(bone_left_arm1) {transformation: [-0.9655f,-0.2362f,-0.1094f,0.25f,-0.2258f,0.9691f,-0.0996f,1.2998f,0.1295f,-0.0715f,-0.989f,-0.0321f,0f,0f,0f,1f],start_interpolation: 0,interpolation_duration: 1}
$data merge entity $(bone_right_arm1) {transformation: [-0.9655f,0.2362f,0.1094f,-0.25f,0.2258f,0.9691f,-0.0996f,1.2998f,-0.1295f,-0.0715f,-0.989f,-0.0321f,0f,0f,0f,1f],start_interpolation: 0,interpolation_duration: 1}
data modify entity @s data merge value {"cameras":{},"locators":{"mouse":{"posx":-0.0020322848862215285,"posy":1.2477584598591551,"posz":0.20116621968422893,"roty":0.23482425445720878,"rotx":45.835312117008435},"left_arm":{"posx":0.4727199244716894,"posy":0.6476856221751792,"posz":0.00896822980944608,"roty":353.6894732471941,"rotx":-5.7179060088203455},"right_arm":{"posx":-0.4727199244716895,"posy":0.6476856221751792,"posz":0.008968229809445977,"roty":6.310526752805941,"rotx":-5.7179060088203455}}}