# This file was generated by Animated Java via MC-Build. It is not recommended to edit this file directly.
$data merge entity $(bone_eyes) {transformation: [0f,0f,0f,-0.0815f,0f,0f,0f,1.1708f,0f,0f,0f,0.3744f,0f,0f,0f,1f],start_interpolation: 0,interpolation_duration: 1}
$data merge entity $(bone_head) {transformation: [-0.9824f,-0.1868f,0.0075f,0f,-0.0851f,0.4826f,0.8717f,1.2253f,-0.1665f,0.8557f,-0.49f,-0.0403f,0f,0f,0f,1f],start_interpolation: 0,interpolation_duration: 1}
$data merge entity $(bone_fabric_overray) {transformation: [-1f,0f,0f,0f,0f,0.911f,0.4123f,1.2253f,0f,0.4123f,-0.911f,-0.0403f,0f,0f,0f,1f],start_interpolation: 0,interpolation_duration: 1}
$data merge entity $(bone_fabric) {transformation: [-1f,0f,0f,0f,0f,0.911f,0.4123f,1.2253f,0f,0.4123f,-0.911f,-0.0403f,0f,0f,0f,1f],start_interpolation: 0,interpolation_duration: 1}
$data merge entity $(bone_bone_overray) {transformation: [-1f,0f,0f,0f,0f,0.9537f,0.3007f,1.2253f,0f,0.3007f,-0.9537f,-0.0403f,0f,0f,0f,1f],start_interpolation: 0,interpolation_duration: 1}
$data merge entity $(bone_bone) {transformation: [-1f,0f,0f,0f,0f,0.9537f,0.3007f,1.2253f,0f,0.3007f,-0.9537f,-0.0403f,0f,0f,0f,1f],start_interpolation: 0,interpolation_duration: 1}
$data merge entity $(bone_left_arm1) {transformation: [-0.9387f,-0.327f,-0.1092f,0.25f,-0.317f,0.9432f,-0.0997f,1.1633f,0.1356f,-0.059f,-0.989f,-0.0321f,0f,0f,0f,1f],start_interpolation: 0,interpolation_duration: 1}
$data merge entity $(bone_right_arm1) {transformation: [-0.9387f,0.327f,0.1092f,-0.25f,0.317f,0.9432f,-0.0997f,1.1633f,-0.1356f,-0.059f,-0.989f,-0.0321f,0f,0f,0f,1f],start_interpolation: 0,interpolation_duration: 1}
data modify entity @s data merge value {"cameras":{},"locators":{"mouse":{"posx":-0.019398219165494036,"posy":1.0526055522323525,"posz":0.16246771999027626,"roty":0.8822568744334376,"rotx":60.6547965600241},"left_arm":{"posx":0.5334691644909406,"posy":0.5346808959197749,"posz":-0.000040639653712169765,"roty":353.6992461004469,"rotx":-5.7204494060528},"right_arm":{"posx":-0.5334691644909406,"posy":0.5346808959197749,"posz":-0.000040639653712294665,"roty":6.300753899553143,"rotx":-5.720449406052801}}}