# This file was generated by Animated Java via MC-Build. It is not recommended to edit this file directly.
$data merge entity $(bone_eyes) {transformation: [0f,0f,0f,-0.0853f,0f,0f,0f,1.1439f,0f,0f,0f,0.372f,0f,0f,0f,1f],start_interpolation: 0,interpolation_duration: 1}
$data merge entity $(bone_head) {transformation: [-0.9797f,-0.2003f,0.0043f,0f,-0.09f,0.4591f,0.8838f,1.2096f,-0.179f,0.8655f,-0.4678f,-0.0403f,0f,0f,0f,1f],start_interpolation: 0,interpolation_duration: 1}
$data merge entity $(bone_fabric_overray) {transformation: [-1f,0f,0f,0f,0f,0.9055f,0.4244f,1.2096f,0f,0.4244f,-0.9055f,-0.0403f,0f,0f,0f,1f],start_interpolation: 0,interpolation_duration: 1}
$data merge entity $(bone_fabric) {transformation: [-1f,0f,0f,0f,0f,0.9055f,0.4244f,1.2096f,0f,0.4244f,-0.9055f,-0.0403f,0f,0f,0f,1f],start_interpolation: 0,interpolation_duration: 1}
$data merge entity $(bone_bone_overray) {transformation: [-1f,0f,0f,0f,0f,0.9537f,0.3007f,1.2096f,0f,0.3007f,-0.9537f,-0.0403f,0f,0f,0f,1f],start_interpolation: 0,interpolation_duration: 1}
$data merge entity $(bone_bone) {transformation: [-1f,0f,0f,0f,0f,0.9537f,0.3007f,1.2096f,0f,0.3007f,-0.9537f,-0.0403f,0f,0f,0f,1f],start_interpolation: 0,interpolation_duration: 1}
$data merge entity $(bone_left_arm1) {transformation: [-0.935f,-0.3373f,-0.1092f,0.25f,-0.3273f,0.9397f,-0.0997f,1.1476f,0.1363f,-0.0574f,-0.989f,-0.0321f,0f,0f,0f,1f],start_interpolation: 0,interpolation_duration: 1}
$data merge entity $(bone_right_arm1) {transformation: [-0.935f,0.3373f,0.1092f,-0.25f,0.3273f,0.9397f,-0.0997f,1.1476f,-0.1363f,-0.0574f,-0.989f,-0.0321f,0f,0f,0f,1f],start_interpolation: 0,interpolation_duration: 1}
data modify entity @s data merge value {"cameras":{},"locators":{"mouse":{"posx":-0.019860734001981004,"posy":1.0316402840893417,"posz":0.15783632736440667,"roty":0.5300712159592251,"rotx":62.107390512564244},"left_arm":{"posx":0.5403104048747731,"posy":0.5220338776870147,"posz":-0.0011269848594220797,"roty":353.69668334412574,"rotx":-5.719708942590659},"right_arm":{"posx":-0.5403104048747731,"posy":0.5220338776870147,"posz":-0.0011269848594222046,"roty":6.303316655874255,"rotx":-5.719708942590659}}}