# This file was generated by Animated Java via MC-Build. It is not recommended to edit this file directly.
$data merge entity $(bone_eyes) {transformation: [0f,0f,0f,-0.088f,0f,0f,0f,1.1212f,0f,0f,0f,0.3698f,0f,0f,0f,1f],start_interpolation: 0,interpolation_duration: 1}
$data merge entity $(bone_head) {transformation: [-0.9776f,-0.2105f,0.0015f,0f,-0.0933f,0.4392f,0.8935f,1.1962f,-0.1888f,0.8734f,-0.449f,-0.0403f,0f,0f,0f,1f],start_interpolation: 0,interpolation_duration: 1}
$data merge entity $(bone_fabric_overray) {transformation: [-1f,0f,0f,0f,0f,0.9002f,0.4355f,1.1962f,0f,0.4355f,-0.9002f,-0.0403f,0f,0f,0f,1f],start_interpolation: 0,interpolation_duration: 1}
$data merge entity $(bone_fabric) {transformation: [-1f,0f,0f,0f,0f,0.9002f,0.4355f,1.1962f,0f,0.4355f,-0.9002f,-0.0403f,0f,0f,0f,1f],start_interpolation: 0,interpolation_duration: 1}
$data merge entity $(bone_bone_overray) {transformation: [-1f,0f,0f,0f,0f,0.9537f,0.3007f,1.1962f,0f,0.3007f,-0.9537f,-0.0403f,0f,0f,0f,1f],start_interpolation: 0,interpolation_duration: 1}
$data merge entity $(bone_bone) {transformation: [-1f,0f,0f,0f,0f,0.9537f,0.3007f,1.1962f,0f,0.3007f,-0.9537f,-0.0403f,0f,0f,0f,1f],start_interpolation: 0,interpolation_duration: 1}
$data merge entity $(bone_left_arm1) {transformation: [-0.9319f,-0.346f,-0.1093f,0.25f,-0.336f,0.9366f,-0.0996f,1.1342f,0.1368f,-0.0561f,-0.989f,-0.0321f,0f,0f,0f,1f],start_interpolation: 0,interpolation_duration: 1}
$data merge entity $(bone_right_arm1) {transformation: [-0.9319f,0.346f,0.1093f,-0.25f,0.336f,0.9366f,-0.0996f,1.1342f,-0.1368f,-0.0561f,-0.989f,-0.0321f,0f,0f,0f,1f],start_interpolation: 0,interpolation_duration: 1}
data modify entity @s data merge value {"cameras":{},"locators":{"mouse":{"posx":-0.020105983800669625,"posy":1.0139650241550284,"posz":0.1538757768401934,"roty":0.18735895827902027,"rotx":63.31943599678452},"left_arm":{"posx":0.5461085671399171,"posy":0.511322923944531,"posz":-0.002059902989325176,"roty":353.693887775599,"rotx":-5.718956316657108},"right_arm":{"posx":-0.5461085671399171,"posy":0.511322923944531,"posz":-0.002059902989325301,"roty":6.3061122244010335,"rotx":-5.718956316657107}}}