# This file was generated by Animated Java via MC-Build. It is not recommended to edit this file directly.
$data merge entity $(bone_eyes) {transformation: [0f,0f,0f,-0.0897f,0f,0f,0f,1.1038f,0f,0f,0f,0.3681f,0f,0f,0f,1f],start_interpolation: 0,interpolation_duration: 1}
$data merge entity $(bone_head) {transformation: [-0.9762f,-0.217f,-0.0005f,0f,-0.0948f,0.4242f,0.9006f,1.1858f,-0.1952f,0.8792f,-0.4346f,-0.0403f,0f,0f,0f,1f],start_interpolation: 0,interpolation_duration: 1}
$data merge entity $(bone_fabric_overray) {transformation: [-1f,0f,0f,0f,0f,0.8952f,0.4457f,1.1858f,0f,0.4457f,-0.8952f,-0.0403f,0f,0f,0f,1f],start_interpolation: 0,interpolation_duration: 1}
$data merge entity $(bone_fabric) {transformation: [-1f,0f,0f,0f,0f,0.8952f,0.4457f,1.1858f,0f,0.4457f,-0.8952f,-0.0403f,0f,0f,0f,1f],start_interpolation: 0,interpolation_duration: 1}
$data merge entity $(bone_bone_overray) {transformation: [-1f,0f,0f,0f,0f,0.9537f,0.3007f,1.1858f,0f,0.3007f,-0.9537f,-0.0403f,0f,0f,0f,1f],start_interpolation: 0,interpolation_duration: 1}
$data merge entity $(bone_bone) {transformation: [-1f,0f,0f,0f,0f,0.9537f,0.3007f,1.1858f,0f,0.3007f,-0.9537f,-0.0403f,0f,0f,0f,1f],start_interpolation: 0,interpolation_duration: 1}
$data merge entity $(bone_left_arm1) {transformation: [-0.9293f,-0.3527f,-0.1093f,0.25f,-0.3428f,0.9341f,-0.0996f,1.1238f,0.1373f,-0.0551f,-0.989f,-0.0321f,0f,0f,0f,1f],start_interpolation: 0,interpolation_duration: 1}
$data merge entity $(bone_right_arm1) {transformation: [-0.9293f,0.3527f,0.1093f,-0.25f,0.3428f,0.9341f,-0.0996f,1.1238f,-0.1373f,-0.0551f,-0.989f,-0.0321f,0f,0f,0f,1f],start_interpolation: 0,interpolation_duration: 1}
data modify entity @s data merge value {"cameras":{},"locators":{"mouse":{"posx":-0.020216571946441476,"posy":1.0003897637411516,"posz":0.1508235387894956,"roty":359.93292268589266,"rotx":64.239444817801},"left_arm":{"posx":0.5505896010604339,"posy":0.50304924687481,"posz":-0.0027887057054646266,"roty":353.6913284425584,"rotx":-5.718302046650647},"right_arm":{"posx":-0.5505896010604339,"posy":0.50304924687481,"posz":-0.0027887057054647515,"roty":6.308671557441585,"rotx":-5.718302046650646}}}