# This file was generated by Animated Java via MC-Build. It is not recommended to edit this file directly.
$data merge entity $(bone_eyes) {transformation: [0f,0f,0f,-0.0903f,0f,0f,0f,1.0929f,0f,0f,0f,0.3671f,0f,0f,0f,1f],start_interpolation: 0,interpolation_duration: 1}
$data merge entity $(bone_head) {transformation: [-0.9757f,-0.2191f,-0.0011f,0f,-0.0942f,0.4149f,0.905f,1.1791f,-0.1979f,0.8831f,-0.4255f,-0.0403f,0f,0f,0f,1f],start_interpolation: 0,interpolation_duration: 1}
$data merge entity $(bone_fabric_overray) {transformation: [-1f,0f,0f,0f,0f,0.8908f,0.4545f,1.1791f,0f,0.4545f,-0.8908f,-0.0403f,0f,0f,0f,1f],start_interpolation: 0,interpolation_duration: 1}
$data merge entity $(bone_fabric) {transformation: [-1f,0f,0f,0f,0f,0.8908f,0.4545f,1.1791f,0f,0.4545f,-0.8908f,-0.0403f,0f,0f,0f,1f],start_interpolation: 0,interpolation_duration: 1}
$data merge entity $(bone_bone_overray) {transformation: [-1f,0f,0f,0f,0f,0.9537f,0.3007f,1.1791f,0f,0.3007f,-0.9537f,-0.0403f,0f,0f,0f,1f],start_interpolation: 0,interpolation_duration: 1}
$data merge entity $(bone_bone) {transformation: [-1f,0f,0f,0f,0f,0.9537f,0.3007f,1.1791f,0f,0.3007f,-0.9537f,-0.0403f,0f,0f,0f,1f],start_interpolation: 0,interpolation_duration: 1}
$data merge entity $(bone_left_arm1) {transformation: [-0.9276f,-0.3571f,-0.1094f,0.25f,-0.3472f,0.9325f,-0.0996f,1.1171f,0.1376f,-0.0544f,-0.989f,-0.0321f,0f,0f,0f,1f],start_interpolation: 0,interpolation_duration: 1}
$data merge entity $(bone_right_arm1) {transformation: [-0.9276f,0.3571f,0.1094f,-0.25f,0.3472f,0.9325f,-0.0996f,1.1171f,-0.1376f,-0.0544f,-0.989f,-0.0321f,0f,0f,0f,1f],start_interpolation: 0,interpolation_duration: 1}
data modify entity @s data merge value {"cameras":{},"locators":{"mouse":{"posx":-0.02026440105333164,"posy":0.9917210162277337,"posz":0.14891040193601007,"roty":359.84892198567275,"rotx":64.81674406012694},"left_arm":{"posx":0.5534806058703184,"posy":0.4977130071382615,"posz":-0.0032625670747946124,"roty":353.6894902020617,"rotx":-5.717848519073988},"right_arm":{"posx":-0.5534806058703184,"posy":0.4977130071382615,"posz":-0.0032625670747947373,"roty":6.310509797938323,"rotx":-5.717848519073988}}}