# This file was generated by Animated Java via MC-Build. It is not recommended to edit this file directly.
$data merge entity $(bone_eyes) {transformation: [0f,0f,0f,-0.0897f,0f,0f,0f,1.0894f,0f,0f,0f,0.367f,0f,0f,0f,1f],start_interpolation: 0,interpolation_duration: 1}
$data merge entity $(bone_head) {transformation: [-0.9763f,-0.2164f,0f,0f,-0.0915f,0.4126f,0.9063f,1.1767f,-0.1962f,0.8848f,-0.4226f,-0.0403f,0f,0f,0f,1f],start_interpolation: 0,interpolation_duration: 1}
$data merge entity $(bone_fabric_overray) {transformation: [-1f,0f,0f,0f,0f,0.887f,0.4617f,1.1767f,0f,0.4617f,-0.887f,-0.0403f,0f,0f,0f,1f],start_interpolation: 0,interpolation_duration: 1}
$data merge entity $(bone_fabric) {transformation: [-1f,0f,0f,0f,0f,0.887f,0.4617f,1.1767f,0f,0.4617f,-0.887f,-0.0403f,0f,0f,0f,1f],start_interpolation: 0,interpolation_duration: 1}
$data merge entity $(bone_bone_overray) {transformation: [-1f,0f,0f,0f,0f,0.9537f,0.3007f,1.1767f,0f,0.3007f,-0.9537f,-0.0403f,0f,0f,0f,1f],start_interpolation: 0,interpolation_duration: 1}
$data merge entity $(bone_bone) {transformation: [-1f,0f,0f,0f,0f,0.9537f,0.3007f,1.1767f,0f,0.3007f,-0.9537f,-0.0403f,0f,0f,0f,1f],start_interpolation: 0,interpolation_duration: 1}
$data merge entity $(bone_left_arm1) {transformation: [-0.927f,-0.3586f,-0.1094f,0.25f,-0.3488f,0.9319f,-0.0996f,1.1147f,0.1377f,-0.0542f,-0.989f,-0.0321f,0f,0f,0f,1f],start_interpolation: 0,interpolation_duration: 1}
$data merge entity $(bone_right_arm1) {transformation: [-0.927f,0.3586f,0.1094f,-0.25f,0.3488f,0.9319f,-0.0996f,1.1147f,-0.1377f,-0.0542f,-0.989f,-0.0321f,0f,0f,0f,1f],start_interpolation: 0,interpolation_duration: 1}
data modify entity @s data merge value {"cameras":{},"locators":{"mouse":{"posx":-0.02029121380650587,"posy":0.9887729842946205,"posz":0.1483521396905524,"roty":359.9999999999726,"rotx":64.99999999997618},"left_arm":{"posx":0.5545063663228655,"posy":0.4958199269861292,"posz":-0.0034313951483382933,"roty":353.6888024049159,"rotx":-5.717681947052446},"right_arm":{"posx":-0.5545063663228655,"posy":0.4958199269861292,"posz":-0.003431395148338418,"roty":6.31119759508411,"rotx":-5.717681947052446}}}