# This file was generated by Animated Java via MC-Build. It is not recommended to edit this file directly.
$data merge entity $(bone_eyes) {transformation: [0f,0f,0f,-0.0873f,0f,0f,0f,1.0945f,0f,0f,0f,0.3681f,0f,0f,0f,1f],start_interpolation: 0,interpolation_duration: 1}
$data merge entity $(bone_head) {transformation: [-0.9783f,-0.207f,0.0035f,0f,-0.0854f,0.4187f,0.9041f,1.1791f,-0.1886f,0.8842f,-0.4272f,-0.0403f,0f,0f,0f,1f],start_interpolation: 0,interpolation_duration: 1}
$data merge entity $(bone_fabric_overray) {transformation: [-1f,0f,0f,0f,0f,0.8798f,0.4753f,1.1791f,0f,0.4753f,-0.8798f,-0.0403f,0f,0f,0f,1f],start_interpolation: 0,interpolation_duration: 1}
$data merge entity $(bone_fabric) {transformation: [-1f,0f,0f,0f,0f,0.8798f,0.4753f,1.1791f,0f,0.4753f,-0.8798f,-0.0403f,0f,0f,0f,1f],start_interpolation: 0,interpolation_duration: 1}
$data merge entity $(bone_bone_overray) {transformation: [-1f,0f,0f,0f,0f,0.9537f,0.3007f,1.1791f,0f,0.3007f,-0.9537f,-0.0403f,0f,0f,0f,1f],start_interpolation: 0,interpolation_duration: 1}
$data merge entity $(bone_bone) {transformation: [-1f,0f,0f,0f,0f,0.9537f,0.3007f,1.1791f,0f,0.3007f,-0.9537f,-0.0403f,0f,0f,0f,1f],start_interpolation: 0,interpolation_duration: 1}
$data merge entity $(bone_left_arm1) {transformation: [-0.9276f,-0.3571f,-0.1094f,0.25f,-0.3472f,0.9325f,-0.0996f,1.1171f,0.1376f,-0.0544f,-0.989f,-0.0321f,0f,0f,0f,1f],start_interpolation: 0,interpolation_duration: 1}
$data merge entity $(bone_right_arm1) {transformation: [-0.9276f,0.3571f,0.1094f,-0.25f,0.3472f,0.9325f,-0.0996f,1.1171f,-0.1376f,-0.0544f,-0.989f,-0.0321f,0f,0f,0f,1f],start_interpolation: 0,interpolation_duration: 1}
data modify entity @s data merge value {"cameras":{},"locators":{"mouse":{"posx":-0.020285214028091712,"posy":0.9922740707546427,"posz":0.14945428904589647,"roty":0.47011404575960114,"rotx":64.70605280021833},"left_arm":{"posx":0.5534806058703186,"posy":0.4977130071382615,"posz":-0.0032625670747946055,"roty":353.6894902020617,"rotx":-5.717848519073989},"right_arm":{"posx":-0.5534806058703186,"posy":0.4977130071382615,"posz":-0.0032625670747947304,"roty":6.310509797938323,"rotx":-5.717848519073989}}}