# This file was generated by Animated Java via MC-Build. It is not recommended to edit this file directly.
$data merge entity $(bone_eyes) {transformation: [0f,0f,0f,-0.083f,0f,0f,0f,1.1077f,0f,0f,0f,0.3703f,0f,0f,0f,1f],start_interpolation: 0,interpolation_duration: 1}
$data merge entity $(bone_head) {transformation: [-0.9817f,-0.1901f,0.0093f,0f,-0.0753f,0.4329f,0.8983f,1.1858f,-0.1748f,0.8812f,-0.4393f,-0.0403f,0f,0f,0f,1f],start_interpolation: 0,interpolation_duration: 1}
$data merge entity $(bone_fabric_overray) {transformation: [-1f,0f,0f,0f,0f,0.8729f,0.4878f,1.1858f,0f,0.4878f,-0.8729f,-0.0403f,0f,0f,0f,1f],start_interpolation: 0,interpolation_duration: 1}
$data merge entity $(bone_fabric) {transformation: [-1f,0f,0f,0f,0f,0.8729f,0.4878f,1.1858f,0f,0.4878f,-0.8729f,-0.0403f,0f,0f,0f,1f],start_interpolation: 0,interpolation_duration: 1}
$data merge entity $(bone_bone_overray) {transformation: [-1f,0f,0f,0f,0f,0.9537f,0.3007f,1.1858f,0f,0.3007f,-0.9537f,-0.0403f,0f,0f,0f,1f],start_interpolation: 0,interpolation_duration: 1}
$data merge entity $(bone_bone) {transformation: [-1f,0f,0f,0f,0f,0.9537f,0.3007f,1.1858f,0f,0.3007f,-0.9537f,-0.0403f,0f,0f,0f,1f],start_interpolation: 0,interpolation_duration: 1}
$data merge entity $(bone_left_arm1) {transformation: [-0.9293f,-0.3527f,-0.1093f,0.25f,-0.3428f,0.9341f,-0.0996f,1.1238f,0.1373f,-0.0551f,-0.989f,-0.0321f,0f,0f,0f,1f],start_interpolation: 0,interpolation_duration: 1}
$data merge entity $(bone_right_arm1) {transformation: [-0.9293f,0.3527f,0.1093f,-0.25f,0.3428f,0.9341f,-0.0996f,1.1238f,-0.1373f,-0.0551f,-0.989f,-0.0321f,0f,0f,0f,1f],start_interpolation: 0,interpolation_duration: 1}
data modify entity @s data merge value {"cameras":{},"locators":{"mouse":{"posx":-0.020148516614422563,"posy":1.0017957654523104,"posz":0.1521848507908452,"roty":1.212926754799497,"rotx":63.932943585568346},"left_arm":{"posx":0.5505896010604341,"posy":0.50304924687481,"posz":-0.002788705705464623,"roty":353.6913284425584,"rotx":-5.718302046650647},"right_arm":{"posx":-0.5505896010604341,"posy":0.50304924687481,"posz":-0.002788705705464748,"roty":6.308671557441585,"rotx":-5.718302046650645}}}