# This file was generated by Animated Java via MC-Build. It is not recommended to edit this file directly.
$data merge entity $(bone_eyes) {transformation: [0f,0f,0f,-0.0768f,0f,0f,0f,1.1278f,0f,0f,0f,0.3732f,0f,0f,0f,1f],start_interpolation: 0,interpolation_duration: 1}
$data merge entity $(bone_head) {transformation: [-0.9859f,-0.1667f,0.0163f,0f,-0.062f,0.4536f,0.889f,1.1962f,-0.1556f,0.8755f,-0.4576f,-0.0403f,0f,0f,0f,1f],start_interpolation: 0,interpolation_duration: 1}
$data merge entity $(bone_fabric_overray) {transformation: [-1f,0f,0f,0f,0f,0.867f,0.4982f,1.1962f,0f,0.4982f,-0.867f,-0.0403f,0f,0f,0f,1f],start_interpolation: 0,interpolation_duration: 1}
$data merge entity $(bone_fabric) {transformation: [-1f,0f,0f,0f,0f,0.867f,0.4982f,1.1962f,0f,0.4982f,-0.867f,-0.0403f,0f,0f,0f,1f],start_interpolation: 0,interpolation_duration: 1}
$data merge entity $(bone_bone_overray) {transformation: [-1f,0f,0f,0f,0f,0.9537f,0.3007f,1.1962f,0f,0.3007f,-0.9537f,-0.0403f,0f,0f,0f,1f],start_interpolation: 0,interpolation_duration: 1}
$data merge entity $(bone_bone) {transformation: [-1f,0f,0f,0f,0f,0.9537f,0.3007f,1.1962f,0f,0.3007f,-0.9537f,-0.0403f,0f,0f,0f,1f],start_interpolation: 0,interpolation_duration: 1}
$data merge entity $(bone_left_arm1) {transformation: [-0.9319f,-0.346f,-0.1093f,0.25f,-0.336f,0.9366f,-0.0996f,1.1342f,0.1368f,-0.0561f,-0.989f,-0.0321f,0f,0f,0f,1f],start_interpolation: 0,interpolation_duration: 1}
$data merge entity $(bone_right_arm1) {transformation: [-0.9319f,0.346f,0.1093f,-0.25f,0.336f,0.9366f,-0.0996f,1.1342f,-0.1368f,-0.0561f,-0.989f,-0.0321f,0f,0f,0f,1f],start_interpolation: 0,interpolation_duration: 1}
data modify entity @s data merge value {"cameras":{},"locators":{"mouse":{"posx":-0.019713380629098175,"posy":1.0164419733801855,"posz":0.1562109661077646,"roty":2.046333569775868,"rotx":62.75095042141308},"left_arm":{"posx":0.5461085671399171,"posy":0.5113229239445308,"posz":-0.002059902989325176,"roty":353.693887775599,"rotx":-5.718956316657108},"right_arm":{"posx":-0.5461085671399171,"posy":0.5113229239445308,"posz":-0.002059902989325301,"roty":6.3061122244010335,"rotx":-5.718956316657108}}}