# This file was generated by Animated Java via MC-Build. It is not recommended to edit this file directly.
$data merge entity $(bone_eyes) {transformation: [0f,0f,0f,-0.0687f,0f,0f,0f,1.1533f,0f,0f,0f,0.3764f,0f,0f,0f,1f],start_interpolation: 0,interpolation_duration: 1}
$data merge entity $(bone_head) {transformation: [-0.9902f,-0.1377f,0.0235f,0f,-0.0458f,0.479f,0.8766f,1.2096f,-0.132f,0.8669f,-0.4806f,-0.0403f,0f,0f,0f,1f],start_interpolation: 0,interpolation_duration: 1}
$data merge entity $(bone_fabric_overray) {transformation: [-1f,0f,0f,0f,0f,0.8628f,0.5056f,1.2096f,0f,0.5056f,-0.8628f,-0.0403f,0f,0f,0f,1f],start_interpolation: 0,interpolation_duration: 1}
$data merge entity $(bone_fabric) {transformation: [-1f,0f,0f,0f,0f,0.8628f,0.5056f,1.2096f,0f,0.5056f,-0.8628f,-0.0403f,0f,0f,0f,1f],start_interpolation: 0,interpolation_duration: 1}
$data merge entity $(bone_bone_overray) {transformation: [-1f,0f,0f,0f,0f,0.9537f,0.3007f,1.2096f,0f,0.3007f,-0.9537f,-0.0403f,0f,0f,0f,1f],start_interpolation: 0,interpolation_duration: 1}
$data merge entity $(bone_bone) {transformation: [-1f,0f,0f,0f,0f,0.9537f,0.3007f,1.2096f,0f,0.3007f,-0.9537f,-0.0403f,0f,0f,0f,1f],start_interpolation: 0,interpolation_duration: 1}
$data merge entity $(bone_left_arm1) {transformation: [-0.935f,-0.3373f,-0.1092f,0.25f,-0.3273f,0.9397f,-0.0997f,1.1476f,0.1363f,-0.0574f,-0.989f,-0.0321f,0f,0f,0f,1f],start_interpolation: 0,interpolation_duration: 1}
$data merge entity $(bone_right_arm1) {transformation: [-0.935f,0.3373f,0.1092f,-0.25f,0.3273f,0.9397f,-0.0997f,1.1476f,-0.1363f,-0.0574f,-0.989f,-0.0321f,0f,0f,0f,1f],start_interpolation: 0,interpolation_duration: 1}
data modify entity @s data merge value {"cameras":{},"locators":{"mouse":{"posx":-0.0187929676727136,"posy":1.035315655249081,"posz":0.161179267823916,"roty":2.80123468616506,"rotx":61.23526179954897},"left_arm":{"posx":0.5403104048747731,"posy":0.5220338776870147,"posz":-0.0011269848594220727,"roty":353.69668334412574,"rotx":-5.719708942590659},"right_arm":{"posx":-0.5403104048747731,"posy":0.5220338776870147,"posz":-0.0011269848594221976,"roty":6.303316655874255,"rotx":-5.719708942590661}}}