# This file was generated by Animated Java via MC-Build. It is not recommended to edit this file directly.
$data merge entity $(bone_eyes) {transformation: [0f,0f,0f,-0.0277f,0f,0f,0f,1.4056f,0f,0f,0f,0.3819f,0f,0f,0f,1f],start_interpolation: 0,interpolation_duration: 1}
$data merge entity $(bone_head) {transformation: [-0.9995f,-0.0306f,0.0062f,0f,-0.0164f,0.6821f,0.731f,1.3551f,-0.0266f,0.7306f,-0.6823f,-0.0403f,0f,0f,0f,1f],start_interpolation: 0,interpolation_duration: 1}
$data merge entity $(bone_fabric_overray) {transformation: [-1f,0f,0f,0f,0f,0.9489f,0.3155f,1.3551f,0f,0.3155f,-0.9489f,-0.0403f,0f,0f,0f,1f],start_interpolation: 0,interpolation_duration: 1}
$data merge entity $(bone_fabric) {transformation: [-1f,0f,0f,0f,0f,0.9489f,0.3155f,1.3551f,0f,0.3155f,-0.9489f,-0.0403f,0f,0f,0f,1f],start_interpolation: 0,interpolation_duration: 1}
$data merge entity $(bone_bone_overray) {transformation: [-1f,0f,0f,0f,0f,0.9537f,0.3007f,1.3551f,0f,0.3007f,-0.9537f,-0.0403f,0f,0f,0f,1f],start_interpolation: 0,interpolation_duration: 1}
$data merge entity $(bone_bone) {transformation: [-1f,0f,0f,0f,0f,0.9537f,0.3007f,1.3551f,0f,0.3007f,-0.9537f,-0.0403f,0f,0f,0f,1f],start_interpolation: 0,interpolation_duration: 1}
$data merge entity $(bone_left_arm1) {transformation: [-0.9644f,-0.2407f,-0.1093f,0.25f,-0.2303f,0.968f,-0.0996f,1.2931f,0.1298f,-0.0709f,-0.989f,-0.0321f,0f,0f,0f,1f],start_interpolation: 0,interpolation_duration: 1}
$data merge entity $(bone_right_arm1) {transformation: [-0.9644f,0.2407f,0.1093f,-0.25f,0.2303f,0.968f,-0.0996f,1.2931f,-0.1298f,-0.0709f,-0.989f,-0.0321f,0f,0f,0f,1f],start_interpolation: 0,interpolation_duration: 1}
data modify entity @s data merge value {"cameras":{},"locators":{"mouse":{"posx":-0.004416127721840714,"posy":1.2362497436653659,"posz":0.19881485838413077,"roty":0.51992693596236,"rotx":46.97323919754899},"left_arm":{"posx":0.47576376068334847,"posy":0.6419841906086552,"posz":0.008542563043772967,"roty":353.6912707077853,"rotx":-5.718497811711653},"right_arm":{"posx":-0.47576376068334847,"posy":0.6419841906086552,"posz":0.008542563043772856,"roty":6.3087292922147356,"rotx":-5.718497811711651}}}