# This file was generated by Animated Java via MC-Build. It is not recommended to edit this file directly.
$data merge entity $(bone_eyes) {transformation: [0f,0f,0f,-0.0589f,0f,0f,0f,1.1828f,0f,0f,0f,0.3796f,0f,0f,0f,1f],start_interpolation: 0,interpolation_duration: 1}
$data merge entity $(bone_head) {transformation: [-0.9941f,-0.1044f,0.0297f,0f,-0.0275f,0.5073f,0.8613f,1.2253f,-0.105f,0.8554f,-0.5072f,-0.0403f,0f,0f,0f,1f],start_interpolation: 0,interpolation_duration: 1}
$data merge entity $(bone_fabric_overray) {transformation: [-1f,0f,0f,0f,0f,0.8608f,0.509f,1.2253f,0f,0.509f,-0.8608f,-0.0403f,0f,0f,0f,1f],start_interpolation: 0,interpolation_duration: 1}
$data merge entity $(bone_fabric) {transformation: [-1f,0f,0f,0f,0f,0.8608f,0.509f,1.2253f,0f,0.509f,-0.8608f,-0.0403f,0f,0f,0f,1f],start_interpolation: 0,interpolation_duration: 1}
$data merge entity $(bone_bone_overray) {transformation: [-1f,0f,0f,0f,0f,0.9537f,0.3007f,1.2253f,0f,0.3007f,-0.9537f,-0.0403f,0f,0f,0f,1f],start_interpolation: 0,interpolation_duration: 1}
$data merge entity $(bone_bone) {transformation: [-1f,0f,0f,0f,0f,0.9537f,0.3007f,1.2253f,0f,0.3007f,-0.9537f,-0.0403f,0f,0f,0f,1f],start_interpolation: 0,interpolation_duration: 1}
$data merge entity $(bone_left_arm1) {transformation: [-0.9387f,-0.327f,-0.1092f,0.25f,-0.317f,0.9432f,-0.0997f,1.1633f,0.1356f,-0.059f,-0.989f,-0.0321f,0f,0f,0f,1f],start_interpolation: 0,interpolation_duration: 1}
$data merge entity $(bone_right_arm1) {transformation: [-0.9387f,0.327f,0.1092f,-0.25f,0.317f,0.9432f,-0.0997f,1.1633f,-0.1356f,-0.059f,-0.989f,-0.0321f,0f,0f,0f,1f],start_interpolation: 0,interpolation_duration: 1}
data modify entity @s data merge value {"cameras":{},"locators":{"mouse":{"posx":-0.017224824613256574,"posy":1.0575037228913013,"posz":0.16673215657595336,"roty":3.3554376355155284,"rotx":59.46702768624283},"left_arm":{"posx":0.5334691644909406,"posy":0.5346808959197749,"posz":-0.000040639653712176704,"roty":353.6992461004469,"rotx":-5.720449406052801},"right_arm":{"posx":-0.5334691644909406,"posy":0.5346808959197749,"posz":-0.00004063965371230854,"roty":6.300753899553143,"rotx":-5.720449406052801}}}