# This file was generated by Animated Java via MC-Build. It is not recommended to edit this file directly.
$data merge entity $(bone_eyes) {transformation: [0f,0f,0f,-0.0475f,0f,0f,0f,1.2151f,0f,0f,0f,0.3823f,0f,0f,0f,1f],start_interpolation: 0,interpolation_duration: 1}
$data merge entity $(bone_head) {transformation: [-0.9971f,-0.068f,0.0341f,0f,-0.0077f,0.5368f,0.8437f,1.2427f,-0.0757f,0.841f,-0.5358f,-0.0403f,0f,0f,0f,1f],start_interpolation: 0,interpolation_duration: 1}
$data merge entity $(bone_fabric_overray) {transformation: [-1f,0f,0f,0f,0f,0.8617f,0.5075f,1.2427f,0f,0.5075f,-0.8617f,-0.0403f,0f,0f,0f,1f],start_interpolation: 0,interpolation_duration: 1}
$data merge entity $(bone_fabric) {transformation: [-1f,0f,0f,0f,0f,0.8617f,0.5075f,1.2427f,0f,0.5075f,-0.8617f,-0.0403f,0f,0f,0f,1f],start_interpolation: 0,interpolation_duration: 1}
$data merge entity $(bone_bone_overray) {transformation: [-1f,0f,0f,0f,0f,0.9537f,0.3007f,1.2427f,0f,0.3007f,-0.9537f,-0.0403f,0f,0f,0f,1f],start_interpolation: 0,interpolation_duration: 1}
$data merge entity $(bone_bone) {transformation: [-1f,0f,0f,0f,0f,0.9537f,0.3007f,1.2427f,0f,0.3007f,-0.9537f,-0.0403f,0f,0f,0f,1f],start_interpolation: 0,interpolation_duration: 1}
$data merge entity $(bone_left_arm1) {transformation: [-0.9426f,-0.3156f,-0.1092f,0.25f,-0.3055f,0.947f,-0.0997f,1.1807f,0.1348f,-0.0606f,-0.989f,-0.0321f,0f,0f,0f,1f],start_interpolation: 0,interpolation_duration: 1}
$data merge entity $(bone_right_arm1) {transformation: [-0.9426f,0.3156f,0.1092f,-0.25f,0.3055f,0.947f,-0.0997f,1.1807f,-0.1348f,-0.0606f,-0.989f,-0.0321f,0f,0f,0f,1f],start_interpolation: 0,interpolation_duration: 1}
data modify entity @s data merge value {"cameras":{},"locators":{"mouse":{"posx":-0.014904978210137912,"posy":1.0820704534160634,"posz":0.17252479278697688,"roty":3.643471094338963,"rotx":57.531397364681375},"left_arm":{"posx":0.5258626593084484,"posy":0.5487563469543413,"posz":0.0011492896874125344,"roty":353.7011793367239,"rotx":-5.7210687223070495},"right_arm":{"posx":-0.5258626593084484,"posy":0.5487563469543413,"posz":0.0011492896874124095,"roty":6.2988206632761035,"rotx":-5.72106872230705}}}