# This file was generated by Animated Java via MC-Build. It is not recommended to edit this file directly.
$data merge entity $(bone_eyes) {transformation: [0f,0f,0f,-0.0079f,0f,0f,0f,1.3151f,0f,0f,0f,0.3854f,0f,0f,0f,1f],start_interpolation: 0,interpolation_duration: 1}
$data merge entity $(bone_head) {transformation: [-0.9984f,0.0459f,0.0319f,0f,0.0535f,0.6194f,0.7833f,1.2982f,0.0162f,0.7837f,-0.6209f,-0.0403f,0f,0f,0f,1f],start_interpolation: 0,interpolation_duration: 1}
$data merge entity $(bone_fabric_overray) {transformation: [-1f,0f,0f,0f,0f,0.8883f,0.4593f,1.2982f,0f,0.4593f,-0.8883f,-0.0403f,0f,0f,0f,1f],start_interpolation: 0,interpolation_duration: 1}
$data merge entity $(bone_fabric) {transformation: [-1f,0f,0f,0f,0f,0.8883f,0.4593f,1.2982f,0f,0.4593f,-0.8883f,-0.0403f,0f,0f,0f,1f],start_interpolation: 0,interpolation_duration: 1}
$data merge entity $(bone_bone_overray) {transformation: [-1f,0f,0f,0f,0f,0.9537f,0.3007f,1.2982f,0f,0.3007f,-0.9537f,-0.0403f,0f,0f,0f,1f],start_interpolation: 0,interpolation_duration: 1}
$data merge entity $(bone_bone) {transformation: [-1f,0f,0f,0f,0f,0.9537f,0.3007f,1.2982f,0f,0.3007f,-0.9537f,-0.0403f,0f,0f,0f,1f],start_interpolation: 0,interpolation_duration: 1}
$data merge entity $(bone_left_arm1) {transformation: [-0.9541f,-0.2788f,-0.1092f,0.25f,-0.2686f,0.9581f,-0.0997f,1.2362f,0.1324f,-0.0658f,-0.989f,-0.0321f,0f,0f,0f,1f],start_interpolation: 0,interpolation_duration: 1}
$data merge entity $(bone_right_arm1) {transformation: [-0.9541f,0.2788f,0.1092f,-0.25f,0.2686f,0.9581f,-0.0997f,1.2362f,-0.1324f,-0.0658f,-0.989f,-0.0321f,0f,0f,0f,1f],start_interpolation: 0,interpolation_duration: 1}
data modify entity @s data merge value {"cameras":{},"locators":{"mouse":{"posx":-0.003684195282970562,"posy":1.160424556063823,"posz":0.18844169461368154,"roty":2.9451556627637387,"rotx":51.55916217409065},"left_arm":{"posx":0.5013168562245528,"posy":0.5943029063367117,"posz":0.004865101826855442,"roty":353.7010859174587,"rotx":-5.721385496646965},"right_arm":{"posx":-0.5013168562245528,"posy":0.5943029063367117,"posz":0.004865101826855338,"roty":6.298914082541302,"rotx":-5.721385496646966}}}