# This file was generated by Animated Java via MC-Build. It is not recommended to edit this file directly.
$data merge entity $(bone_eyes) {transformation: [0f,0f,0f,0.0055f,0f,0f,0f,1.3455f,0f,0f,0f,0.3847f,0f,0f,0f,1f],start_interpolation: 0,interpolation_duration: 1}
$data merge entity $(bone_head) {transformation: [-0.9964f,0.0806f,0.0265f,0f,0.0722f,0.6418f,0.7634f,1.3156f,0.0445f,0.7626f,-0.6453f,-0.0403f,0f,0f,0f,1f],start_interpolation: 0,interpolation_duration: 1}
$data merge entity $(bone_fabric_overray) {transformation: [-1f,0f,0f,0f,0f,0.904f,0.4276f,1.3156f,0f,0.4276f,-0.904f,-0.0403f,0f,0f,0f,1f],start_interpolation: 0,interpolation_duration: 1}
$data merge entity $(bone_fabric) {transformation: [-1f,0f,0f,0f,0f,0.904f,0.4276f,1.3156f,0f,0.4276f,-0.904f,-0.0403f,0f,0f,0f,1f],start_interpolation: 0,interpolation_duration: 1}
$data merge entity $(bone_bone_overray) {transformation: [-1f,0f,0f,0f,0f,0.9537f,0.3007f,1.3156f,0f,0.3007f,-0.9537f,-0.0403f,0f,0f,0f,1f],start_interpolation: 0,interpolation_duration: 1}
$data merge entity $(bone_bone) {transformation: [-1f,0f,0f,0f,0f,0.9537f,0.3007f,1.3156f,0f,0.3007f,-0.9537f,-0.0403f,0f,0f,0f,1f],start_interpolation: 0,interpolation_duration: 1}
$data merge entity $(bone_left_arm1) {transformation: [-0.9574f,-0.2672f,-0.1092f,0.25f,-0.2569f,0.9613f,-0.0997f,1.2536f,0.1316f,-0.0674f,-0.989f,-0.0321f,0f,0f,0f,1f],start_interpolation: 0,interpolation_duration: 1}
$data merge entity $(bone_right_arm1) {transformation: [-0.9574f,0.2672f,0.1092f,-0.25f,0.2569f,0.9613f,-0.0997f,1.2536f,-0.1316f,-0.0674f,-0.989f,-0.0321f,0f,0f,0f,1f],start_interpolation: 0,interpolation_duration: 1}
data modify entity @s data merge value {"cameras":{},"locators":{"mouse":{"posx":0.0009334208579401716,"posy":1.1848705584042167,"posz":0.1925737581028422,"roty":2.3499957940927914,"rotx":49.768065215421466},"left_arm":{"posx":0.4935465463107012,"posy":0.6087697977306399,"posz":0.006003372594523763,"roty":353.69911816748856,"rotx":-5.720883209293428},"right_arm":{"posx":-0.4935465463107012,"posy":0.6087697977306399,"posz":0.006003372594523652,"roty":6.300881832511493,"rotx":-5.720883209293428}}}