# This file was generated by Animated Java via MC-Build. It is not recommended to edit this file directly.
$data merge entity $(bone_eyes) {transformation: [0f,0f,0f,0.0178f,0f,0f,0f,1.3725f,0f,0f,0f,0.3834f,0f,0f,0f,1f],start_interpolation: 0,interpolation_duration: 1}
$data merge entity $(bone_head) {transformation: [-0.9936f,0.1114f,0.0197f,0f,0.0888f,0.6608f,0.7453f,1.3313f,0.07f,0.7423f,-0.6664f,-0.0403f,0f,0f,0f,1f],start_interpolation: 0,interpolation_duration: 1}
$data merge entity $(bone_fabric_overray) {transformation: [-1f,0f,0f,0f,0f,0.9197f,0.3927f,1.3313f,0f,0.3927f,-0.9197f,-0.0403f,0f,0f,0f,1f],start_interpolation: 0,interpolation_duration: 1}
$data merge entity $(bone_fabric) {transformation: [-1f,0f,0f,0f,0f,0.9197f,0.3927f,1.3313f,0f,0.3927f,-0.9197f,-0.0403f,0f,0f,0f,1f],start_interpolation: 0,interpolation_duration: 1}
$data merge entity $(bone_bone_overray) {transformation: [-1f,0f,0f,0f,0f,0.9537f,0.3007f,1.3313f,0f,0.3007f,-0.9537f,-0.0403f,0f,0f,0f,1f],start_interpolation: 0,interpolation_duration: 1}
$data merge entity $(bone_bone) {transformation: [-1f,0f,0f,0f,0f,0.9537f,0.3007f,1.3313f,0f,0.3007f,-0.9537f,-0.0403f,0f,0f,0f,1f],start_interpolation: 0,interpolation_duration: 1}
$data merge entity $(bone_left_arm1) {transformation: [-0.9603f,-0.2567f,-0.1092f,0.25f,-0.2463f,0.964f,-0.0997f,1.2693f,0.1309f,-0.0688f,-0.989f,-0.0321f,0f,0f,0f,1f],start_interpolation: 0,interpolation_duration: 1}
$data merge entity $(bone_right_arm1) {transformation: [-0.9603f,0.2567f,0.1092f,-0.25f,0.2463f,0.964f,-0.0997f,1.2693f,-0.1309f,-0.0688f,-0.989f,-0.0321f,0f,0f,0f,1f],start_interpolation: 0,interpolation_duration: 1}
data modify entity @s data merge value {"cameras":{},"locators":{"mouse":{"posx":0.005520883204904549,"posy":1.2068976744919229,"posz":0.1959394255310386,"roty":1.6920021645411794,"rotx":48.18621103331248},"left_arm":{"posx":0.4864899457249983,"posy":0.6219314488292429,"posz":0.007021801432192103,"roty":353.69655343914826,"rotx":-5.720149428431368},"right_arm":{"posx":-0.4864899457249983,"posy":0.6219314488292429,"posz":0.007021801432191999,"roty":6.303446560851796,"rotx":-5.720149428431368}}}