# This file was generated by Animated Java via MC-Build. It is not recommended to edit this file directly.
$data merge entity $(bone_eyes) {transformation: [0f,0f,0f,0.0424f,0f,0f,0f,1.4238f,0f,0f,0f,0.3791f,0f,0f,0f,1f],start_interpolation: 0,interpolation_duration: 1}
$data merge entity $(bone_head) {transformation: [-0.9856f,0.1692f,0.0017f,0f,0.1204f,0.694f,0.7099f,1.3618f,0.119f,0.6998f,-0.7043f,-0.0403f,0f,0f,0f,1f],start_interpolation: 0,interpolation_duration: 1}
$data merge entity $(bone_fabric_overray) {transformation: [-1f,0f,0f,0f,0f,0.9512f,0.3085f,1.3618f,0f,0.3085f,-0.9512f,-0.0403f,0f,0f,0f,1f],start_interpolation: 0,interpolation_duration: 1}
$data merge entity $(bone_fabric) {transformation: [-1f,0f,0f,0f,0f,0.9512f,0.3085f,1.3618f,0f,0.3085f,-0.9512f,-0.0403f,0f,0f,0f,1f],start_interpolation: 0,interpolation_duration: 1}
$data merge entity $(bone_bone_overray) {transformation: [-1f,0f,0f,0f,0f,0.9537f,0.3007f,1.3618f,0f,0.3007f,-0.9537f,-0.0403f,0f,0f,0f,1f],start_interpolation: 0,interpolation_duration: 1}
$data merge entity $(bone_bone) {transformation: [-1f,0f,0f,0f,0f,0.9537f,0.3007f,1.3618f,0f,0.3007f,-0.9537f,-0.0403f,0f,0f,0f,1f],start_interpolation: 0,interpolation_duration: 1}
$data merge entity $(bone_left_arm1) {transformation: [-0.9655f,-0.2362f,-0.1094f,0.25f,-0.2258f,0.9691f,-0.0996f,1.2998f,0.1295f,-0.0715f,-0.989f,-0.0321f,0f,0f,0f,1f],start_interpolation: 0,interpolation_duration: 1}
$data merge entity $(bone_right_arm1) {transformation: [-0.9655f,0.2362f,0.1094f,-0.25f,0.2258f,0.9691f,-0.0996f,1.2998f,-0.1295f,-0.0715f,-0.989f,-0.0321f,0f,0f,0f,1f],start_interpolation: 0,interpolation_duration: 1}
data modify entity @s data merge value {"cameras":{},"locators":{"mouse":{"posx":0.015449164177906918,"posy":1.249366391357304,"posz":0.20143436746232324,"roty":0.13587747589352261,"rotx":45.22565938318347},"left_arm":{"posx":0.47271992447168953,"posy":0.6476856221751792,"posz":0.00896822980944608,"roty":353.6894732471941,"rotx":-5.717906008820346},"right_arm":{"posx":-0.47271992447168953,"posy":0.6476856221751792,"posz":0.008968229809445977,"roty":6.310526752805941,"rotx":-5.717906008820348}}}