# This file was generated by Animated Java via MC-Build. It is not recommended to edit this file directly.
$data merge entity $(bone_eyes) {transformation: [0f,0f,0f,-0.0349f,0f,0f,0f,1.3847f,0f,0f,0f,0.3825f,0f,0f,0f,1f],start_interpolation: 0,interpolation_duration: 1}
$data merge entity $(bone_head) {transformation: [-0.9987f,-0.0491f,0.0095f,0f,-0.0255f,0.6639f,0.7474f,1.3447f,-0.043f,0.7462f,-0.6643f,-0.0403f,0f,0f,0f,1f],start_interpolation: 0,interpolation_duration: 1}
$data merge entity $(bone_fabric_overray) {transformation: [-1f,0f,0f,0f,0f,0.9456f,0.3252f,1.3447f,0f,0.3252f,-0.9456f,-0.0403f,0f,0f,0f,1f],start_interpolation: 0,interpolation_duration: 1}
$data merge entity $(bone_fabric) {transformation: [-1f,0f,0f,0f,0f,0.9456f,0.3252f,1.3447f,0f,0.3252f,-0.9456f,-0.0403f,0f,0f,0f,1f],start_interpolation: 0,interpolation_duration: 1}
$data merge entity $(bone_bone_overray) {transformation: [-1f,0f,0f,0f,0f,0.9537f,0.3007f,1.3447f,0f,0.3007f,-0.9537f,-0.0403f,0f,0f,0f,1f],start_interpolation: 0,interpolation_duration: 1}
$data merge entity $(bone_bone) {transformation: [-1f,0f,0f,0f,0f,0.9537f,0.3007f,1.3447f,0f,0.3007f,-0.9537f,-0.0403f,0f,0f,0f,1f],start_interpolation: 0,interpolation_duration: 1}
$data merge entity $(bone_left_arm1) {transformation: [-0.9627f,-0.2477f,-0.1093f,0.25f,-0.2373f,0.9663f,-0.0997f,1.2827f,0.1303f,-0.07f,-0.989f,-0.0321f,0f,0f,0f,1f],start_interpolation: 0,interpolation_duration: 1}
$data merge entity $(bone_right_arm1) {transformation: [-0.9627f,0.2477f,0.1093f,-0.25f,0.2373f,0.9663f,-0.0997f,1.2827f,-0.1303f,-0.07f,-0.989f,-0.0321f,0f,0f,0f,1f],start_interpolation: 0,interpolation_duration: 1}
data modify entity @s data merge value {"cameras":{},"locators":{"mouse":{"posx":-0.006976017575144109,"posy":1.2200663733134793,"posz":0.19578482296530342,"roty":0.8181736522406027,"rotx":48.3635434165949},"left_arm":{"posx":0.48045804787405255,"posy":0.6332009351450281,"posz":0.007881009701082548,"roty":353.69378568140564,"rotx":-5.719302497238499},"right_arm":{"posx":-0.48045804787405255,"posy":0.6332009351450281,"posz":0.007881009701082436,"roty":6.306214318594385,"rotx":-5.719302497238501}}}