# This file was generated by Animated Java via MC-Build. It is not recommended to edit this file directly.
$data merge entity $(bone_eyes) {transformation: [-0.9848f,0.1736f,0f,0.0443f,0.1228f,0.6964f,0.7071f,1.4278f,0.1228f,0.6964f,-0.7071f,0.3787f,0f,0f,0f,1f],start_interpolation: 0,interpolation_duration: 1}
$data merge entity $(bone_head) {transformation: [-0.9848f,0.1736f,0f,0f,0.1228f,0.6964f,0.7071f,1.3642f,0.1228f,0.6964f,-0.7071f,-0.0403f,0f,0f,0f,1f],start_interpolation: 0,interpolation_duration: 1}
$data merge entity $(bone_fabric_overray) {transformation: [-1f,0f,0f,0f,0f,0.9537f,0.3007f,1.3642f,0f,0.3007f,-0.9537f,-0.0403f,0f,0f,0f,1f],start_interpolation: 0,interpolation_duration: 1}
$data merge entity $(bone_fabric) {transformation: [-1f,0f,0f,0f,0f,0.9537f,0.3007f,1.3642f,0f,0.3007f,-0.9537f,-0.0403f,0f,0f,0f,1f],start_interpolation: 0,interpolation_duration: 1}
$data merge entity $(bone_bone_overray) {transformation: [-1f,0f,0f,0f,0f,0.9537f,0.3007f,1.3642f,0f,0.3007f,-0.9537f,-0.0403f,0f,0f,0f,1f],start_interpolation: 0,interpolation_duration: 1}
$data merge entity $(bone_bone) {transformation: [-1f,0f,0f,0f,0f,0.9537f,0.3007f,1.3642f,0f,0.3007f,-0.9537f,-0.0403f,0f,0f,0f,1f],start_interpolation: 0,interpolation_duration: 1}
$data merge entity $(bone_left_arm1) {transformation: [-0.9659f,-0.2346f,-0.1094f,0.25f,-0.2241f,0.9695f,-0.0996f,1.3022f,0.1294f,-0.0717f,-0.989f,-0.0321f,0f,0f,0f,1f],start_interpolation: 0,interpolation_duration: 1}
$data merge entity $(bone_right_arm1) {transformation: [-0.9659f,0.2346f,0.1094f,-0.25f,0.2241f,0.9695f,-0.0996f,1.3022f,-0.1294f,-0.0717f,-0.989f,-0.0321f,0f,0f,0f,1f],start_interpolation: 0,interpolation_duration: 1}
data modify entity @s data merge value {"cameras":{},"locators":{"mouse":{"posx":0.016279516656074158,"posy":1.2526760843987972,"posz":0.201806103921963,"roty":6.156142262625508e-11,"rotx":45.00000000002902},"left_arm":{"posx":0.47163704389885736,"posy":0.6497151900668668,"posz":0.009119045504170933,"roty":353.68880240495434,"rotx":-5.7176819471575655},"right_arm":{"posx":-0.4716370438988574,"posy":0.6497151900668668,"posz":0.009119045504170822,"roty":6.311197595045684,"rotx":-5.717681947157565}}}