# This file was generated by Animated Java via MC-Build. It is not recommended to edit this file directly.
$data merge entity $(bone_eyes) {transformation: [-0.9878f,0.1554f,0.0062f,0.0364f,0.1126f,0.6872f,0.7177f,1.4127f,0.1073f,0.7096f,-0.6963f,0.3803f,0f,0f,0f,1f],start_interpolation: 0,interpolation_duration: 1}
$data merge entity $(bone_head) {transformation: [-0.9878f,0.1554f,0.0062f,0f,0.1126f,0.6872f,0.7177f,1.3551f,0.1073f,0.7096f,-0.6963f,-0.0403f,0f,0f,0f,1f],start_interpolation: 0,interpolation_duration: 1}
$data merge entity $(bone_fabric_overray) {transformation: [-1f,0f,0f,0f,0f,0.9415f,0.3369f,1.3551f,0f,0.3369f,-0.9415f,-0.0403f,0f,0f,0f,1f],start_interpolation: 0,interpolation_duration: 1}
$data merge entity $(bone_fabric) {transformation: [-1f,0f,0f,0f,0f,0.9415f,0.3369f,1.3551f,0f,0.3369f,-0.9415f,-0.0403f,0f,0f,0f,1f],start_interpolation: 0,interpolation_duration: 1}
$data merge entity $(bone_bone_overray) {transformation: [-1f,0f,0f,0f,0f,0.9537f,0.3007f,1.3551f,0f,0.3007f,-0.9537f,-0.0403f,0f,0f,0f,1f],start_interpolation: 0,interpolation_duration: 1}
$data merge entity $(bone_bone) {transformation: [-1f,0f,0f,0f,0f,0.9537f,0.3007f,1.3551f,0f,0.3007f,-0.9537f,-0.0403f,0f,0f,0f,1f],start_interpolation: 0,interpolation_duration: 1}
$data merge entity $(bone_left_arm1) {transformation: [-0.9644f,-0.2407f,-0.1093f,0.25f,-0.2303f,0.968f,-0.0996f,1.2931f,0.1298f,-0.0709f,-0.989f,-0.0321f,0f,0f,0f,1f],start_interpolation: 0,interpolation_duration: 1}
$data merge entity $(bone_right_arm1) {transformation: [-0.9644f,0.2407f,0.1093f,-0.25f,0.2303f,0.968f,-0.0996f,1.2931f,-0.1298f,-0.0709f,-0.989f,-0.0321f,0f,0f,0f,1f],start_interpolation: 0,interpolation_duration: 1}
data modify entity @s data merge value {"cameras":{},"locators":{"mouse":{"posx":0.013031962735543643,"posy":1.240063715496405,"posz":0.2003604209056737,"roty":0.5062117881436166,"rotx":45.86323552003105},"left_arm":{"posx":0.47576376068334847,"posy":0.6419841906086552,"posz":0.008542563043772967,"roty":353.6912707077853,"rotx":-5.718497811711653},"right_arm":{"posx":-0.47576376068334847,"posy":0.6419841906086552,"posz":0.008542563043772856,"roty":6.3087292922147356,"rotx":-5.718497811711651}}}