# This file was generated by Animated Java via MC-Build. It is not recommended to edit this file directly.
$data merge entity $(bone_eyes) {transformation: [0f,0f,0f,0.0163f,0f,0f,0f,1.3726f,0f,0f,0f,0.3835f,0f,0f,0f,1f],start_interpolation: 0,interpolation_duration: 1}
$data merge entity $(bone_head) {transformation: [-0.9941f,0.1069f,0.0194f,0f,0.0856f,0.6612f,0.7453f,1.3313f,0.0668f,0.7426f,-0.6664f,-0.0403f,0f,0f,0f,1f],start_interpolation: 0,interpolation_duration: 1}
$data merge entity $(bone_fabric_overray) {transformation: [-1f,0f,0f,0f,0f,0.9108f,0.4128f,1.3313f,0f,0.4128f,-0.9108f,-0.0403f,0f,0f,0f,1f],start_interpolation: 0,interpolation_duration: 1}
$data merge entity $(bone_fabric) {transformation: [-1f,0f,0f,0f,0f,0.9108f,0.4128f,1.3313f,0f,0.4128f,-0.9108f,-0.0403f,0f,0f,0f,1f],start_interpolation: 0,interpolation_duration: 1}
$data merge entity $(bone_bone_overray) {transformation: [-1f,0f,0f,0f,0f,0.9537f,0.3007f,1.3313f,0f,0.3007f,-0.9537f,-0.0403f,0f,0f,0f,1f],start_interpolation: 0,interpolation_duration: 1}
$data merge entity $(bone_bone) {transformation: [-1f,0f,0f,0f,0f,0.9537f,0.3007f,1.3313f,0f,0.3007f,-0.9537f,-0.0403f,0f,0f,0f,1f],start_interpolation: 0,interpolation_duration: 1}
$data merge entity $(bone_left_arm1) {transformation: [-0.9603f,-0.2567f,-0.1092f,0.25f,-0.2463f,0.964f,-0.0997f,1.2693f,0.1309f,-0.0688f,-0.989f,-0.0321f,0f,0f,0f,1f],start_interpolation: 0,interpolation_duration: 1}
$data merge entity $(bone_right_arm1) {transformation: [-0.9603f,0.2567f,0.1092f,-0.25f,0.2463f,0.964f,-0.0997f,1.2693f,-0.1309f,-0.0688f,-0.989f,-0.0321f,0f,0f,0f,1f],start_interpolation: 0,interpolation_duration: 1}
data modify entity @s data merge value {"cameras":{},"locators":{"mouse":{"posx":0.005161968589291857,"posy":1.2069357642940173,"posz":0.19596759592221114,"roty":1.669874332956482,"rotx":48.18655781104732},"left_arm":{"posx":0.48648994572499826,"posy":0.6219314488292427,"posz":0.007021801432192103,"roty":353.69655343914826,"rotx":-5.720149428431366},"right_arm":{"posx":-0.48648994572499826,"posy":0.6219314488292427,"posz":0.007021801432191999,"roty":6.303446560851796,"rotx":-5.720149428431366}}}