# This file was generated by Animated Java via MC-Build. It is not recommended to edit this file directly.
$data merge entity $(bone_eyes) {transformation: [0f,0f,0f,0.0034f,0f,0f,0f,1.3455f,0f,0f,0f,0.3847f,0f,0f,0f,1f],start_interpolation: 0,interpolation_duration: 1}
$data merge entity $(bone_head) {transformation: [-0.9969f,0.0742f,0.0259f,0f,0.0676f,0.6422f,0.7635f,1.3156f,0.04f,0.7629f,-0.6453f,-0.0403f,0f,0f,0f,1f],start_interpolation: 0,interpolation_duration: 1}
$data merge entity $(bone_fabric_overray) {transformation: [-1f,0f,0f,0f,0f,0.8926f,0.4508f,1.3156f,0f,0.4508f,-0.8926f,-0.0403f,0f,0f,0f,1f],start_interpolation: 0,interpolation_duration: 1}
$data merge entity $(bone_fabric) {transformation: [-1f,0f,0f,0f,0f,0.8926f,0.4508f,1.3156f,0f,0.4508f,-0.8926f,-0.0403f,0f,0f,0f,1f],start_interpolation: 0,interpolation_duration: 1}
$data merge entity $(bone_bone_overray) {transformation: [-1f,0f,0f,0f,0f,0.9537f,0.3007f,1.3156f,0f,0.3007f,-0.9537f,-0.0403f,0f,0f,0f,1f],start_interpolation: 0,interpolation_duration: 1}
$data merge entity $(bone_bone) {transformation: [-1f,0f,0f,0f,0f,0.9537f,0.3007f,1.3156f,0f,0.3007f,-0.9537f,-0.0403f,0f,0f,0f,1f],start_interpolation: 0,interpolation_duration: 1}
$data merge entity $(bone_left_arm1) {transformation: [-0.9574f,-0.2672f,-0.1092f,0.25f,-0.2569f,0.9613f,-0.0997f,1.2536f,0.1316f,-0.0674f,-0.989f,-0.0321f,0f,0f,0f,1f],start_interpolation: 0,interpolation_duration: 1}
$data merge entity $(bone_right_arm1) {transformation: [-0.9574f,0.2672f,0.1092f,-0.25f,0.2569f,0.9613f,-0.0997f,1.2536f,-0.1316f,-0.0674f,-0.989f,-0.0321f,0f,0f,0f,1f],start_interpolation: 0,interpolation_duration: 1}
data modify entity @s data merge value {"cameras":{},"locators":{"mouse":{"posx":0.0004688591538929184,"posy":1.1848862424319329,"posz":0.19258395979953796,"roty":2.301427473644509,"rotx":49.77565157194234},"left_arm":{"posx":0.4935465463107012,"posy":0.6087697977306399,"posz":0.00600337259452377,"roty":353.69911816748856,"rotx":-5.7208832092934285},"right_arm":{"posx":-0.4935465463107012,"posy":0.6087697977306399,"posz":0.006003372594523659,"roty":6.300881832511493,"rotx":-5.7208832092934285}}}