# This file was generated by Animated Java via MC-Build. It is not recommended to edit this file directly.
$data merge entity $(bone_eyes) {transformation: [0f,0f,0f,-0.0105f,0f,0f,0f,1.3151f,0f,0f,0f,0.3854f,0f,0f,0f,1f],start_interpolation: 0,interpolation_duration: 1}
$data merge entity $(bone_head) {transformation: [-0.9988f,0.0376f,0.031f,0f,0.0476f,0.6196f,0.7835f,1.2982f,0.0102f,0.784f,-0.6207f,-0.0403f,0f,0f,0f,1f],start_interpolation: 0,interpolation_duration: 1}
$data merge entity $(bone_fabric_overray) {transformation: [-1f,0f,0f,0f,0f,0.8765f,0.4815f,1.2982f,0f,0.4815f,-0.8765f,-0.0403f,0f,0f,0f,1f],start_interpolation: 0,interpolation_duration: 1}
$data merge entity $(bone_fabric) {transformation: [-1f,0f,0f,0f,0f,0.8765f,0.4815f,1.2982f,0f,0.4815f,-0.8765f,-0.0403f,0f,0f,0f,1f],start_interpolation: 0,interpolation_duration: 1}
$data merge entity $(bone_bone_overray) {transformation: [-1f,0f,0f,0f,0f,0.9537f,0.3007f,1.2982f,0f,0.3007f,-0.9537f,-0.0403f,0f,0f,0f,1f],start_interpolation: 0,interpolation_duration: 1}
$data merge entity $(bone_bone) {transformation: [-1f,0f,0f,0f,0f,0.9537f,0.3007f,1.2982f,0f,0.3007f,-0.9537f,-0.0403f,0f,0f,0f,1f],start_interpolation: 0,interpolation_duration: 1}
$data merge entity $(bone_left_arm1) {transformation: [-0.9541f,-0.2788f,-0.1092f,0.25f,-0.2686f,0.9581f,-0.0997f,1.2362f,0.1324f,-0.0658f,-0.989f,-0.0321f,0f,0f,0f,1f],start_interpolation: 0,interpolation_duration: 1}
$data merge entity $(bone_right_arm1) {transformation: [-0.9541f,0.2788f,0.1092f,-0.25f,0.2686f,0.9581f,-0.0997f,1.2362f,-0.1324f,-0.0658f,-0.989f,-0.0321f,0f,0f,0f,1f],start_interpolation: 0,interpolation_duration: 1}
data modify entity @s data merge value {"cameras":{},"locators":{"mouse":{"posx":-0.0042178659067005665,"posy":1.1603932825628445,"posz":0.18841363483568901,"roty":2.855303909390102,"rotx":51.57835228590512},"left_arm":{"posx":0.5013168562245528,"posy":0.5943029063367117,"posz":0.004865101826855442,"roty":353.7010859174587,"rotx":-5.721385496646965},"right_arm":{"posx":-0.5013168562245528,"posy":0.5943029063367117,"posz":0.004865101826855338,"roty":6.298914082541302,"rotx":-5.721385496646966}}}