# This file was generated by Animated Java via MC-Build. It is not recommended to edit this file directly.
$data merge entity $(bone_eyes) {transformation: [0f,0f,0f,-0.0424f,0f,0f,0f,1.3592f,0f,0f,0f,0.3828f,0f,0f,0f,1f],start_interpolation: 0,interpolation_duration: 1}
$data merge entity $(bone_head) {transformation: [-0.9975f,-0.0691f,0.0123f,0f,-0.0351f,0.6424f,0.7655f,1.3313f,-0.0608f,0.7632f,-0.6433f,-0.0403f,0f,0f,0f,1f],start_interpolation: 0,interpolation_duration: 1}
$data merge entity $(bone_fabric_overray) {transformation: [-1f,0f,0f,0f,0f,0.9418f,0.3362f,1.3313f,0f,0.3362f,-0.9418f,-0.0403f,0f,0f,0f,1f],start_interpolation: 0,interpolation_duration: 1}
$data merge entity $(bone_fabric) {transformation: [-1f,0f,0f,0f,0f,0.9418f,0.3362f,1.3313f,0f,0.3362f,-0.9418f,-0.0403f,0f,0f,0f,1f],start_interpolation: 0,interpolation_duration: 1}
$data merge entity $(bone_bone_overray) {transformation: [-1f,0f,0f,0f,0f,0.9537f,0.3007f,1.3313f,0f,0.3007f,-0.9537f,-0.0403f,0f,0f,0f,1f],start_interpolation: 0,interpolation_duration: 1}
$data merge entity $(bone_bone) {transformation: [-1f,0f,0f,0f,0f,0.9537f,0.3007f,1.3313f,0f,0.3007f,-0.9537f,-0.0403f,0f,0f,0f,1f],start_interpolation: 0,interpolation_duration: 1}
$data merge entity $(bone_left_arm1) {transformation: [-0.9603f,-0.2567f,-0.1092f,0.25f,-0.2463f,0.964f,-0.0997f,1.2693f,0.1309f,-0.0688f,-0.989f,-0.0321f,0f,0f,0f,1f],start_interpolation: 0,interpolation_duration: 1}
$data merge entity $(bone_right_arm1) {transformation: [-0.9603f,0.2567f,0.1092f,-0.25f,0.2463f,0.964f,-0.0997f,1.2693f,-0.1309f,-0.0688f,-0.989f,-0.0321f,0f,0f,0f,1f],start_interpolation: 0,interpolation_duration: 1}
data modify entity @s data merge value {"cameras":{},"locators":{"mouse":{"posx":-0.009547955662160533,"posy":1.2001245663335323,"posz":0.19211612545595866,"roty":1.093541456640196,"rotx":49.95459115553735},"left_arm":{"posx":0.48648994572499826,"posy":0.6219314488292427,"posz":0.007021801432192103,"roty":353.69655343914826,"rotx":-5.720149428431366},"right_arm":{"posx":-0.48648994572499826,"posy":0.6219314488292427,"posz":0.007021801432191999,"roty":6.303446560851796,"rotx":-5.720149428431366}}}