# This file was generated by Animated Java via MC-Build. It is not recommended to edit this file directly.
$data merge entity $(bone_eyes) {transformation: [0f,0f,0f,-0.0719f,0f,0f,0f,1.1523f,0f,0f,0f,0.3758f,0f,0f,0f,1f],start_interpolation: 0,interpolation_duration: 1}
$data merge entity $(bone_head) {transformation: [-0.9885f,-0.1496f,0.0199f,0f,-0.0546f,0.477f,0.8772f,1.2096f,-0.1408f,0.8661f,-0.4797f,-0.0403f,0f,0f,0f,1f],start_interpolation: 0,interpolation_duration: 1}
$data merge entity $(bone_fabric_overray) {transformation: [-1f,0f,0f,0f,0f,0.8714f,0.4905f,1.2096f,0f,0.4905f,-0.8714f,-0.0403f,0f,0f,0f,1f],start_interpolation: 0,interpolation_duration: 1}
$data merge entity $(bone_fabric) {transformation: [-1f,0f,0f,0f,0f,0.8714f,0.4905f,1.2096f,0f,0.4905f,-0.8714f,-0.0403f,0f,0f,0f,1f],start_interpolation: 0,interpolation_duration: 1}
$data merge entity $(bone_bone_overray) {transformation: [-1f,0f,0f,0f,0f,0.9537f,0.3007f,1.2096f,0f,0.3007f,-0.9537f,-0.0403f,0f,0f,0f,1f],start_interpolation: 0,interpolation_duration: 1}
$data merge entity $(bone_bone) {transformation: [-1f,0f,0f,0f,0f,0.9537f,0.3007f,1.2096f,0f,0.3007f,-0.9537f,-0.0403f,0f,0f,0f,1f],start_interpolation: 0,interpolation_duration: 1}
$data merge entity $(bone_left_arm1) {transformation: [-0.935f,-0.3373f,-0.1092f,0.25f,-0.3273f,0.9397f,-0.0997f,1.1476f,0.1363f,-0.0574f,-0.989f,-0.0321f,0f,0f,0f,1f],start_interpolation: 0,interpolation_duration: 1}
$data merge entity $(bone_right_arm1) {transformation: [-0.935f,0.3373f,0.1092f,-0.25f,0.3273f,0.9397f,-0.0997f,1.1476f,-0.1363f,-0.0574f,-0.989f,-0.0321f,0f,0f,0f,1f],start_interpolation: 0,interpolation_duration: 1}
data modify entity @s data merge value {"cameras":{},"locators":{"mouse":{"posx":-0.018998732196178213,"posy":1.0349760174127127,"posz":0.1608656460918385,"roty":2.372639496472601,"rotx":61.306851933922765},"left_arm":{"posx":0.5403104048747731,"posy":0.5220338776870149,"posz":-0.0011269848594220727,"roty":353.69668334412574,"rotx":-5.719708942590659},"right_arm":{"posx":-0.5403104048747731,"posy":0.5220338776870149,"posz":-0.0011269848594221976,"roty":6.303316655874255,"rotx":-5.719708942590659}}}