# This file was generated by Animated Java via MC-Build. It is not recommended to edit this file directly.
$data merge entity $(bone_eyes) {transformation: [0f,0f,0f,-0.0795f,0f,0f,0f,1.1268f,0f,0f,0f,0.3725f,0f,0f,0f,1f],start_interpolation: 0,interpolation_duration: 1}
$data merge entity $(bone_head) {transformation: [-0.9841f,-0.1772f,0.0128f,0f,-0.0697f,0.4515f,0.8895f,1.1962f,-0.1634f,0.8745f,-0.4567f,-0.0403f,0f,0f,0f,1f],start_interpolation: 0,interpolation_duration: 1}
$data merge entity $(bone_fabric_overray) {transformation: [-1f,0f,0f,0f,0f,0.8769f,0.4807f,1.1962f,0f,0.4807f,-0.8769f,-0.0403f,0f,0f,0f,1f],start_interpolation: 0,interpolation_duration: 1}
$data merge entity $(bone_fabric) {transformation: [-1f,0f,0f,0f,0f,0.8769f,0.4807f,1.1962f,0f,0.4807f,-0.8769f,-0.0403f,0f,0f,0f,1f],start_interpolation: 0,interpolation_duration: 1}
$data merge entity $(bone_bone_overray) {transformation: [-1f,0f,0f,0f,0f,0.9537f,0.3007f,1.1962f,0f,0.3007f,-0.9537f,-0.0403f,0f,0f,0f,1f],start_interpolation: 0,interpolation_duration: 1}
$data merge entity $(bone_bone) {transformation: [-1f,0f,0f,0f,0f,0.9537f,0.3007f,1.1962f,0f,0.3007f,-0.9537f,-0.0403f,0f,0f,0f,1f],start_interpolation: 0,interpolation_duration: 1}
$data merge entity $(bone_left_arm1) {transformation: [-0.9319f,-0.346f,-0.1093f,0.25f,-0.336f,0.9366f,-0.0996f,1.1342f,0.1368f,-0.0561f,-0.989f,-0.0321f,0f,0f,0f,1f],start_interpolation: 0,interpolation_duration: 1}
$data merge entity $(bone_right_arm1) {transformation: [-0.9319f,0.346f,0.1093f,-0.25f,0.336f,0.9366f,-0.0996f,1.1342f,-0.1368f,-0.0561f,-0.989f,-0.0321f,0f,0f,0f,1f],start_interpolation: 0,interpolation_duration: 1}
data modify entity @s data merge value {"cameras":{},"locators":{"mouse":{"posx":-0.019810027366635483,"posy":1.0161136367953096,"posz":0.15590036288462172,"roty":1.6060274104123948,"rotx":62.81516582050347},"left_arm":{"posx":0.5461085671399171,"posy":0.5113229239445308,"posz":-0.002059902989325176,"roty":353.693887775599,"rotx":-5.718956316657108},"right_arm":{"posx":-0.5461085671399171,"posy":0.5113229239445308,"posz":-0.002059902989325301,"roty":6.3061122244010335,"rotx":-5.718956316657108}}}