# This file was generated by Animated Java via MC-Build. It is not recommended to edit this file directly.
$data merge entity $(bone_eyes) {transformation: [0f,0f,0f,-0.085f,0f,0f,0f,1.1069f,0f,0f,0f,0.3697f,0f,0f,0f,1f],start_interpolation: 0,interpolation_duration: 1}
$data merge entity $(bone_head) {transformation: [-0.9801f,-0.1982f,0.0064f,0f,-0.0813f,0.431f,0.8987f,1.1858f,-0.1809f,0.8803f,-0.4386f,-0.0403f,0f,0f,0f,1f],start_interpolation: 0,interpolation_duration: 1}
$data merge entity $(bone_fabric_overray) {transformation: [-1f,0f,0f,0f,0f,0.8819f,0.4714f,1.1858f,0f,0.4714f,-0.8819f,-0.0403f,0f,0f,0f,1f],start_interpolation: 0,interpolation_duration: 1}
$data merge entity $(bone_fabric) {transformation: [-1f,0f,0f,0f,0f,0.8819f,0.4714f,1.1858f,0f,0.4714f,-0.8819f,-0.0403f,0f,0f,0f,1f],start_interpolation: 0,interpolation_duration: 1}
$data merge entity $(bone_bone_overray) {transformation: [-1f,0f,0f,0f,0f,0.9537f,0.3007f,1.1858f,0f,0.3007f,-0.9537f,-0.0403f,0f,0f,0f,1f],start_interpolation: 0,interpolation_duration: 1}
$data merge entity $(bone_bone) {transformation: [-1f,0f,0f,0f,0f,0.9537f,0.3007f,1.1858f,0f,0.3007f,-0.9537f,-0.0403f,0f,0f,0f,1f],start_interpolation: 0,interpolation_duration: 1}
$data merge entity $(bone_left_arm1) {transformation: [-0.9293f,-0.3527f,-0.1093f,0.25f,-0.3428f,0.9341f,-0.0996f,1.1238f,0.1373f,-0.0551f,-0.989f,-0.0321f,0f,0f,0f,1f],start_interpolation: 0,interpolation_duration: 1}
$data merge entity $(bone_right_arm1) {transformation: [-0.9293f,0.3527f,0.1093f,-0.25f,0.3428f,0.9341f,-0.0996f,1.1238f,-0.1373f,-0.0551f,-0.989f,-0.0321f,0f,0f,0f,1f],start_interpolation: 0,interpolation_duration: 1}
data modify entity @s data merge value {"cameras":{},"locators":{"mouse":{"posx":-0.020170339721445475,"posy":1.0015254852175874,"posz":0.15192379341003143,"roty":0.8294610772872772,"rotx":63.9821744592553},"left_arm":{"posx":0.5505896010604339,"posy":0.50304924687481,"posz":-0.0027887057054646266,"roty":353.6913284425584,"rotx":-5.718302046650647},"right_arm":{"posx":-0.5505896010604339,"posy":0.50304924687481,"posz":-0.0027887057054647515,"roty":6.308671557441585,"rotx":-5.718302046650646}}}