# This file was generated by Animated Java via MC-Build. It is not recommended to edit this file directly.
$data merge entity $(bone_eyes) {transformation: [0f,0f,0f,-0.0885f,0f,0f,0f,1.094f,0f,0f,0f,0.3677f,0f,0f,0f,1f],start_interpolation: 0,interpolation_duration: 1}
$data merge entity $(bone_head) {transformation: [-0.9773f,-0.2117f,0.0017f,0f,-0.0888f,0.4175f,0.9043f,1.1791f,-0.1922f,0.8837f,-0.4268f,-0.0403f,0f,0f,0f,1f],start_interpolation: 0,interpolation_duration: 1}
$data merge entity $(bone_fabric_overray) {transformation: [-1f,0f,0f,0f,0f,0.8856f,0.4645f,1.1791f,0f,0.4645f,-0.8856f,-0.0403f,0f,0f,0f,1f],start_interpolation: 0,interpolation_duration: 1}
$data merge entity $(bone_fabric) {transformation: [-1f,0f,0f,0f,0f,0.8856f,0.4645f,1.1791f,0f,0.4645f,-0.8856f,-0.0403f,0f,0f,0f,1f],start_interpolation: 0,interpolation_duration: 1}
$data merge entity $(bone_bone_overray) {transformation: [-1f,0f,0f,0f,0f,0.9537f,0.3007f,1.1791f,0f,0.3007f,-0.9537f,-0.0403f,0f,0f,0f,1f],start_interpolation: 0,interpolation_duration: 1}
$data merge entity $(bone_bone) {transformation: [-1f,0f,0f,0f,0f,0.9537f,0.3007f,1.1791f,0f,0.3007f,-0.9537f,-0.0403f,0f,0f,0f,1f],start_interpolation: 0,interpolation_duration: 1}
$data merge entity $(bone_left_arm1) {transformation: [-0.9276f,-0.3571f,-0.1094f,0.25f,-0.3472f,0.9325f,-0.0996f,1.1171f,0.1376f,-0.0544f,-0.989f,-0.0321f,0f,0f,0f,1f],start_interpolation: 0,interpolation_duration: 1}
$data merge entity $(bone_right_arm1) {transformation: [-0.9276f,0.3571f,0.1094f,-0.25f,0.3472f,0.9325f,-0.0996f,1.1171f,-0.1376f,-0.0544f,-0.989f,-0.0321f,0f,0f,0f,1f],start_interpolation: 0,interpolation_duration: 1}
data modify entity @s data merge value {"cameras":{},"locators":{"mouse":{"posx":-0.020277215935175064,"posy":0.9921125554655783,"posz":0.14929598479457828,"roty":0.23182171527426476,"rotx":64.7338132002351},"left_arm":{"posx":0.5534806058703184,"posy":0.4977130071382615,"posz":-0.0032625670747946055,"roty":353.6894902020617,"rotx":-5.717848519073989},"right_arm":{"posx":-0.5534806058703184,"posy":0.4977130071382615,"posz":-0.0032625670747947304,"roty":6.310509797938323,"rotx":-5.717848519073989}}}