# This file was generated by Animated Java via MC-Build. It is not recommended to edit this file directly.
$data merge entity $(bone_eyes) {transformation: [0f,0f,0f,-0.0855f,0f,0f,0f,1.1057f,0f,0f,0f,0.3694f,0f,0f,0f,1f],start_interpolation: 0,interpolation_duration: 1}
$data merge entity $(bone_head) {transformation: [-0.9798f,-0.1999f,0.0058f,0f,-0.082f,0.4284f,0.8998f,1.1858f,-0.1824f,0.8812f,-0.4362f,-0.0403f,0f,0f,0f,1f],start_interpolation: 0,interpolation_duration: 1}
$data merge entity $(bone_fabric_overray) {transformation: [-1f,0f,0f,0f,0f,0.8806f,0.4739f,1.1858f,0f,0.4739f,-0.8806f,-0.0403f,0f,0f,0f,1f],start_interpolation: 0,interpolation_duration: 1}
$data merge entity $(bone_fabric) {transformation: [-1f,0f,0f,0f,0f,0.8806f,0.4739f,1.1858f,0f,0.4739f,-0.8806f,-0.0403f,0f,0f,0f,1f],start_interpolation: 0,interpolation_duration: 1}
$data merge entity $(bone_bone_overray) {transformation: [-1f,0f,0f,0f,0f,0.9537f,0.3007f,1.1858f,0f,0.3007f,-0.9537f,-0.0403f,0f,0f,0f,1f],start_interpolation: 0,interpolation_duration: 1}
$data merge entity $(bone_bone) {transformation: [-1f,0f,0f,0f,0f,0.9537f,0.3007f,1.1858f,0f,0.3007f,-0.9537f,-0.0403f,0f,0f,0f,1f],start_interpolation: 0,interpolation_duration: 1}
$data merge entity $(bone_left_arm1) {transformation: [-0.9293f,-0.3527f,-0.1093f,0.25f,-0.3428f,0.9341f,-0.0996f,1.1238f,0.1373f,-0.0551f,-0.989f,-0.0321f,0f,0f,0f,1f],start_interpolation: 0,interpolation_duration: 1}
$data merge entity $(bone_right_arm1) {transformation: [-0.9293f,0.3527f,0.1093f,-0.25f,0.3428f,0.9341f,-0.0996f,1.1238f,-0.1373f,-0.0551f,-0.989f,-0.0321f,0f,0f,0f,1f],start_interpolation: 0,interpolation_duration: 1}
data modify entity @s data merge value {"cameras":{},"locators":{"mouse":{"posx":-0.020199774029233022,"posy":1.000987723249756,"posz":0.15140365763342772,"roty":0.7676852242863674,"rotx":64.13645319435479},"left_arm":{"posx":0.550589601060434,"posy":0.50304924687481,"posz":-0.002788705705464623,"roty":353.6913284425584,"rotx":-5.718302046650645},"right_arm":{"posx":-0.550589601060434,"posy":0.50304924687481,"posz":-0.002788705705464748,"roty":6.308671557441585,"rotx":-5.718302046650645}}}