# This file was generated by Animated Java via MC-Build. It is not recommended to edit this file directly.
$data merge entity $(bone_eyes) {transformation: [0f,0f,0f,-0.0736f,0f,0f,0f,1.1483f,0f,0f,0f,0.3749f,0f,0f,0f,1f],start_interpolation: 0,interpolation_duration: 1}
$data merge entity $(bone_head) {transformation: [-0.9877f,-0.1554f,0.0188f,0f,-0.0569f,0.4686f,0.8816f,1.2096f,-0.1458f,0.8696f,-0.4717f,-0.0403f,0f,0f,0f,1f],start_interpolation: 0,interpolation_duration: 1}
$data merge entity $(bone_fabric_overray) {transformation: [-1f,0f,0f,0f,0f,0.8685f,0.4957f,1.2096f,0f,0.4957f,-0.8685f,-0.0403f,0f,0f,0f,1f],start_interpolation: 0,interpolation_duration: 1}
$data merge entity $(bone_fabric) {transformation: [-1f,0f,0f,0f,0f,0.8685f,0.4957f,1.2096f,0f,0.4957f,-0.8685f,-0.0403f,0f,0f,0f,1f],start_interpolation: 0,interpolation_duration: 1}
$data merge entity $(bone_bone_overray) {transformation: [-1f,0f,0f,0f,0f,0.9537f,0.3007f,1.2096f,0f,0.3007f,-0.9537f,-0.0403f,0f,0f,0f,1f],start_interpolation: 0,interpolation_duration: 1}
$data merge entity $(bone_bone) {transformation: [-1f,0f,0f,0f,0f,0.9537f,0.3007f,1.2096f,0f,0.3007f,-0.9537f,-0.0403f,0f,0f,0f,1f],start_interpolation: 0,interpolation_duration: 1}
$data merge entity $(bone_left_arm1) {transformation: [-0.935f,-0.3373f,-0.1092f,0.25f,-0.3273f,0.9397f,-0.0997f,1.1476f,0.1363f,-0.0574f,-0.989f,-0.0321f,0f,0f,0f,1f],start_interpolation: 0,interpolation_duration: 1}
$data merge entity $(bone_right_arm1) {transformation: [-0.935f,0.3373f,0.1092f,-0.25f,0.3273f,0.9397f,-0.0997f,1.1476f,-0.1363f,-0.0574f,-0.989f,-0.0321f,0f,0f,0f,1f],start_interpolation: 0,interpolation_duration: 1}
data modify entity @s data merge value {"cameras":{},"locators":{"mouse":{"posx":-0.01927898106688582,"posy":1.033099522509089,"posz":0.1591943978154566,"roty":2.285768989195873,"rotx":61.831572616417006},"left_arm":{"posx":0.5403104048747731,"posy":0.5220338776870149,"posz":-0.0011269848594220727,"roty":353.69668334412574,"rotx":-5.719708942590659},"right_arm":{"posx":-0.5403104048747731,"posy":0.5220338776870149,"posz":-0.0011269848594221976,"roty":6.303316655874255,"rotx":-5.719708942590661}}}