# This file was generated by Animated Java via MC-Build. It is not recommended to edit this file directly.
$data merge entity $(bone_eyes) {transformation: [0f,0f,0f,-0.0501f,0f,0f,0f,1.3302f,0f,0f,0f,0.3826f,0f,0f,0f,1f],start_interpolation: 0,interpolation_duration: 1}
$data merge entity $(bone_head) {transformation: [-0.9958f,-0.09f,0.0142f,0f,-0.0447f,0.6183f,0.7847f,1.3156f,-0.0794f,0.7808f,-0.6197f,-0.0403f,0f,0f,0f,1f],start_interpolation: 0,interpolation_duration: 1}
$data merge entity $(bone_fabric_overray) {transformation: [-1f,0f,0f,0f,0f,0.9375f,0.3481f,1.3156f,0f,0.3481f,-0.9375f,-0.0403f,0f,0f,0f,1f],start_interpolation: 0,interpolation_duration: 1}
$data merge entity $(bone_fabric) {transformation: [-1f,0f,0f,0f,0f,0.9375f,0.3481f,1.3156f,0f,0.3481f,-0.9375f,-0.0403f,0f,0f,0f,1f],start_interpolation: 0,interpolation_duration: 1}
$data merge entity $(bone_bone_overray) {transformation: [-1f,0f,0f,0f,0f,0.9537f,0.3007f,1.3156f,0f,0.3007f,-0.9537f,-0.0403f,0f,0f,0f,1f],start_interpolation: 0,interpolation_duration: 1}
$data merge entity $(bone_bone) {transformation: [-1f,0f,0f,0f,0f,0.9537f,0.3007f,1.3156f,0f,0.3007f,-0.9537f,-0.0403f,0f,0f,0f,1f],start_interpolation: 0,interpolation_duration: 1}
$data merge entity $(bone_left_arm1) {transformation: [-0.9574f,-0.2672f,-0.1092f,0.25f,-0.2569f,0.9613f,-0.0997f,1.2536f,0.1316f,-0.0674f,-0.989f,-0.0321f,0f,0f,0f,1f],start_interpolation: 0,interpolation_duration: 1}
$data merge entity $(bone_right_arm1) {transformation: [-0.9574f,0.2672f,0.1092f,-0.25f,0.2569f,0.9613f,-0.0997f,1.2536f,-0.1316f,-0.0674f,-0.989f,-0.0321f,0f,0f,0f,1f],start_interpolation: 0,interpolation_duration: 1}
data modify entity @s data merge value {"cameras":{},"locators":{"mouse":{"posx":-0.01198820204945925,"posy":1.1773435902018663,"posz":0.18787297714473244,"roty":1.312742214236664,"rotx":51.69320730118232},"left_arm":{"posx":0.4935465463107012,"posy":0.6087697977306399,"posz":0.00600337259452377,"roty":353.69911816748856,"rotx":-5.7208832092934285},"right_arm":{"posx":-0.4935465463107012,"posy":0.6087697977306399,"posz":0.006003372594523659,"roty":6.300881832511493,"rotx":-5.7208832092934285}}}