# This file was generated by Animated Java via MC-Build. It is not recommended to edit this file directly.
$data merge entity $(bone_eyes) {transformation: [0f,0f,0f,-0.0547f,0f,0f,0f,1.2072f,0f,0f,0f,0.3808f,0f,0f,0f,1f],start_interpolation: 0,interpolation_duration: 1}
$data merge entity $(bone_head) {transformation: [-0.9954f,-0.0912f,0.0311f,0f,-0.0211f,0.5213f,0.8531f,1.2427f,-0.094f,0.8485f,-0.5208f,-0.0403f,0f,0f,0f,1f],start_interpolation: 0,interpolation_duration: 1}
$data merge entity $(bone_fabric_overray) {transformation: [-1f,0f,0f,0f,0f,0.8626f,0.5058f,1.2427f,0f,0.5058f,-0.8626f,-0.0403f,0f,0f,0f,1f],start_interpolation: 0,interpolation_duration: 1}
$data merge entity $(bone_fabric) {transformation: [-1f,0f,0f,0f,0f,0.8626f,0.5058f,1.2427f,0f,0.5058f,-0.8626f,-0.0403f,0f,0f,0f,1f],start_interpolation: 0,interpolation_duration: 1}
$data merge entity $(bone_bone_overray) {transformation: [-1f,0f,0f,0f,0f,0.9537f,0.3007f,1.2427f,0f,0.3007f,-0.9537f,-0.0403f,0f,0f,0f,1f],start_interpolation: 0,interpolation_duration: 1}
$data merge entity $(bone_bone) {transformation: [-1f,0f,0f,0f,0f,0.9537f,0.3007f,1.2427f,0f,0.3007f,-0.9537f,-0.0403f,0f,0f,0f,1f],start_interpolation: 0,interpolation_duration: 1}
$data merge entity $(bone_left_arm1) {transformation: [-0.9426f,-0.3156f,-0.1092f,0.25f,-0.3055f,0.947f,-0.0997f,1.1807f,0.1348f,-0.0606f,-0.989f,-0.0321f,0f,0f,0f,1f],start_interpolation: 0,interpolation_duration: 1}
$data merge entity $(bone_right_arm1) {transformation: [-0.9426f,0.3156f,0.1092f,-0.25f,0.3055f,0.947f,-0.0997f,1.1807f,-0.1348f,-0.0606f,-0.989f,-0.0321f,0f,0f,0f,1f],start_interpolation: 0,interpolation_duration: 1}
data modify entity @s data merge value {"cameras":{},"locators":{"mouse":{"posx":-0.016315834550901135,"posy":1.0782561459752957,"posz":0.16948650746251465,"roty":3.4155968125334084,"rotx":58.553539599418954},"left_arm":{"posx":0.5258626593084484,"posy":0.5487563469543412,"posz":0.0011492896874125205,"roty":353.7011793367239,"rotx":-5.72106872230705},"right_arm":{"posx":-0.5258626593084484,"posy":0.5487563469543412,"posz":0.0011492896874123956,"roty":6.2988206632761035,"rotx":-5.72106872230705}}}