# This file was generated by Animated Java via MC-Build. It is not recommended to edit this file directly.
$data merge entity $(bone_eyes) {transformation: [0f,0f,0f,-0.0431f,0f,0f,0f,1.2397f,0f,0f,0f,0.3831f,0f,0f,0f,1f],start_interpolation: 0,interpolation_duration: 1}
$data merge entity $(bone_head) {transformation: [-0.9979f,-0.0545f,0.0348f,0f,-0.0008f,0.5488f,0.8359f,1.2611f,-0.0646f,0.8342f,-0.5477f,-0.0403f,0f,0f,0f,1f],start_interpolation: 0,interpolation_duration: 1}
$data merge entity $(bone_fabric_overray) {transformation: [-1f,0f,0f,0f,0f,0.866f,0.5f,1.2611f,0f,0.5f,-0.866f,-0.0403f,0f,0f,0f,1f],start_interpolation: 0,interpolation_duration: 1}
$data merge entity $(bone_fabric) {transformation: [-1f,0f,0f,0f,0f,0.866f,0.5f,1.2611f,0f,0.5f,-0.866f,-0.0403f,0f,0f,0f,1f],start_interpolation: 0,interpolation_duration: 1}
$data merge entity $(bone_bone_overray) {transformation: [-1f,0f,0f,0f,0f,0.9537f,0.3007f,1.2611f,0f,0.3007f,-0.9537f,-0.0403f,0f,0f,0f,1f],start_interpolation: 0,interpolation_duration: 1}
$data merge entity $(bone_bone) {transformation: [-1f,0f,0f,0f,0f,0.9537f,0.3007f,1.2611f,0f,0.3007f,-0.9537f,-0.0403f,0f,0f,0f,1f],start_interpolation: 0,interpolation_duration: 1}
$data merge entity $(bone_left_arm1) {transformation: [-0.9466f,-0.3034f,-0.1091f,0.25f,-0.2933f,0.9508f,-0.0997f,1.1991f,0.134f,-0.0624f,-0.989f,-0.0321f,0f,0f,0f,1f],start_interpolation: 0,interpolation_duration: 1}
$data merge entity $(bone_right_arm1) {transformation: [-0.9466f,0.3034f,0.1091f,-0.25f,0.2933f,0.9508f,-0.0997f,1.1991f,-0.134f,-0.0624f,-0.989f,-0.0321f,0f,0f,0f,1f],start_interpolation: 0,interpolation_duration: 1}
data modify entity @s data merge value {"cameras":{},"locators":{"mouse":{"posx":-0.013803308408509404,"posy":1.1035226693060516,"posz":0.17487615534719414,"roty":3.6347916469484858,"rotx":56.714309971856125},"left_arm":{"posx":0.5177742039584218,"posy":0.563742051827115,"posz":0.0023943503418826437,"roty":353.70220017408406,"rotx":-5.721471153367048},"right_arm":{"posx":-0.5177742039584218,"posy":0.563742051827115,"posz":0.0023943503418825188,"roty":6.2977998259159165,"rotx":-5.721471153367048}}}