# This file was generated by Animated Java via MC-Build. It is not recommended to edit this file directly.
$data merge entity $(bone_eyes) {transformation: [0f,0f,0f,-0.0171f,0f,0f,0f,1.3048f,0f,0f,0f,0.3854f,0f,0f,0f,1f],start_interpolation: 0,interpolation_duration: 1}
$data merge entity $(bone_head) {transformation: [-0.9992f,0.0214f,0.0351f,0f,0.0409f,0.6008f,0.7983f,1.2982f,-0.004f,0.7991f,-0.6012f,-0.0403f,0f,0f,0f,1f],start_interpolation: 0,interpolation_duration: 1}
$data merge entity $(bone_fabric_overray) {transformation: [-1f,0f,0f,0f,0f,0.8859f,0.4639f,1.2982f,0f,0.4639f,-0.8859f,-0.0403f,0f,0f,0f,1f],start_interpolation: 0,interpolation_duration: 1}
$data merge entity $(bone_fabric) {transformation: [-1f,0f,0f,0f,0f,0.8859f,0.4639f,1.2982f,0f,0.4639f,-0.8859f,-0.0403f,0f,0f,0f,1f],start_interpolation: 0,interpolation_duration: 1}
$data merge entity $(bone_bone_overray) {transformation: [-1f,0f,0f,0f,0f,0.9537f,0.3007f,1.2982f,0f,0.3007f,-0.9537f,-0.0403f,0f,0f,0f,1f],start_interpolation: 0,interpolation_duration: 1}
$data merge entity $(bone_bone) {transformation: [-1f,0f,0f,0f,0f,0.9537f,0.3007f,1.2982f,0f,0.3007f,-0.9537f,-0.0403f,0f,0f,0f,1f],start_interpolation: 0,interpolation_duration: 1}
$data merge entity $(bone_left_arm1) {transformation: [-0.9541f,-0.2788f,-0.1092f,0.25f,-0.2686f,0.9581f,-0.0997f,1.2362f,0.1324f,-0.0658f,-0.989f,-0.0321f,0f,0f,0f,1f],start_interpolation: 0,interpolation_duration: 1}
$data merge entity $(bone_right_arm1) {transformation: [-0.9541f,0.2788f,0.1092f,-0.25f,0.2686f,0.9581f,-0.0997f,1.2362f,-0.1324f,-0.0658f,-0.989f,-0.0321f,0f,0f,0f,1f],start_interpolation: 0,interpolation_duration: 1}
data modify entity @s data merge value {"cameras":{},"locators":{"mouse":{"posx":-0.00675724161340613,"posy":1.1549194061989116,"posz":0.18496306999540746,"roty":3.3372652110747936,"rotx":52.969551231639414},"left_arm":{"posx":0.5013168562245528,"posy":0.5943029063367117,"posz":0.004865101826855442,"roty":353.7010859174587,"rotx":-5.721385496646965},"right_arm":{"posx":-0.5013168562245528,"posy":0.5943029063367117,"posz":0.004865101826855338,"roty":6.298914082541302,"rotx":-5.721385496646966}}}