# This file was generated by Animated Java via MC-Build. It is not recommended to edit this file directly.
$data merge entity $(bone_eyes) {transformation: [0f,0f,0f,-0.0037f,0f,0f,0f,1.3352f,0f,0f,0f,0.3853f,0f,0f,0f,1f],start_interpolation: 0,interpolation_duration: 1}
$data merge entity $(bone_head) {transformation: [-0.9978f,0.0578f,0.0316f,0f,0.0608f,0.6238f,0.7792f,1.3156f,0.0253f,0.7794f,-0.626f,-0.0403f,0f,0f,0f,1f],start_interpolation: 0,interpolation_duration: 1}
$data merge entity $(bone_fabric_overray) {transformation: [-1f,0f,0f,0f,0f,0.8998f,0.4362f,1.3156f,0f,0.4362f,-0.8998f,-0.0403f,0f,0f,0f,1f],start_interpolation: 0,interpolation_duration: 1}
$data merge entity $(bone_fabric) {transformation: [-1f,0f,0f,0f,0f,0.8998f,0.4362f,1.3156f,0f,0.4362f,-0.8998f,-0.0403f,0f,0f,0f,1f],start_interpolation: 0,interpolation_duration: 1}
$data merge entity $(bone_bone_overray) {transformation: [-1f,0f,0f,0f,0f,0.9537f,0.3007f,1.3156f,0f,0.3007f,-0.9537f,-0.0403f,0f,0f,0f,1f],start_interpolation: 0,interpolation_duration: 1}
$data merge entity $(bone_bone) {transformation: [-1f,0f,0f,0f,0f,0.9537f,0.3007f,1.3156f,0f,0.3007f,-0.9537f,-0.0403f,0f,0f,0f,1f],start_interpolation: 0,interpolation_duration: 1}
$data merge entity $(bone_left_arm1) {transformation: [-0.9574f,-0.2672f,-0.1092f,0.25f,-0.2569f,0.9613f,-0.0997f,1.2536f,0.1316f,-0.0674f,-0.989f,-0.0321f,0f,0f,0f,1f],start_interpolation: 0,interpolation_duration: 1}
$data merge entity $(bone_right_arm1) {transformation: [-0.9574f,0.2672f,0.1092f,-0.25f,0.2569f,0.9613f,-0.0997f,1.2536f,-0.1316f,-0.0674f,-0.989f,-0.0321f,0f,0f,0f,1f],start_interpolation: 0,interpolation_duration: 1}
data modify entity @s data merge value {"cameras":{},"locators":{"mouse":{"posx":-0.0024728131139583483,"posy":1.179247383314943,"posz":0.18931549881084578,"roty":2.8866985807974572,"rotx":51.185728249890246},"left_arm":{"posx":0.4935465463107012,"posy":0.6087697977306399,"posz":0.006003372594523763,"roty":353.69911816748856,"rotx":-5.720883209293428},"right_arm":{"posx":-0.4935465463107012,"posy":0.6087697977306399,"posz":0.006003372594523652,"roty":6.300881832511493,"rotx":-5.720883209293428}}}