# This file was generated by Animated Java via MC-Build. It is not recommended to edit this file directly.
$data merge entity $(bone_eyes) {transformation: [0f,0f,0f,0.0093f,0f,0f,0f,1.3628f,0f,0f,0f,0.3845f,0f,0f,0f,1f],start_interpolation: 0,interpolation_duration: 1}
$data merge entity $(bone_head) {transformation: [-0.9955f,0.0914f,0.0261f,0f,0.0791f,0.6442f,0.7608f,1.3313f,0.0527f,0.7594f,-0.6485f,-0.0403f,0f,0f,0f,1f],start_interpolation: 0,interpolation_duration: 1}
$data merge entity $(bone_fabric_overray) {transformation: [-1f,0f,0f,0f,0f,0.9142f,0.4052f,1.3313f,0f,0.4052f,-0.9142f,-0.0403f,0f,0f,0f,1f],start_interpolation: 0,interpolation_duration: 1}
$data merge entity $(bone_fabric) {transformation: [-1f,0f,0f,0f,0f,0.9142f,0.4052f,1.3313f,0f,0.4052f,-0.9142f,-0.0403f,0f,0f,0f,1f],start_interpolation: 0,interpolation_duration: 1}
$data merge entity $(bone_bone_overray) {transformation: [-1f,0f,0f,0f,0f,0.9537f,0.3007f,1.3313f,0f,0.3007f,-0.9537f,-0.0403f,0f,0f,0f,1f],start_interpolation: 0,interpolation_duration: 1}
$data merge entity $(bone_bone) {transformation: [-1f,0f,0f,0f,0f,0.9537f,0.3007f,1.3313f,0f,0.3007f,-0.9537f,-0.0403f,0f,0f,0f,1f],start_interpolation: 0,interpolation_duration: 1}
$data merge entity $(bone_left_arm1) {transformation: [-0.9603f,-0.2567f,-0.1092f,0.25f,-0.2463f,0.964f,-0.0997f,1.2693f,0.1309f,-0.0688f,-0.989f,-0.0321f,0f,0f,0f,1f],start_interpolation: 0,interpolation_duration: 1}
$data merge entity $(bone_right_arm1) {transformation: [-0.9603f,0.2567f,0.1092f,-0.25f,0.2463f,0.964f,-0.0997f,1.2693f,-0.1309f,-0.0688f,-0.989f,-0.0321f,0f,0f,0f,1f],start_interpolation: 0,interpolation_duration: 1}
data modify entity @s data merge value {"cameras":{},"locators":{"mouse":{"posx":0.002034862452419212,"posy":1.201483909071594,"posz":0.19306470575827764,"roty":2.3062254507187845,"rotx":49.531100071810016},"left_arm":{"posx":0.4864899457249983,"posy":0.6219314488292428,"posz":0.007021801432192089,"roty":353.69655343914826,"rotx":-5.720149428431366},"right_arm":{"posx":-0.4864899457249983,"posy":0.6219314488292428,"posz":0.007021801432191978,"roty":6.303446560851768,"rotx":-5.720149428431366}}}