# This file was generated by Animated Java via MC-Build. It is not recommended to edit this file directly.
$data merge entity $(bone_eyes) {transformation: [0f,0f,0f,0.0212f,0f,0f,0f,1.3868f,0f,0f,0f,0.3832f,0f,0f,0f,1f],start_interpolation: 0,interpolation_duration: 1}
$data merge entity $(bone_head) {transformation: [-0.9925f,0.1208f,0.0194f,0f,0.0951f,0.6617f,0.7437f,1.3447f,0.077f,0.74f,-0.6682f,-0.0403f,0f,0f,0f,1f],start_interpolation: 0,interpolation_duration: 1}
$data merge entity $(bone_fabric_overray) {transformation: [-1f,0f,0f,0f,0f,0.9276f,0.3735f,1.3447f,0f,0.3735f,-0.9276f,-0.0403f,0f,0f,0f,1f],start_interpolation: 0,interpolation_duration: 1}
$data merge entity $(bone_fabric) {transformation: [-1f,0f,0f,0f,0f,0.9276f,0.3735f,1.3447f,0f,0.3735f,-0.9276f,-0.0403f,0f,0f,0f,1f],start_interpolation: 0,interpolation_duration: 1}
$data merge entity $(bone_bone_overray) {transformation: [-1f,0f,0f,0f,0f,0.9537f,0.3007f,1.3447f,0f,0.3007f,-0.9537f,-0.0403f,0f,0f,0f,1f],start_interpolation: 0,interpolation_duration: 1}
$data merge entity $(bone_bone) {transformation: [-1f,0f,0f,0f,0f,0.9537f,0.3007f,1.3447f,0f,0.3007f,-0.9537f,-0.0403f,0f,0f,0f,1f],start_interpolation: 0,interpolation_duration: 1}
$data merge entity $(bone_left_arm1) {transformation: [-0.9627f,-0.2477f,-0.1093f,0.25f,-0.2373f,0.9663f,-0.0997f,1.2827f,0.1303f,-0.07f,-0.989f,-0.0321f,0f,0f,0f,1f],start_interpolation: 0,interpolation_duration: 1}
$data merge entity $(bone_right_arm1) {transformation: [-0.9627f,0.2477f,0.1093f,-0.25f,0.2373f,0.9663f,-0.0997f,1.2827f,-0.1303f,-0.07f,-0.989f,-0.0321f,0f,0f,0f,1f],start_interpolation: 0,interpolation_duration: 1}
data modify entity @s data merge value {"cameras":{},"locators":{"mouse":{"posx":0.006483929742906529,"posy":1.2207724600180359,"posz":0.19617021680495622,"roty":1.6603491072859526,"rotx":48.04935579813291},"left_arm":{"posx":0.48045804787405255,"posy":0.6332009351450283,"posz":0.007881009701082554,"roty":353.69378568140564,"rotx":-5.719302497238499},"right_arm":{"posx":-0.48045804787405255,"posy":0.6332009351450283,"posz":0.007881009701082436,"roty":6.306214318594385,"rotx":-5.719302497238499}}}