# This file was generated by Animated Java via MC-Build. It is not recommended to edit this file directly.
$data merge entity $(bone_eyes) {transformation: [0f,0f,0f,0.0393f,0f,0f,0f,1.4201f,0f,0f,0f,0.38f,0f,0f,0f,1f],start_interpolation: 0,interpolation_duration: 1}
$data merge entity $(bone_head) {transformation: [-0.9866f,0.163f,0.0054f,0f,0.1175f,0.6878f,0.7163f,1.3618f,0.113f,0.7074f,-0.6978f,-0.0403f,0f,0f,0f,1f],start_interpolation: 0,interpolation_duration: 1}
$data merge entity $(bone_fabric_overray) {transformation: [-1f,0f,0f,0f,0f,0.948f,0.3184f,1.3618f,0f,0.3184f,-0.948f,-0.0403f,0f,0f,0f,1f],start_interpolation: 0,interpolation_duration: 1}
$data merge entity $(bone_fabric) {transformation: [-1f,0f,0f,0f,0f,0.948f,0.3184f,1.3618f,0f,0.3184f,-0.948f,-0.0403f,0f,0f,0f,1f],start_interpolation: 0,interpolation_duration: 1}
$data merge entity $(bone_bone_overray) {transformation: [-1f,0f,0f,0f,0f,0.9537f,0.3007f,1.3618f,0f,0.3007f,-0.9537f,-0.0403f,0f,0f,0f,1f],start_interpolation: 0,interpolation_duration: 1}
$data merge entity $(bone_bone) {transformation: [-1f,0f,0f,0f,0f,0.9537f,0.3007f,1.3618f,0f,0.3007f,-0.9537f,-0.0403f,0f,0f,0f,1f],start_interpolation: 0,interpolation_duration: 1}
$data merge entity $(bone_left_arm1) {transformation: [-0.9655f,-0.2362f,-0.1094f,0.25f,-0.2258f,0.9691f,-0.0996f,1.2998f,0.1295f,-0.0715f,-0.989f,-0.0321f,0f,0f,0f,1f],start_interpolation: 0,interpolation_duration: 1}
$data merge entity $(bone_right_arm1) {transformation: [-0.9655f,0.2362f,0.1094f,-0.25f,0.2258f,0.9691f,-0.0996f,1.2998f,-0.1295f,-0.0715f,-0.989f,-0.0321f,0f,0f,0f,1f],start_interpolation: 0,interpolation_duration: 1}
data modify entity @s data merge value {"cameras":{},"locators":{"mouse":{"posx":0.013931883563896852,"posy":1.247184340294693,"posz":0.20050002996975774,"roty":0.4424897835314141,"rotx":45.75074595795557},"left_arm":{"posx":0.4727199244716895,"posy":0.6476856221751792,"posz":0.00896822980944608,"roty":353.6894732471941,"rotx":-5.717906008820346},"right_arm":{"posx":-0.47271992447168953,"posy":0.6476856221751792,"posz":0.008968229809445984,"roty":6.310526752805941,"rotx":-5.717906008820348}}}