# This file was generated by Animated Java via MC-Build. It is not recommended to edit this file directly.
$data merge entity $(bone_eyes) {transformation: [0f,0f,0f,-0.0646f,0f,0f,0f,1.266f,0f,0f,0f,0.3807f,0f,0f,0f,1f],start_interpolation: 0,interpolation_duration: 1}
$data merge entity $(bone_head) {transformation: [-0.9911f,-0.1321f,0.0146f,0f,-0.0631f,0.5644f,0.8231f,1.2798f,-0.117f,0.8148f,-0.5678f,-0.0403f,0f,0f,0f,1f],start_interpolation: 0,interpolation_duration: 1}
$data merge entity $(bone_fabric_overray) {transformation: [-1f,0f,0f,0f,0f,0.9276f,0.3736f,1.2798f,0f,0.3736f,-0.9276f,-0.0403f,0f,0f,0f,1f],start_interpolation: 0,interpolation_duration: 1}
$data merge entity $(bone_fabric) {transformation: [-1f,0f,0f,0f,0f,0.9276f,0.3736f,1.2798f,0f,0.3736f,-0.9276f,-0.0403f,0f,0f,0f,1f],start_interpolation: 0,interpolation_duration: 1}
$data merge entity $(bone_bone_overray) {transformation: [-1f,0f,0f,0f,0f,0.9537f,0.3007f,1.2798f,0f,0.3007f,-0.9537f,-0.0403f,0f,0f,0f,1f],start_interpolation: 0,interpolation_duration: 1}
$data merge entity $(bone_bone) {transformation: [-1f,0f,0f,0f,0f,0.9537f,0.3007f,1.2798f,0f,0.3007f,-0.9537f,-0.0403f,0f,0f,0f,1f],start_interpolation: 0,interpolation_duration: 1}
$data merge entity $(bone_left_arm1) {transformation: [-0.9505f,-0.291f,-0.1092f,0.25f,-0.2808f,0.9546f,-0.0997f,1.2178f,0.1332f,-0.0641f,-0.989f,-0.0321f,0f,0f,0f,1f],start_interpolation: 0,interpolation_duration: 1}
$data merge entity $(bone_right_arm1) {transformation: [-0.9505f,0.291f,0.1092f,-0.25f,0.2808f,0.9546f,-0.0997f,1.2178f,-0.1332f,-0.0641f,-0.989f,-0.0321f,0f,0f,0f,1f],start_interpolation: 0,interpolation_duration: 1}
data modify entity @s data merge value {"cameras":{},"locators":{"mouse":{"posx":-0.01604409308920406,"posy":1.1269269207773105,"posz":0.1780745175657831,"roty":1.4752710687988326,"rotx":55.39328597631027},"left_arm":{"posx":0.5094935147813939,"posy":0.5791064220234203,"posz":0.00364785783161644,"roty":353.7021659773455,"rotx":-5.721587111165624},"right_arm":{"posx":-0.5094935147813939,"posy":0.5791064220234203,"posz":0.003647857831616315,"roty":6.297834022654513,"rotx":-5.721587111165622}}}