# This file was generated by Animated Java via MC-Build. It is not recommended to edit this file directly.
$data merge entity $(bone_eyes) {transformation: [0f,0f,0f,-0.071f,0f,0f,0f,1.233f,0f,0f,0f,0.3789f,0f,0f,0f,1f],start_interpolation: 0,interpolation_duration: 1}
$data merge entity $(bone_head) {transformation: [-0.9883f,-0.1521f,0.0131f,0f,-0.0714f,0.5364f,0.841f,1.2611f,-0.135f,0.8302f,-0.5409f,-0.0403f,0f,0f,0f,1f],start_interpolation: 0,interpolation_duration: 1}
$data merge entity $(bone_fabric_overray) {transformation: [-1f,0f,0f,0f,0f,0.9222f,0.3867f,1.2611f,0f,0.3867f,-0.9222f,-0.0403f,0f,0f,0f,1f],start_interpolation: 0,interpolation_duration: 1}
$data merge entity $(bone_fabric) {transformation: [-1f,0f,0f,0f,0f,0.9222f,0.3867f,1.2611f,0f,0.3867f,-0.9222f,-0.0403f,0f,0f,0f,1f],start_interpolation: 0,interpolation_duration: 1}
$data merge entity $(bone_bone_overray) {transformation: [-1f,0f,0f,0f,0f,0.9537f,0.3007f,1.2611f,0f,0.3007f,-0.9537f,-0.0403f,0f,0f,0f,1f],start_interpolation: 0,interpolation_duration: 1}
$data merge entity $(bone_bone) {transformation: [-1f,0f,0f,0f,0f,0.9537f,0.3007f,1.2611f,0f,0.3007f,-0.9537f,-0.0403f,0f,0f,0f,1f],start_interpolation: 0,interpolation_duration: 1}
$data merge entity $(bone_left_arm1) {transformation: [-0.9466f,-0.3034f,-0.1091f,0.25f,-0.2933f,0.9508f,-0.0997f,1.1991f,0.134f,-0.0624f,-0.989f,-0.0321f,0f,0f,0f,1f],start_interpolation: 0,interpolation_duration: 1}
$data merge entity $(bone_right_arm1) {transformation: [-0.9466f,0.3034f,0.1091f,-0.25f,0.2933f,0.9508f,-0.0997f,1.1991f,-0.134f,-0.0624f,-0.989f,-0.0321f,0f,0f,0f,1f],start_interpolation: 0,interpolation_duration: 1}
data modify entity @s data merge value {"cameras":{},"locators":{"mouse":{"posx":-0.017533165578370504,"posy":1.1010992685960357,"posz":0.1728063041681276,"roty":1.3857787967747015,"rotx":57.24222696969442},"left_arm":{"posx":0.5177742039584217,"posy":0.5637420518271149,"posz":0.0023943503418826506,"roty":353.70220017408406,"rotx":-5.721471153367048},"right_arm":{"posx":-0.5177742039584217,"posy":0.5637420518271149,"posz":0.0023943503418825188,"roty":6.2977998259159165,"rotx":-5.721471153367048}}}