# This file was generated by Animated Java via MC-Build. It is not recommended to edit this file directly.
$data merge entity $(bone_eyes) {transformation: [-1f,0f,0f,-0.0156f,0f,0.9397f,0.3421f,1.6175f,0f,0.3421f,-0.9397f,0.395f,0f,0f,0f,1f],start_interpolation: 0,interpolation_duration: 1}
$data merge entity $(bone_head) {transformation: [-1f,0f,0f,0f,0f,0.9397f,0.3421f,1.3805f,0f,0.3421f,-0.9397f,0.0413f,0f,0f,0f,1f],start_interpolation: 0,interpolation_duration: 1}
$data merge entity $(bone_fabric_overray) {transformation: [-1f,0f,0f,0f,0f,0.9581f,-0.2864f,1.3805f,0f,-0.2864f,-0.9581f,0.0413f,0f,0f,0f,1f],start_interpolation: 0,interpolation_duration: 1}
$data merge entity $(bone_fabric) {transformation: [-1f,0f,0f,0f,0f,0.9581f,-0.2864f,1.3805f,0f,-0.2864f,-0.9581f,0.0413f,0f,0f,0f,1f],start_interpolation: 0,interpolation_duration: 1}
$data merge entity $(bone_bone_overray) {transformation: [-1f,0f,0f,0f,0f,0.9259f,-0.3778f,1.3805f,0f,-0.3778f,-0.9259f,0.0413f,0f,0f,0f,1f],start_interpolation: 0,interpolation_duration: 1}
$data merge entity $(bone_bone) {transformation: [-1f,0f,0f,0f,0f,0.9259f,-0.3778f,1.3805f,0f,-0.3778f,-0.9259f,0.0413f,0f,0f,0f,1f],start_interpolation: 0,interpolation_duration: 1}
$data merge entity $(bone_left_arm1) {transformation: [-0.9402f,-0.2699f,-0.2078f,0.25f,-0.3264f,0.5397f,0.776f,1.3185f,-0.0973f,0.7974f,-0.5955f,0.0332f,0f,0f,0f,1f],start_interpolation: 0,interpolation_duration: 1}
$data merge entity $(bone_right_arm1) {transformation: [-0.9402f,0.2699f,0.2078f,-0.25f,0.3264f,0.5397f,0.776f,1.3185f,0.0973f,0.7974f,-0.5955f,0.0332f,0f,0f,0f,1f],start_interpolation: 0,interpolation_duration: 1}
data modify entity @s data merge value {"cameras":{},"locators":{"mouse":{"posx":-3.7757326373305286e-17,"posy":1.3830452579749473,"posz":0.30831196716958237,"roty":0,"rotx":20.006501457725953},"left_arm":{"posx":0.49429121347701166,"posy":0.9678600518055839,"posz":-0.5089799844721176,"roty":340.76578280558437,"rotx":50.894843052381596},"right_arm":{"posx":-0.4942912134770115,"posy":0.9678600518055839,"posz":-0.5089799844721178,"roty":19.234217194415663,"rotx":50.894843052381596},"intaract2":{"posx":1.1754422402530402e-17,"posy":1.2,"posz":-0.09598214285714288,"roty":0,"rotx":0},"intaract":{"posx":1.7221595613009655e-17,"posy":0.19999999999999996,"posz":-0.140625,"roty":0,"rotx":0},"shadow":{"posx":1.7221595613009655e-17,"posy":0,"posz":-0.140625,"roty":0,"rotx":0}}}