# This file was generated by Animated Java via MC-Build. It is not recommended to edit this file directly.
$data merge entity $(bone_eyes) {transformation: [-1f,0f,0f,-0.0156f,0f,0.839f,0.5442f,1.5322f,0f,0.5442f,-0.839f,0.4392f,0f,0f,0f,1f],start_interpolation: 0,interpolation_duration: 1}
$data merge entity $(bone_head) {transformation: [-1f,0f,0f,0f,0f,0.839f,0.5442f,1.3805f,0f,0.5442f,-0.839f,0.0413f,0f,0f,0f,1f],start_interpolation: 0,interpolation_duration: 1}
$data merge entity $(bone_fabric_overray) {transformation: [-1f,0f,0f,0f,0f,0.9513f,-0.3084f,1.3805f,0f,-0.3084f,-0.9513f,0.0413f,0f,0f,0f,1f],start_interpolation: 0,interpolation_duration: 1}
$data merge entity $(bone_fabric) {transformation: [-1f,0f,0f,0f,0f,0.9513f,-0.3084f,1.3805f,0f,-0.3084f,-0.9513f,0.0413f,0f,0f,0f,1f],start_interpolation: 0,interpolation_duration: 1}
$data merge entity $(bone_bone_overray) {transformation: [-1f,0f,0f,0f,0f,0.9881f,-0.1535f,1.3805f,0f,-0.1535f,-0.9881f,0.0413f,0f,0f,0f,1f],start_interpolation: 0,interpolation_duration: 1}
$data merge entity $(bone_bone) {transformation: [-1f,0f,0f,0f,0f,0.9881f,-0.1535f,1.3805f,0f,-0.1535f,-0.9881f,0.0413f,0f,0f,0f,1f],start_interpolation: 0,interpolation_duration: 1}
$data merge entity $(bone_left_arm1) {transformation: [-0.9481f,-0.2904f,-0.1296f,0.25f,-0.3006f,0.6851f,0.6635f,1.3185f,-0.1039f,0.668f,-0.7369f,0.0332f,0f,0f,0f,1f],start_interpolation: 0,interpolation_duration: 1}
$data merge entity $(bone_right_arm1) {transformation: [-0.9481f,0.2904f,0.1296f,-0.25f,0.3006f,0.6851f,0.6635f,1.3185f,0.1039f,0.668f,-0.7369f,0.0332f,0f,0f,0f,1f],start_interpolation: 0,interpolation_duration: 1}
data modify entity @s data merge value {"cameras":{},"locators":{"mouse":{"posx":-3.6994571844108504e-17,"posy":1.3230948602963404,"posz":0.3020836037775591,"roty":0,"rotx":32.9681712962963},"left_arm":{"posx":0.5089181650478225,"posy":0.8662701433160624,"posz":-0.4195972291910522,"roty":350.02632194487944,"rotx":41.56825360287308},"right_arm":{"posx":-0.5089181650478225,"posy":0.8662701433160624,"posz":-0.41959722919105236,"roty":9.97367805512053,"rotx":41.56825360287308},"intaract2":{"posx":-1.0164568432923034e-17,"posy":1.2,"posz":0.08300000000000002,"roty":0,"rotx":0},"intaract":{"posx":5.143516556418881e-18,"posy":0.19999999999999996,"posz":-0.04199999999999998,"roty":0,"rotx":0},"shadow":{"posx":5.143516556418881e-18,"posy":0,"posz":-0.04199999999999998,"roty":0,"rotx":0}}}