# This file was generated by Animated Java via MC-Build. It is not recommended to edit this file directly.
$data merge entity $(bone_eyes) {transformation: [-1f,0f,0f,-0.0156f,0f,0.824f,0.5666f,1.5214f,0f,0.5666f,-0.824f,0.4431f,0f,0f,0f,1f],start_interpolation: 0,interpolation_duration: 1}
$data merge entity $(bone_head) {transformation: [-1f,0f,0f,0f,0f,0.824f,0.5666f,1.3805f,0f,0.5666f,-0.824f,0.0413f,0f,0f,0f,1f],start_interpolation: 0,interpolation_duration: 1}
$data merge entity $(bone_fabric_overray) {transformation: [-1f,0f,0f,0f,0f,0.9797f,-0.2004f,1.3805f,0f,-0.2004f,-0.9797f,0.0413f,0f,0f,0f,1f],start_interpolation: 0,interpolation_duration: 1}
$data merge entity $(bone_fabric) {transformation: [-1f,0f,0f,0f,0f,0.9797f,-0.2004f,1.3805f,0f,-0.2004f,-0.9797f,0.0413f,0f,0f,0f,1f],start_interpolation: 0,interpolation_duration: 1}
$data merge entity $(bone_bone_overray) {transformation: [-1f,0f,0f,0f,0f,0.9979f,-0.0646f,1.3805f,0f,-0.0646f,-0.9979f,0.0413f,0f,0f,0f,1f],start_interpolation: 0,interpolation_duration: 1}
$data merge entity $(bone_bone) {transformation: [-1f,0f,0f,0f,0f,0.9979f,-0.0646f,1.3805f,0f,-0.0646f,-0.9979f,0.0413f,0f,0f,0f,1f],start_interpolation: 0,interpolation_duration: 1}
$data merge entity $(bone_left_arm1) {transformation: [-0.9517f,-0.2971f,-0.0779f,0.25f,-0.2873f,0.7712f,0.5681f,1.3185f,-0.1087f,0.563f,-0.8193f,0.0332f,0f,0f,0f,1f],start_interpolation: 0,interpolation_duration: 1}
$data merge entity $(bone_right_arm1) {transformation: [-0.9517f,0.2971f,0.0779f,-0.25f,0.2873f,0.7712f,0.5681f,1.3185f,0.1087f,0.563f,-0.8193f,0.0332f,0f,0f,0f,1f],start_interpolation: 0,interpolation_duration: 1}
data modify entity @s data merge value {"cameras":{},"locators":{"mouse":{"posx":-3.679385343059687e-17,"posy":1.3160977760329562,"posz":0.300444613550733,"roty":0,"rotx":34.510370370370374},"left_arm":{"posx":0.5137346011425182,"posy":0.8062574371751681,"posz":-0.3470896519154436,"roty":354.5678233829585,"rotx":34.61480780924043},"right_arm":{"posx":-0.5137346011425181,"posy":0.8062574371751681,"posz":-0.3470896519154438,"roty":5.432176617041478,"rotx":34.61480780924043},"intaract2":{"posx":-1.0149260347933693e-17,"posy":1.2,"posz":0.08287500000000003,"roty":0,"rotx":0},"intaract":{"posx":2.0972076435398354e-18,"posy":0.19999999999999996,"posz":-0.017124999999999946,"roty":0,"rotx":0},"shadow":{"posx":2.0972076435398354e-18,"posy":0,"posz":-0.017124999999999946,"roty":0,"rotx":0}}}