# This file was generated by Animated Java via MC-Build. It is not recommended to edit this file directly.
$data merge entity $(bone_eyes) {transformation: [-1f,0f,0f,-0.0156f,0f,0.8186f,0.5744f,1.5176f,0f,0.5744f,-0.8186f,0.4444f,0f,0f,0f,1f],start_interpolation: 0,interpolation_duration: 1}
$data merge entity $(bone_head) {transformation: [-1f,0f,0f,0f,0f,0.8186f,0.5744f,1.3805f,0f,0.5744f,-0.8186f,0.0413f,0f,0f,0f,1f],start_interpolation: 0,interpolation_duration: 1}
$data merge entity $(bone_fabric_overray) {transformation: [-1f,0f,0f,0f,0f,0.9972f,-0.0743f,1.3805f,0f,-0.0743f,-0.9972f,0.0413f,0f,0f,0f,1f],start_interpolation: 0,interpolation_duration: 1}
$data merge entity $(bone_fabric) {transformation: [-1f,0f,0f,0f,0f,0.9972f,-0.0743f,1.3805f,0f,-0.0743f,-0.9972f,0.0413f,0f,0f,0f,1f],start_interpolation: 0,interpolation_duration: 1}
$data merge entity $(bone_bone_overray) {transformation: [-1f,0f,0f,0f,0f,0.9998f,0.0178f,1.3805f,0f,0.0178f,-0.9998f,0.0413f,0f,0f,0f,1f],start_interpolation: 0,interpolation_duration: 1}
$data merge entity $(bone_bone) {transformation: [-1f,0f,0f,0f,0f,0.9998f,0.0178f,1.3805f,0f,0.0178f,-0.9998f,0.0413f,0f,0f,0f,1f],start_interpolation: 0,interpolation_duration: 1}
$data merge entity $(bone_left_arm1) {transformation: [-0.9554f,-0.2945f,-0.0208f,0.25f,-0.2724f,0.8524f,0.4464f,1.3127f,-0.1137f,0.4322f,-0.8946f,0.0324f,0f,0f,0f,1f],start_interpolation: 0,interpolation_duration: 1}
$data merge entity $(bone_right_arm1) {transformation: [-0.9554f,0.2945f,0.0208f,-0.25f,0.2724f,0.8524f,0.4464f,1.3127f,0.1137f,0.4322f,-0.8946f,0.0324f,0f,0f,0f,1f],start_interpolation: 0,interpolation_duration: 1}
data modify entity @s data merge value {"cameras":{},"locators":{"mouse":{"posx":-3.6717379292417565e-17,"posy":1.3136348116694605,"posz":0.2998201548232652,"roty":0,"rotx":35.055625},"left_arm":{"posx":0.5121508730988555,"posy":0.7437407560440811,"posz":-0.25762382262637085,"roty":358.66831983694874,"rotx":26.51429887760251},"right_arm":{"posx":-0.5121508730988554,"posy":0.7437407560440811,"posz":-0.25762382262637107,"roty":1.3316801630512884,"rotx":26.514298877602506},"intaract2":{"posx":-9.18485099360515e-18,"posy":1.2,"posz":0.07500000000000001,"roty":0,"rotx":0},"intaract":{"posx":0,"posy":0.19999999999999996,"posz":0,"roty":0,"rotx":0},"shadow":{"posx":0,"posy":0,"posz":0,"roty":0,"rotx":0}}}