# This file was generated by Animated Java via MC-Build. It is not recommended to edit this file directly.
$data merge entity $(bone_eyes) {transformation: [-1f,0f,0f,-0.0156f,0f,0.8188f,0.574f,1.5177f,0f,0.574f,-0.8188f,0.4444f,0f,0f,0f,1f],start_interpolation: 0,interpolation_duration: 1}
$data merge entity $(bone_head) {transformation: [-1f,0f,0f,0f,0f,0.8188f,0.574f,1.3805f,0f,0.574f,-0.8188f,0.0413f,0f,0f,0f,1f],start_interpolation: 0,interpolation_duration: 1}
$data merge entity $(bone_fabric_overray) {transformation: [-1f,0f,0f,0f,0f,0.999f,0.0446f,1.3805f,0f,0.0446f,-0.999f,0.0413f,0f,0f,0f,1f],start_interpolation: 0,interpolation_duration: 1}
$data merge entity $(bone_fabric) {transformation: [-1f,0f,0f,0f,0f,0.999f,0.0446f,1.3805f,0f,0.0446f,-0.999f,0.0413f,0f,0f,0f,1f],start_interpolation: 0,interpolation_duration: 1}
$data merge entity $(bone_bone_overray) {transformation: [-1f,0f,0f,0f,0f,0.9963f,0.0855f,1.3805f,0f,0.0855f,-0.9963f,0.0413f,0f,0f,0f,1f],start_interpolation: 0,interpolation_duration: 1}
$data merge entity $(bone_bone) {transformation: [-1f,0f,0f,0f,0f,0.9963f,0.0855f,1.3805f,0f,0.0855f,-0.9963f,0.0413f,0f,0f,0f,1f],start_interpolation: 0,interpolation_duration: 1}
$data merge entity $(bone_left_arm1) {transformation: [-0.9593f,-0.2803f,0.0352f,0.25f,-0.2565f,0.9164f,0.3074f,1.305f,-0.1184f,0.2858f,-0.9509f,0.0314f,0f,0f,0f,1f],start_interpolation: 0,interpolation_duration: 1}
$data merge entity $(bone_right_arm1) {transformation: [-0.9593f,0.2803f,-0.0352f,-0.25f,0.2565f,0.9164f,0.3074f,1.305f,0.1184f,0.2858f,-0.9509f,0.0314f,0f,0f,0f,1f],start_interpolation: 0,interpolation_duration: 1}
data modify entity @s data merge value {"cameras":{},"locators":{"mouse":{"posx":-3.6720614883951784e-17,"posy":1.313737059094299,"posz":0.29984657543316245,"roty":0,"rotx":35.03296296296296},"left_arm":{"posx":0.5026819995202648,"posy":0.6910708429132386,"posz":-0.15771032364309834,"roty":2.11863971038548,"rotx":17.900673569449292},"right_arm":{"posx":-0.5026819995202648,"posy":0.6910708429132386,"posz":-0.15771032364309845,"roty":357.8813602896145,"rotx":17.900673569449292},"intaract2":{"posx":-6.123233995736765e-18,"posy":1.2,"posz":0.04999999999999999,"roty":0,"rotx":0}}}