# This file was generated by Animated Java via MC-Build. It is not recommended to edit this file directly.
$data merge entity $(bone_eyes) {transformation: [-1f,0f,0f,-0.0156f,0f,0.9397f,-0.342f,1.7894f,0f,-0.342f,-0.9397f,0.0921f,0f,0f,0f,1f],start_interpolation: 0,interpolation_duration: 1}
$data merge entity $(bone_head) {transformation: [-1f,0f,0f,0f,0f,0.9397f,-0.342f,1.3805f,0f,-0.342f,-0.9397f,-0.0265f,0f,0f,0f,1f],start_interpolation: 0,interpolation_duration: 1}
$data merge entity $(bone_fabric_overray) {transformation: [-1f,0f,0f,0f,0f,0.9005f,0.4349f,1.3805f,0f,0.4349f,-0.9005f,-0.0265f,0f,0f,0f,1f],start_interpolation: 0,interpolation_duration: 1}
$data merge entity $(bone_fabric) {transformation: [-1f,0f,0f,0f,0f,0.9005f,0.4349f,1.3805f,0f,0.4349f,-0.9005f,-0.0265f,0f,0f,0f,1f],start_interpolation: 0,interpolation_duration: 1}
$data merge entity $(bone_bone_overray) {transformation: [-1f,0f,0f,0f,0f,0.9239f,0.3827f,1.3805f,0f,0.3827f,-0.9239f,-0.0265f,0f,0f,0f,1f],start_interpolation: 0,interpolation_duration: 1}
$data merge entity $(bone_bone) {transformation: [-1f,0f,0f,0f,0f,0.9239f,0.3827f,1.3805f,0f,0.3827f,-0.9239f,-0.0265f,0f,0f,0f,1f],start_interpolation: 0,interpolation_duration: 1}
$data merge entity $(bone_left_arm1) {transformation: [-0.9713f,-0.2362f,-0.0284f,0.25f,-0.2276f,0.8881f,0.3994f,1.3185f,-0.0691f,0.3944f,-0.9163f,-0.0346f,0f,0f,0f,1f],start_interpolation: 0,interpolation_duration: 1}
$data merge entity $(bone_right_arm1) {transformation: [-0.9713f,0.2362f,0.0284f,-0.25f,0.2276f,0.8881f,0.3994f,1.3185f,0.0691f,0.3944f,-0.9163f,-0.0346f,0f,0f,0f,1f],start_interpolation: 0,interpolation_duration: 1}
data modify entity @s data merge value {"cameras":{},"locators":{"mouse":{"posx":-2.160260316046592e-17,"posy":1.5540856252231652,"posz":0.17639864143283182,"roty":0,"rotx":-20.000000000000007},"left_arm":{"posx":0.4730886202955514,"posy":0.7221897658192333,"posz":-0.3014237279443291,"roty":358.2264536197034,"rotx":23.538943737486623},"right_arm":{"posx":-0.4730886202955513,"posy":0.7221897658192333,"posz":-0.30142372794432915,"roty":1.7735463802965796,"rotx":23.53894373748663},"intaract2":{"posx":1.0214687906517876e-17,"posy":1.2,"posz":-0.08340925655976678,"roty":0,"rotx":0},"intaract":{"posx":2.1057914773968403e-17,"posy":0.19999999999999996,"posz":-0.17195092322643346,"roty":0,"rotx":0},"shadow":{"posx":2.1057914773968403e-17,"posy":0,"posz":-0.17195092322643346,"roty":0,"rotx":0}}}