# This file was generated by Animated Java via MC-Build. It is not recommended to edit this file directly.
$data merge entity $(bone_eyes) {transformation: [-1f,0f,0f,-0.0156f,0f,0.8126f,0.5828f,1.5134f,0f,0.5828f,-0.8126f,0.4458f,0f,0f,0f,1f],start_interpolation: 0,interpolation_duration: 1}
$data merge entity $(bone_head) {transformation: [-1f,0f,0f,0f,0f,0.8126f,0.5828f,1.3805f,0f,0.5828f,-0.8126f,0.0413f,0f,0f,0f,1f],start_interpolation: 0,interpolation_duration: 1}
$data merge entity $(bone_fabric_overray) {transformation: [-1f,0f,0f,0f,0f,0.9593f,0.2824f,1.3805f,0f,0.2824f,-0.9593f,0.0413f,0f,0f,0f,1f],start_interpolation: 0,interpolation_duration: 1}
$data merge entity $(bone_fabric) {transformation: [-1f,0f,0f,0f,0f,0.9593f,0.2824f,1.3805f,0f,0.2824f,-0.9593f,0.0413f,0f,0f,0f,1f],start_interpolation: 0,interpolation_duration: 1}
$data merge entity $(bone_left_arm1) {transformation: [-0.9701f,-0.1969f,0.1422f,0.25f,-0.2089f,0.9751f,-0.075f,1.2742f,-0.1239f,-0.1024f,-0.987f,0.0273f,0f,0f,0f,1f],start_interpolation: 0,interpolation_duration: 1}
$data merge entity $(bone_right_arm1) {transformation: [-0.9701f,0.1969f,-0.1422f,-0.25f,0.2089f,0.9751f,-0.075f,1.2742f,0.1239f,-0.1024f,-0.987f,0.0273f,0f,0f,0f,1f],start_interpolation: 0,interpolation_duration: 1}
data modify entity @s data merge value {"cameras":{},"locators":{"mouse":{"posx":-3.6631025298459586e-17,"posy":1.3109652025272718,"posz":0.2991150209510492,"roty":0,"rotx":35.64814814814815},"left_arm":{"posx":0.44600254317054466,"posy":0.61694286280641,"posz":0.10549388944229421,"roty":8.198970219211361,"rotx":-4.298619956976379},"right_arm":{"posx":-0.44600254317054466,"posy":0.61694286280641,"posz":0.1054938894422941,"roty":351.80102978078867,"rotx":-4.298619956976379}}}