# This file was generated by Animated Java via MC-Build. It is not recommended to edit this file directly.
$data merge entity $(bone_eyes) {transformation: [-0.9998f,0.0054f,-0.0217f,-0.0083f,-0.0059f,0.8712f,0.491f,1.5565f,0.0216f,0.491f,-0.8709f,0.4292f,0f,0f,0f,1f],start_interpolation: 0,interpolation_duration: 1}
$data merge entity $(bone_head) {transformation: [-0.9998f,0.0054f,-0.0217f,0f,-0.0059f,0.8712f,0.491f,1.3805f,0.0216f,0.491f,-0.8709f,0.0413f,0f,0f,0f,1f],start_interpolation: 0,interpolation_duration: 1}
$data merge entity $(bone_fabric_overray) {transformation: [-1f,0f,0f,0f,0f,0.9914f,0.1305f,1.3805f,0f,0.1305f,-0.9914f,0.0413f,0f,0f,0f,1f],start_interpolation: 0,interpolation_duration: 1}
$data merge entity $(bone_fabric) {transformation: [-1f,0f,0f,0f,0f,0.9914f,0.1305f,1.3805f,0f,0.1305f,-0.9914f,0.0413f,0f,0f,0f,1f],start_interpolation: 0,interpolation_duration: 1}
$data merge entity $(bone_left_arm1) {transformation: [-0.9943f,-0.101f,0.0345f,0.25f,-0.0999f,0.9945f,0.0299f,1.2081f,-0.0374f,0.0263f,-0.999f,0.0186f,0f,0f,0f,1f],start_interpolation: 0,interpolation_duration: 1}
$data merge entity $(bone_right_arm1) {transformation: [-0.9943f,0.101f,-0.0345f,-0.25f,0.0999f,0.9945f,0.0299f,1.2081f,0.0374f,0.0263f,-0.999f,0.0186f,0f,0f,0f,1f],start_interpolation: 0,interpolation_duration: 1}
data modify entity @s data merge value {"cameras":{},"locators":{"mouse":{"posx":0.005928663054721081,"posy":1.3394170231295845,"posz":0.30508042689748155,"roty":358.5744177186824,"rotx":29.403445608519018},"left_arm":{"posx":0.38154972341378085,"posy":0.5305679237062007,"posz":0.002884701172628651,"roty":1.9794156365274773,"rotx":1.7141333311692537},"right_arm":{"posx":-0.38154972341378085,"posy":0.5305679237062007,"posz":0.0028847011726285746,"roty":358.0205843634725,"rotx":1.714133331169253}}}