# This file was generated by Animated Java via MC-Build. It is not recommended to edit this file directly.
$data merge entity $(bone_eyes) {transformation: [-0.9962f,-0.0139f,0.0861f,-0.042f,0.023f,0.9101f,0.4137f,1.5898f,-0.0841f,0.4141f,-0.9063f,0.4101f,0f,0f,0f,1f],start_interpolation: 0,interpolation_duration: 1}
$data merge entity $(bone_head) {transformation: [-0.9962f,-0.0139f,0.0861f,0f,0.023f,0.9101f,0.4137f,1.3805f,-0.0841f,0.4141f,-0.9063f,0.0413f,0f,0f,0f,1f],start_interpolation: 0,interpolation_duration: 1}
$data merge entity $(bone_left_arm1) {transformation: [-0.9962f,-0.0872f,0f,0.25f,-0.0864f,0.9877f,0.1305f,1.1946f,-0.0114f,0.13f,-0.9914f,0.0169f,0f,0f,0f,1f],start_interpolation: 0,interpolation_duration: 1}
$data merge entity $(bone_right_arm1) {transformation: [-0.9962f,0.0872f,0f,-0.25f,0.0864f,0.9877f,0.1305f,1.1946f,0.0114f,0.13f,-0.9914f,0.0169f,0f,0f,0f,1f],start_interpolation: 0,interpolation_duration: 1}
data modify entity @s data merge value {"cameras":{},"locators":{"mouse":{"posx":-0.02282349556699125,"posy":1.3623795573608308,"posz":0.30673016921784657,"roty":5.424400363451042,"rotx":24.43830563960455},"left_arm":{"posx":0.3721817417697491,"posy":0.5209645481496378,"posz":-0.07183380480447862,"roty":0,"rotx":7.500000000000001},"right_arm":{"posx":-0.37218174176974905,"posy":0.5209645481496378,"posz":-0.07183380480447871,"roty":0,"rotx":7.500000000000001}}}