# This file was generated by Animated Java via MC-Build. It is not recommended to edit this file directly.
$data merge entity $(bone_eyes) {transformation: [-0.9397f,0f,0.342f,-0.1006f,0.0885f,0.9659f,0.2432f,1.6528f,-0.3304f,0.2588f,-0.9077f,0.3532f,0f,0f,0f,1f],start_interpolation: 0,interpolation_duration: 1}
$data merge entity $(bone_head) {transformation: [-0.9397f,0f,0.342f,0f,0.0885f,0.9659f,0.2432f,1.3805f,-0.3304f,0.2588f,-0.9077f,0.0413f,0f,0f,0f,1f],start_interpolation: 0,interpolation_duration: 1}
$data merge entity $(bone_left_arm1) {transformation: [-0.9897f,-0.1432f,-0.0095f,0.25f,-0.143f,0.9783f,0.1501f,1.183f,-0.0122f,0.1499f,-0.9886f,0.0153f,0f,0f,0f,1f],start_interpolation: 0,interpolation_duration: 1}
$data merge entity $(bone_right_arm1) {transformation: [-0.9897f,0.1432f,0.0095f,-0.25f,0.143f,0.9783f,0.1501f,1.183f,0.0122f,0.1499f,-0.9886f,0.0153f,0f,0f,0f,1f],start_interpolation: 0,interpolation_duration: 1}
data modify entity @s data merge value {"cameras":{},"locators":{"mouse":{"posx":-0.08550503583150124,"posy":1.4102373657076401,"posz":0.29250675950878113,"roty":20.64689648712684,"rotx":14.076095421572147},"left_arm":{"posx":0.4102733217449265,"posy":0.5193375452831036,"posz":-0.08698713475846868,"roty":359.4471657780543,"rotx":8.633071504968713},"right_arm":{"posx":-0.4102733217449265,"posy":0.5193375452831036,"posz":-0.0869871347584688,"roty":0.5528342219457159,"rotx":8.633071504968715}}}