# This file was generated by Animated Java via MC-Build. It is not recommended to edit this file directly.
$data merge entity $(bone_eyes) {transformation: [-0.9999f,-0.0001f,-0.0164f,-0.0116f,-0.0043f,0.9671f,0.2543f,1.649f,0.0158f,0.2544f,-0.967f,0.372f,0f,0f,0f,1f],start_interpolation: 0,interpolation_duration: 1}
$data merge entity $(bone_head) {transformation: [-0.9999f,-0.0001f,-0.0164f,0f,-0.0043f,0.9671f,0.2543f,1.3805f,0.0158f,0.2544f,-0.967f,0.0413f,0f,0f,0f,1f],start_interpolation: 0,interpolation_duration: 1}
$data merge entity $(bone_left_arm1) {transformation: [-0.985f,-0.1721f,-0.0076f,0.25f,-0.1714f,0.9745f,0.145f,1.1946f,-0.0176f,0.1441f,-0.9894f,0.0169f,0f,0f,0f,1f],start_interpolation: 0,interpolation_duration: 1}
$data merge entity $(bone_right_arm1) {transformation: [-0.985f,0.1721f,0.0076f,-0.25f,0.1714f,0.9745f,0.145f,1.1946f,0.0176f,0.1441f,-0.9894f,0.0169f,0f,0f,0f,1f],start_interpolation: 0,interpolation_duration: 1}
data modify entity @s data merge value {"cameras":{},"locators":{"mouse":{"posx":0.004079466390673852,"posy":1.4075674884480769,"posz":0.3069157860519801,"roty":359.0304546532959,"rotx":14.734059385364231},"left_arm":{"posx":0.4299055172671188,"posy":0.5353514479569214,"posz":-0.08114453517832113,"roty":359.56069613151453,"rotx":8.337480452503787},"right_arm":{"posx":-0.4299055172671188,"posy":0.5353514479569214,"posz":-0.08114453517832125,"roty":0.4393038684854389,"rotx":8.337480452503788}}}