# This file was generated by Animated Java via MC-Build. It is not recommended to edit this file directly.
$data merge entity $(bone_eyes) {transformation: [-0.9397f,0f,-0.342f,0.0712f,-0.0885f,0.9659f,0.2432f,1.65f,0.3304f,0.2588f,-0.9077f,0.3635f,0f,0f,0f,1f],start_interpolation: 0,interpolation_duration: 1}
$data merge entity $(bone_head) {transformation: [-0.9397f,0f,-0.342f,0f,-0.0885f,0.9659f,0.2432f,1.3805f,0.3304f,0.2588f,-0.9077f,0.0413f,0f,0f,0f,1f],start_interpolation: 0,interpolation_duration: 1}
$data merge entity $(bone_left_arm1) {transformation: [-0.9803f,-0.1974f,-0.0044f,0.25f,-0.1961f,0.9708f,0.1385f,1.2313f,-0.023f,0.1366f,-0.9904f,0.0217f,0f,0f,0f,1f],start_interpolation: 0,interpolation_duration: 1}
$data merge entity $(bone_right_arm1) {transformation: [-0.9803f,0.1974f,0.0044f,-0.25f,0.1961f,0.9708f,0.1385f,1.2313f,0.023f,0.1366f,-0.9904f,0.0217f,0f,0f,0f,1f],start_interpolation: 0,interpolation_duration: 1}
data modify entity @s data merge value {"cameras":{},"locators":{"mouse":{"posx":0.08550503583144521,"posy":1.4102373657081013,"posz":0.29250675950874555,"roty":339.35310351288257,"rotx":14.07609542147257},"left_arm":{"posx":0.44700060180201734,"posy":0.5761738855872889,"posz":-0.07079047138432945,"roty":359.74417619369916,"rotx":7.9589614865495815},"right_arm":{"posx":-0.4470006018020173,"posy":0.5761738855872889,"posz":-0.07079047138432956,"roty":0.2558238063008389,"rotx":7.958961486549581}}}