# This file was generated by Animated Java via MC-Build. It is not recommended to edit this file directly.
$data merge entity $(bone_eyes) {transformation: [-0.9659f,0f,0.2588f,-0.0801f,0.067f,0.9659f,0.25f,1.6508f,-0.25f,0.2588f,-0.933f,0.3608f,0f,0f,0f,1f],start_interpolation: 0,interpolation_duration: 1}
$data merge entity $(bone_head) {transformation: [-0.9659f,0f,0.2588f,0f,0.067f,0.9659f,0.25f,1.3805f,-0.25f,0.2588f,-0.933f,0.0413f,0f,0f,0f,1f],start_interpolation: 0,interpolation_duration: 1}
$data merge entity $(bone_left_arm1) {transformation: [-0.9763f,-0.2164f,0f,0.25f,-0.2146f,0.9679f,0.1305f,1.3185f,-0.0283f,0.1274f,-0.9914f,0.0332f,0f,0f,0f,1f],start_interpolation: 0,interpolation_duration: 1}
$data merge entity $(bone_right_arm1) {transformation: [-0.9763f,0.2164f,0f,-0.25f,0.2146f,0.9679f,0.1305f,1.3185f,0.0283f,0.1274f,-0.9914f,0.0332f,0f,0f,0f,1f],start_interpolation: 0,interpolation_duration: 1}
data modify entity @s data merge value {"cameras":{},"locators":{"mouse":{"posx":-0.06470476127577017,"posy":1.4085399524084197,"posz":0.2988415921842022,"roty":15.504089833661084,"rotx":14.47751218576981},"left_arm":{"posx":0.4598207350274416,"posy":0.6664695829328038,"posz":-0.052677703563733906,"roty":0,"rotx":7.5},"right_arm":{"posx":-0.45982073502744153,"posy":0.6664695829328038,"posz":-0.05267770356373402,"roty":0,"rotx":7.5}}}