# This file was generated by Animated Java via MC-Build. It is not recommended to edit this file directly.
$data merge entity $(bone_eyes) {transformation: [-0.9738f,0.0209f,0.2265f,-0.0649f,0.0591f,0.9848f,0.1631f,1.679f,-0.2197f,0.1722f,-0.9603f,0.3384f,0f,0f,0f,1f],start_interpolation: 0,interpolation_duration: 1}
$data merge entity $(bone_head) {transformation: [-0.9738f,0.0209f,0.2265f,0f,0.0591f,0.9848f,0.1631f,1.3805f,-0.2197f,0.1722f,-0.9603f,0.0413f,0f,0f,0f,1f],start_interpolation: 0,interpolation_duration: 1}
$data merge entity $(bone_left_arm1) {transformation: [-0.9833f,-0.182f,0f,0.25f,-0.1805f,0.9749f,0.1305f,1.3185f,-0.0238f,0.1283f,-0.9914f,0.0332f,0f,0f,0f,1f],start_interpolation: 0,interpolation_duration: 1}
$data merge entity $(bone_right_arm1) {transformation: [-0.9833f,0.182f,0f,-0.25f,0.1805f,0.9749f,0.1305f,1.3185f,0.0238f,0.1283f,-0.9914f,0.0332f,0f,0f,0f,1f],start_interpolation: 0,interpolation_duration: 1}
data modify entity @s data merge value {"cameras":{},"locators":{"mouse":{"posx":-0.054670077479098474,"posy":1.4320334514501347,"posz":0.2975329153553728,"roty":13.27330644242403,"rotx":9.3878733245252},"left_arm":{"posx":0.43660442084593354,"posy":0.6595689484052388,"posz":-0.05358618933422563,"roty":0,"rotx":7.5},"right_arm":{"posx":-0.43660442084593354,"posy":0.6595689484052388,"posz":-0.053586189334225744,"roty":0,"rotx":7.5}}}