# This file was generated by Animated Java via MC-Build. It is not recommended to edit this file directly.
$data merge entity $(bone_eyes) {transformation: [-0.995f,0.0216f,0.0977f,-0.0327f,0.0262f,0.9986f,0.0461f,1.7126f,-0.0966f,0.0484f,-0.9941f,0.3062f,0f,0f,0f,1f],start_interpolation: 0,interpolation_duration: 1}
$data merge entity $(bone_head) {transformation: [-0.995f,0.0216f,0.0977f,0f,0.0262f,0.9986f,0.0461f,1.3805f,-0.0966f,0.0484f,-0.9941f,0.0413f,0f,0f,0f,1f],start_interpolation: 0,interpolation_duration: 1}
$data merge entity $(bone_left_arm1) {transformation: [-0.9931f,-0.117f,0f,0.25f,-0.116f,0.9846f,0.1305f,1.3185f,-0.0153f,0.1296f,-0.9914f,0.0332f,0f,0f,0f,1f],start_interpolation: 0,interpolation_duration: 1}
$data merge entity $(bone_right_arm1) {transformation: [-0.9931f,0.117f,0f,-0.25f,0.116f,0.9846f,0.1305f,1.3185f,0.0153f,0.1296f,-0.9914f,0.0332f,0f,0f,0f,1f],start_interpolation: 0,interpolation_duration: 1}
data modify entity @s data merge value {"cameras":{},"locators":{"mouse":{"posx":-0.02240166605313936,"posy":1.4625743201200772,"posz":0.29440213084863415,"roty":5.612402216693539,"rotx":2.643007941843635},"left_arm":{"posx":0.3925053508089901,"posy":0.6488315083158338,"posz":-0.054999800139690865,"roty":0,"rotx":7.5},"right_arm":{"posx":-0.39250535080899007,"posy":0.6488315083158338,"posz":-0.054999800139690976,"roty":0,"rotx":7.500000000000001}}}