# This file was generated by Animated Java via MC-Build. It is not recommended to edit this file directly.
$data merge entity $(bone_eyes) {transformation: [-1f,0f,0f,-0.0156f,0f,0.9409f,-0.3387f,1.789f,0f,-0.3387f,-0.9409f,-0.0034f,0f,0f,0f,1f],start_interpolation: 0,interpolation_duration: 1}
$data merge entity $(bone_head) {transformation: [-1f,0f,0f,0f,0f,0.9409f,-0.3387f,1.3805f,0f,-0.3387f,-0.9409f,-0.1234f,0f,0f,0f,1f],start_interpolation: 0,interpolation_duration: 1}
$data merge entity $(bone_fabric_overray) {transformation: [-1f,0f,0f,0f,0f,0.7373f,0.6756f,1.3805f,0f,0.6756f,-0.7373f,-0.1234f,0f,0f,0f,1f],start_interpolation: 0,interpolation_duration: 1}
$data merge entity $(bone_fabric) {transformation: [-1f,0f,0f,0f,0f,0.7373f,0.6756f,1.3805f,0f,0.6756f,-0.7373f,-0.1234f,0f,0f,0f,1f],start_interpolation: 0,interpolation_duration: 1}
$data merge entity $(bone_bone_overray) {transformation: [-1f,0f,0f,0f,0f,0.9226f,0.3857f,1.3805f,0f,0.3857f,-0.9226f,-0.1234f,0f,0f,0f,1f],start_interpolation: 0,interpolation_duration: 1}
$data merge entity $(bone_bone) {transformation: [-1f,0f,0f,0f,0f,0.9226f,0.3857f,1.3805f,0f,0.3857f,-0.9226f,-0.1234f,0f,0f,0f,1f],start_interpolation: 0,interpolation_duration: 1}
$data merge entity $(bone_left_arm1) {transformation: [-0.9374f,-0.3301f,-0.1105f,0.25f,-0.333f,0.7578f,0.5611f,1.3185f,-0.1016f,0.5628f,-0.8203f,-0.1316f,0f,0f,0f,1f],start_interpolation: 0,interpolation_duration: 1}
$data merge entity $(bone_right_arm1) {transformation: [-0.9374f,0.3301f,0.1105f,-0.25f,0.333f,0.7578f,0.5611f,1.3185f,0.1016f,0.5628f,-0.8203f,-0.1316f,0f,0f,0f,1f],start_interpolation: 0,interpolation_duration: 1}
data modify entity @s data merge value {"cameras":{},"locators":{"mouse":{"posx":-9.806062568144248e-18,"posy":1.5533670832346866,"posz":0.08007257745638668,"roty":0,"rotx":-19.797360000000005},"left_arm":{"posx":0.535565261794931,"posy":0.8183424498973377,"posz":-0.5121330582487966,"roty":352.3317348101085,"rotx":34.133193844034146},"right_arm":{"posx":-0.5355652617949309,"posy":0.8183424498973377,"posz":-0.5121330582487966,"roty":7.668265189891542,"rotx":34.133193844034146},"intaract2":{"posx":2.399977464436914e-17,"posy":1.2,"posz":-0.19597303206997085,"roty":0,"rotx":0},"intaract":{"posx":4.568622837927019e-17,"posy":0.19999999999999996,"posz":-0.3730563654033042,"roty":0,"rotx":0},"shadow":{"posx":4.568622837927019e-17,"posy":0,"posz":-0.3730563654033042,"roty":0,"rotx":0}}}