# This file was generated by Animated Java via MC-Build. It is not recommended to edit this file directly.
$data merge entity $(bone_eyes) {transformation: [-1f,0f,0f,-0.0156f,0f,0.9505f,-0.3107f,1.7853f,0f,-0.3107f,-0.9505f,-0.0344f,0f,0f,0f,1f],start_interpolation: 0,interpolation_duration: 1}
$data merge entity $(bone_head) {transformation: [-1f,0f,0f,0f,0f,0.9505f,-0.3107f,1.3805f,0f,-0.3107f,-0.9505f,-0.1664f,0f,0f,0f,1f],start_interpolation: 0,interpolation_duration: 1}
$data merge entity $(bone_fabric_overray) {transformation: [-1f,0f,0f,0f,0f,0.7235f,0.6903f,1.3805f,0f,0.6903f,-0.7235f,-0.1664f,0f,0f,0f,1f],start_interpolation: 0,interpolation_duration: 1}
$data merge entity $(bone_fabric) {transformation: [-1f,0f,0f,0f,0f,0.7235f,0.6903f,1.3805f,0f,0.6903f,-0.7235f,-0.1664f,0f,0f,0f,1f],start_interpolation: 0,interpolation_duration: 1}
$data merge entity $(bone_bone_overray) {transformation: [-1f,0f,0f,0f,0f,0.9537f,0.3007f,1.3805f,0f,0.3007f,-0.9537f,-0.1664f,0f,0f,0f,1f],start_interpolation: 0,interpolation_duration: 1}
$data merge entity $(bone_bone) {transformation: [-1f,0f,0f,0f,0f,0.9537f,0.3007f,1.3805f,0f,0.3007f,-0.9537f,-0.1664f,0f,0f,0f,1f],start_interpolation: 0,interpolation_duration: 1}
$data merge entity $(bone_left_arm1) {transformation: [-0.9341f,-0.3317f,-0.1318f,0.25f,-0.3415f,0.7236f,0.5998f,1.3185f,-0.1035f,0.6053f,-0.7893f,-0.1746f,0f,0f,0f,1f],start_interpolation: 0,interpolation_duration: 1}
$data merge entity $(bone_right_arm1) {transformation: [-0.9341f,0.3317f,0.1318f,-0.25f,0.3415f,0.7236f,0.5998f,1.3185f,0.1035f,0.6053f,-0.7893f,-0.1746f,0f,0f,0f,1f],start_interpolation: 0,interpolation_duration: 1}
data modify entity @s data merge value {"cameras":{},"locators":{"mouse":{"posx":-5.156109772300663e-18,"posy":1.5472623255569622,"posz":0.04210283141139587,"roty":0,"rotx":-18.09944},"left_arm":{"posx":0.5363984752519557,"posy":0.8423714013776549,"posz":-0.5842202703887406,"roty":350.51837665982646,"rotx":36.852521667650564},"right_arm":{"posx":-0.5363984752519556,"posy":0.8423714013776549,"posz":-0.5842202703887407,"roty":9.481623340173542,"rotx":36.852521667650564},"intaract2":{"posx":3.0222868232419765e-17,"posy":1.2,"posz":-0.2467884475218659,"roty":0,"rotx":0},"intaract":{"posx":5.733093540104608e-17,"posy":0.19999999999999996,"posz":-0.4681426141885326,"roty":0,"rotx":0},"shadow":{"posx":5.733093540104608e-17,"posy":0,"posz":-0.4681426141885326,"roty":0,"rotx":0}}}