# This file was generated by Animated Java via MC-Build. It is not recommended to edit this file directly.
$data merge entity $(bone_eyes) {transformation: [-1f,0f,0f,-0.0156f,0f,0.9651f,-0.2617f,1.778f,0f,-0.2617f,-0.9651f,-0.0445f,0f,0f,0f,1f],start_interpolation: 0,interpolation_duration: 1}
$data merge entity $(bone_head) {transformation: [-1f,0f,0f,0f,0f,0.9651f,-0.2617f,1.3805f,0f,-0.2617f,-0.9651f,-0.197f,0f,0f,0f,1f],start_interpolation: 0,interpolation_duration: 1}
$data merge entity $(bone_fabric_overray) {transformation: [-1f,0f,0f,0f,0f,0.7464f,0.6655f,1.3805f,0f,0.6655f,-0.7464f,-0.197f,0f,0f,0f,1f],start_interpolation: 0,interpolation_duration: 1}
$data merge entity $(bone_fabric) {transformation: [-1f,0f,0f,0f,0f,0.7464f,0.6655f,1.3805f,0f,0.6655f,-0.7464f,-0.197f,0f,0f,0f,1f],start_interpolation: 0,interpolation_duration: 1}
$data merge entity $(bone_bone_overray) {transformation: [-1f,0f,0f,0f,0f,0.9842f,0.1771f,1.3805f,0f,0.1771f,-0.9842f,-0.197f,0f,0f,0f,1f],start_interpolation: 0,interpolation_duration: 1}
$data merge entity $(bone_bone) {transformation: [-1f,0f,0f,0f,0f,0.9842f,0.1771f,1.3805f,0f,0.1771f,-0.9842f,-0.197f,0f,0f,0f,1f],start_interpolation: 0,interpolation_duration: 1}
$data merge entity $(bone_left_arm1) {transformation: [-0.9323f,-0.3274f,-0.1536f,0.25f,-0.3463f,0.6861f,0.6398f,1.3185f,-0.1041f,0.6497f,-0.753f,-0.2052f,0f,0f,0f,1f],start_interpolation: 0,interpolation_duration: 1}
$data merge entity $(bone_right_arm1) {transformation: [-0.9323f,0.3274f,0.1536f,-0.25f,0.3463f,0.6861f,0.6398f,1.3185f,0.1041f,0.6497f,-0.753f,-0.2052f,0f,0f,0f,1f],start_interpolation: 0,interpolation_duration: 1}
data modify entity @s data merge value {"cameras":{},"locators":{"mouse":{"posx":-2.41707515035647e-18,"posy":1.5363948811837946,"posz":0.019736916407566085,"roty":0,"rotx":-15.17168000000001},"left_arm":{"posx":0.5333383727958706,"posy":0.8684836238831947,"posz":-0.6453422954709747,"roty":348.47093715878884,"rotx":39.777778174981535},"right_arm":{"posx":-0.5333383727958705,"posy":0.8684836238831947,"posz":-0.6453422954709748,"roty":11.529062841211157,"rotx":39.77777817498152},"intaract2":{"posx":3.4928542317153695e-17,"posy":1.2,"posz":-0.2852131924198251,"roty":0,"rotx":0},"intaract":{"posx":6.745822291950526e-17,"posy":0.19999999999999996,"posz":-0.5508381924198251,"roty":0,"rotx":0},"shadow":{"posx":6.745822291950526e-17,"posy":0,"posz":-0.5508381924198251,"roty":0,"rotx":0}}}