# This file was generated by Animated Java via MC-Build. It is not recommended to edit this file directly.
$data merge entity $(bone_eyes) {transformation: [-1f,0f,0f,-0.0156f,0f,0.9993f,-0.0366f,1.7252f,0f,-0.0366f,-0.9993f,0.2271f,0f,0f,0f,1f],start_interpolation: 0,interpolation_duration: 1}
$data merge entity $(bone_head) {transformation: [-1f,0f,0f,0f,0f,0.9993f,-0.0366f,1.3725f,0f,-0.0366f,-0.9993f,-0.0114f,0f,0f,0f,1f],start_interpolation: 0,interpolation_duration: 1}
$data merge entity $(bone_fabric_overray) {transformation: [-1f,0f,0f,0f,0f,1f,-0.0009f,1.3725f,0f,-0.0009f,-1f,-0.0114f,0f,0f,0f,1f],start_interpolation: 0,interpolation_duration: 1}
$data merge entity $(bone_fabric) {transformation: [-1f,0f,0f,0f,0f,1f,-0.0009f,1.3725f,0f,-0.0009f,-1f,-0.0114f,0f,0f,0f,1f],start_interpolation: 0,interpolation_duration: 1}
$data merge entity $(bone_bone_overray) {transformation: [-1f,0f,0f,0f,0f,0.9993f,-0.0366f,1.3725f,0f,-0.0366f,-0.9993f,-0.0114f,0f,0f,0f,1f],start_interpolation: 0,interpolation_duration: 1}
$data merge entity $(bone_bone) {transformation: [-1f,0f,0f,0f,0f,0.9993f,-0.0366f,1.3725f,0f,-0.0366f,-0.9993f,-0.0114f,0f,0f,0f,1f],start_interpolation: 0,interpolation_duration: 1}
$data merge entity $(bone_left_arm1) {transformation: [-0.9993f,-0.0372f,0.0005f,0.25f,-0.0367f,0.9841f,-0.174f,1.31f,0.006f,-0.1739f,-0.9847f,-0.0091f,0f,0f,0f,1f],start_interpolation: 0,interpolation_duration: 1}
$data merge entity $(bone_right_arm1) {transformation: [-0.9993f,0.0372f,-0.0005f,-0.25f,0.0367f,0.9841f,-0.174f,1.31f,-0.006f,-0.1739f,-0.9847f,-0.0091f,0f,0f,0f,1f],start_interpolation: 0,interpolation_duration: 1}
data modify entity @s data merge value {"cameras":{},"locators":{"mouse":{"posx":-2.87780218947259e-17,"posy":1.4753466793782894,"posz":0.23499038183713278,"roty":0,"rotx":-2.0996093750000004},"left_arm":{"posx":0.3380362405869139,"posy":0.6357948350496919,"posz":0.11005656811943454,"roty":0.030216151451497808,"rotx":-10.019725525402112},"right_arm":{"posx":-0.33803624058691395,"posy":0.6357948350496919,"posz":0.11005656811943446,"roty":359.96978384854856,"rotx":-10.019725525402112}}}