# This file was generated by Animated Java via MC-Build. It is not recommended to edit this file directly.
$data merge entity $(bone_eyes) {transformation: [-1f,0f,0f,-0.0156f,0f,0.9646f,-0.2636f,1.7098f,0f,-0.2636f,-0.9646f,0.016f,0f,0f,0f,1f],start_interpolation: 0,interpolation_duration: 1}
$data merge entity $(bone_head) {transformation: [-1f,0f,0f,0f,0f,0.9646f,-0.2636f,1.312f,0f,-0.2636f,-0.9646f,-0.1358f,0f,0f,0f,1f],start_interpolation: 0,interpolation_duration: 1}
$data merge entity $(bone_fabric_overray) {transformation: [-1f,0f,0f,0f,0f,0.9907f,0.1364f,1.312f,0f,0.1364f,-0.9907f,-0.1358f,0f,0f,0f,1f],start_interpolation: 0,interpolation_duration: 1}
$data merge entity $(bone_fabric) {transformation: [-1f,0f,0f,0f,0f,0.9907f,0.1364f,1.312f,0f,0.1364f,-0.9907f,-0.1358f,0f,0f,0f,1f],start_interpolation: 0,interpolation_duration: 1}
$data merge entity $(bone_bone_overray) {transformation: [-1f,0f,0f,0f,0f,0.9972f,-0.0743f,1.312f,0f,-0.0743f,-0.9972f,-0.1358f,0f,0f,0f,1f],start_interpolation: 0,interpolation_duration: 1}
$data merge entity $(bone_bone) {transformation: [-1f,0f,0f,0f,0f,0.9972f,-0.0743f,1.312f,0f,-0.0743f,-0.9972f,-0.1358f,0f,0f,0f,1f],start_interpolation: 0,interpolation_duration: 1}
$data merge entity $(bone_left_arm1) {transformation: [-0.766f,-0.6209f,0.1664f,0.25f,0.1896f,-0.4656f,-0.8644f,1.2564f,0.6142f,-0.6306f,0.4744f,-0.1072f,0f,0f,0f,1f],start_interpolation: 0,interpolation_duration: 1}
$data merge entity $(bone_right_arm1) {transformation: [-0.766f,0.6209f,-0.1664f,-0.25f,-0.1896f,-0.4656f,-0.8644f,1.2564f,-0.6142f,-0.6306f,0.4744f,-0.1072f,0f,0f,0f,1f],start_interpolation: 0,interpolation_duration: 1}
data modify entity @s data merge value {"cameras":{},"locators":{"mouse":{"posx":-9.881027393980792e-18,"posy":1.4683513282348408,"posz":0.08068471171329031,"roty":0,"rotx":-15.285000000000002},"left_arm":{"posx":0.7247363203926425,"posy":1.5646584703748163,"posz":0.28795217582921234,"roty":160.67600430144532,"rotx":-59.81772217235881},"right_arm":{"posx":-0.7247363203926427,"posy":1.5646584703748163,"posz":0.28795217582921206,"roty":199.32399569855468,"rotx":-59.81772217235879}}}