# This file was generated by Animated Java via MC-Build. It is not recommended to edit this file directly.
$data merge entity $(bone_eyes) {transformation: [-1f,0f,0f,-0.0156f,0f,0.9746f,-0.2239f,1.7006f,0f,-0.2239f,-0.9746f,0.0288f,0f,0f,0f,1f],start_interpolation: 0,interpolation_duration: 1}
$data merge entity $(bone_head) {transformation: [-1f,0f,0f,0f,0f,0.9746f,-0.2239f,1.3093f,0f,-0.2239f,-0.9746f,-0.1391f,0f,0f,0f,1f],start_interpolation: 0,interpolation_duration: 1}
$data merge entity $(bone_fabric_overray) {transformation: [-1f,0f,0f,0f,0f,0.9924f,0.1229f,1.3093f,0f,0.1229f,-0.9924f,-0.1391f,0f,0f,0f,1f],start_interpolation: 0,interpolation_duration: 1}
$data merge entity $(bone_fabric) {transformation: [-1f,0f,0f,0f,0f,0.9924f,0.1229f,1.3093f,0f,0.1229f,-0.9924f,-0.1391f,0f,0f,0f,1f],start_interpolation: 0,interpolation_duration: 1}
$data merge entity $(bone_bone_overray) {transformation: [-1f,0f,0f,0f,0f,0.9987f,-0.0513f,1.3093f,0f,-0.0513f,-0.9987f,-0.1391f,0f,0f,0f,1f],start_interpolation: 0,interpolation_duration: 1}
$data merge entity $(bone_bone) {transformation: [-1f,0f,0f,0f,0f,0.9987f,-0.0513f,1.3093f,0f,-0.0513f,-0.9987f,-0.1391f,0f,0f,0f,1f],start_interpolation: 0,interpolation_duration: 1}
$data merge entity $(bone_left_arm1) {transformation: [-0.766f,-0.6209f,0.1664f,0.25f,0.2051f,-0.4814f,-0.8522f,1.2541f,0.6092f,-0.6187f,0.4961f,-0.1099f,0f,0f,0f,1f],start_interpolation: 0,interpolation_duration: 1}
$data merge entity $(bone_right_arm1) {transformation: [-0.766f,0.6209f,-0.1664f,-0.25f,-0.2051f,-0.4814f,-0.8522f,1.2541f,-0.6092f,-0.6187f,0.4961f,-0.1099f,0f,0f,0f,1f],start_interpolation: 0,interpolation_duration: 1}
data modify entity @s data merge value {"cameras":{},"locators":{"mouse":{"posx":-1.0228497841850052e-17,"posy":1.4566423091593288,"posz":0.08352202323944771,"roty":0,"rotx":-12.940000000000001},"left_arm":{"posx":0.7247363203926425,"posy":1.5721888806316586,"posz":0.27743617375855134,"roty":161.45980833716482,"rotx":-58.452034052438876},"right_arm":{"posx":-0.7247363203926425,"posy":1.5721888806316586,"posz":0.277436173758551,"roty":198.54019166283518,"rotx":-58.4520340524389}}}