# This file was generated by Animated Java via MC-Build. It is not recommended to edit this file directly.
$data merge entity $(bone_eyes) {transformation: [-1f,0f,0f,-0.0156f,0f,0.9918f,-0.1279f,1.6795f,0f,-0.1279f,-0.9918f,0.0626f,0f,0f,0f,1f],start_interpolation: 0,interpolation_duration: 1}
$data merge entity $(bone_head) {transformation: [-1f,0f,0f,0f,0f,0.9918f,-0.1279f,1.3064f,0f,-0.1279f,-0.9918f,-0.1426f,0f,0f,0f,1f],start_interpolation: 0,interpolation_duration: 1}
$data merge entity $(bone_fabric_overray) {transformation: [-1f,0f,0f,0f,0f,0.9941f,0.1089f,1.3064f,0f,0.1089f,-0.9941f,-0.1426f,0f,0f,0f,1f],start_interpolation: 0,interpolation_duration: 1}
$data merge entity $(bone_fabric) {transformation: [-1f,0f,0f,0f,0f,0.9941f,0.1089f,1.3064f,0f,0.1089f,-0.9941f,-0.1426f,0f,0f,0f,1f],start_interpolation: 0,interpolation_duration: 1}
$data merge entity $(bone_bone_overray) {transformation: [-1f,0f,0f,0f,0f,0.9942f,-0.1073f,1.3064f,0f,-0.1073f,-0.9942f,-0.1426f,0f,0f,0f,1f],start_interpolation: 0,interpolation_duration: 1}
$data merge entity $(bone_bone) {transformation: [-1f,0f,0f,0f,0f,0.9942f,-0.1073f,1.3064f,0f,-0.1073f,-0.9942f,-0.1426f,0f,0f,0f,1f],start_interpolation: 0,interpolation_duration: 1}
$data merge entity $(bone_left_arm1) {transformation: [-0.766f,-0.6209f,0.1664f,0.25f,0.2389f,-0.5153f,-0.823f,1.2516f,0.5967f,-0.5907f,0.5431f,-0.1125f,0f,0f,0f,1f],start_interpolation: 0,interpolation_duration: 1}
$data merge entity $(bone_right_arm1) {transformation: [-0.766f,0.6209f,-0.1664f,-0.25f,-0.2389f,-0.5153f,-0.823f,1.2516f,-0.5967f,-0.5907f,0.5431f,-0.1125f,0f,0f,0f,1f],start_interpolation: 0,interpolation_duration: 1}
data modify entity @s data merge value {"cameras":{},"locators":{"mouse":{"posx":-1.143182446965643e-17,"posy":1.4313775240636932,"posz":0.09334793082883744,"roty":0,"rotx":-7.350000000000001},"left_arm":{"posx":0.7247363203926425,"posy":1.5909688933137385,"posz":0.25628008093568977,"roty":162.9690179031402,"rotx":-55.38796967956077},"right_arm":{"posx":-0.7247363203926425,"posy":1.5909688933137385,"posz":0.2562800809356895,"roty":197.0309820968598,"rotx":-55.38796967956077}}}