# This file was generated by Animated Java via MC-Build. It is not recommended to edit this file directly.
$data merge entity $(bone_eyes) {transformation: [-1f,0f,0f,-0.0156f,0f,0.9999f,-0.015f,1.6553f,0f,-0.015f,-0.9999f,0.1051f,0f,0f,0f,1f],start_interpolation: 0,interpolation_duration: 1}
$data merge entity $(bone_head) {transformation: [-1f,0f,0f,0f,0f,0.9999f,-0.015f,1.3078f,0f,-0.015f,-0.9999f,-0.1409f,0f,0f,0f,1f],start_interpolation: 0,interpolation_duration: 1}
$data merge entity $(bone_fabric_overray) {transformation: [-1f,0f,0f,0f,0f,0.9665f,0.2568f,1.3078f,0f,0.2568f,-0.9665f,-0.1409f,0f,0f,0f,1f],start_interpolation: 0,interpolation_duration: 1}
$data merge entity $(bone_fabric) {transformation: [-1f,0f,0f,0f,0f,0.9665f,0.2568f,1.3078f,0f,0.2568f,-0.9665f,-0.1409f,0f,0f,0f,1f],start_interpolation: 0,interpolation_duration: 1}
$data merge entity $(bone_bone_overray) {transformation: [-1f,0f,0f,0f,0f,0.9853f,0.1711f,1.3078f,0f,0.1711f,-0.9853f,-0.1409f,0f,0f,0f,1f],start_interpolation: 0,interpolation_duration: 1}
$data merge entity $(bone_bone) {transformation: [-1f,0f,0f,0f,0f,0.9853f,0.1711f,1.3078f,0f,0.1711f,-0.9853f,-0.1409f,0f,0f,0f,1f],start_interpolation: 0,interpolation_duration: 1}
$data merge entity $(bone_left_arm1) {transformation: [-0.8399f,0.5251f,-0.1373f,0.25f,0.2432f,0.1379f,-0.9601f,1.2528f,-0.4853f,-0.8398f,-0.2436f,-0.1113f,0f,0f,0f,1f],start_interpolation: 0,interpolation_duration: 1}
$data merge entity $(bone_right_arm1) {transformation: [-0.8399f,-0.5134f,0.1761f,-0.25f,-0.2432f,0.0659f,-0.9677f,1.2528f,0.4853f,-0.8556f,-0.1802f,-0.1113f,0f,0f,0f,1f],start_interpolation: 0,interpolation_duration: 1}
data modify entity @s data merge value {"cameras":{},"locators":{"mouse":{"posx":-1.3180300948629632e-17,"posy":1.405297509697536,"posz":0.10762532476960923,"roty":0,"rotx":-0.8600000000000008},"left_arm":{"posx":-0.05854801162838613,"posy":1.1427706189104248,"posz":0.4964103323083553,"roty":330.5963582903019,"rotx":-73.76556534629717},"right_arm":{"posx":0.05049185996057659,"posy":1.1923355006142884,"posz":0.5073037729806734,"roty":44.346954736541846,"rotx":-75.40862234228996}}}