# This file was generated by Animated Java via MC-Build. It is not recommended to edit this file directly.
$data merge entity $(bone_eyes) {transformation: [-1f,0f,0f,-0.0156f,0f,0.9864f,0.1645f,1.6081f,0f,0.1645f,-0.9864f,0.1665f,0f,0f,0f,1f],start_interpolation: 0,interpolation_duration: 1}
$data merge entity $(bone_head) {transformation: [-1f,0f,0f,0f,0f,0.9864f,0.1645f,1.3103f,0f,0.1645f,-0.9864f,-0.1378f,0f,0f,0f,1f],start_interpolation: 0,interpolation_duration: 1}
$data merge entity $(bone_fabric_overray) {transformation: [-1f,0f,0f,0f,0f,0.5502f,0.835f,1.3103f,0f,0.835f,-0.5502f,-0.1378f,0f,0f,0f,1f],start_interpolation: 0,interpolation_duration: 1}
$data merge entity $(bone_fabric) {transformation: [-1f,0f,0f,0f,0f,0.5502f,0.835f,1.3103f,0f,0.835f,-0.5502f,-0.1378f,0f,0f,0f,1f],start_interpolation: 0,interpolation_duration: 1}
$data merge entity $(bone_bone_overray) {transformation: [-1f,0f,0f,0f,0f,0.8765f,0.4814f,1.3103f,0f,0.4814f,-0.8765f,-0.1378f,0f,0f,0f,1f],start_interpolation: 0,interpolation_duration: 1}
$data merge entity $(bone_bone) {transformation: [-1f,0f,0f,0f,0f,0.8765f,0.4814f,1.3103f,0f,0.4814f,-0.8765f,-0.1378f,0f,0f,0f,1f],start_interpolation: 0,interpolation_duration: 1}
$data merge entity $(bone_left_arm1) {transformation: [-0.736f,0.6767f,0.0196f,0.25f,0.2509f,0.2995f,-0.9205f,1.255f,-0.6288f,-0.6726f,-0.3902f,-0.1088f,0f,0f,0f,1f],start_interpolation: 0,interpolation_duration: 1}
$data merge entity $(bone_right_arm1) {transformation: [-0.736f,-0.6759f,0.0395f,-0.25f,-0.2509f,0.2181f,-0.9431f,1.255f,0.6288f,-0.704f,-0.3301f,-0.1088f,0f,0f,0f,1f],start_interpolation: 0,interpolation_duration: 1}
data modify entity @s data merge value {"cameras":{},"locators":{"mouse":{"posx":-1.5207222780390806e-17,"posy":1.3616852435133293,"posz":0.12417639756196369,"roty":0,"rotx":9.469375000000008},"left_arm":{"posx":-0.1692547015635445,"posy":1.033397179060132,"posz":0.39284212623335246,"roty":2.875301574297197,"rotx":-67.00324200530177},"right_arm":{"posx":0.1686585424649033,"posy":1.0893382682467816,"posz":0.41446245451687397,"roty":6.816766879216175,"rotx":-70.58337924408036}}}
execute as @n[tag=aj.ginunga.root,tag=ch_tm.boss.ginunga.action.cut_attack] at @s positioned ~ ~1.125 ~ run function ch_trip_and_magic_boss:ginga/separate_prosses/cutter/summon