# This file was generated by Animated Java via MC-Build. It is not recommended to edit this file directly.
$data merge entity $(bone_eyes) {transformation: [-1f,0f,0f,-0.0156f,0f,0.9278f,0.3731f,1.5394f,0f,0.3731f,-0.9278f,0.2284f,0f,0f,0f,1f],start_interpolation: 0,interpolation_duration: 1}
$data merge entity $(bone_head) {transformation: [-1f,0f,0f,0f,0f,0.9278f,0.3731f,1.3142f,0f,0.3731f,-0.9278f,-0.133f,0f,0f,0f,1f],start_interpolation: 0,interpolation_duration: 1}
$data merge entity $(bone_fabric_overray) {transformation: [-1f,0f,0f,0f,0f,0.4072f,0.9133f,1.3142f,0f,0.9133f,-0.4072f,-0.133f,0f,0f,0f,1f],start_interpolation: 0,interpolation_duration: 1}
$data merge entity $(bone_fabric) {transformation: [-1f,0f,0f,0f,0f,0.4072f,0.9133f,1.3142f,0f,0.9133f,-0.4072f,-0.133f,0f,0f,0f,1f],start_interpolation: 0,interpolation_duration: 1}
$data merge entity $(bone_bone_overray) {transformation: [-1f,0f,0f,0f,0f,0.7257f,0.688f,1.3142f,0f,0.688f,-0.7257f,-0.133f,0f,0f,0f,1f],start_interpolation: 0,interpolation_duration: 1}
$data merge entity $(bone_bone) {transformation: [-1f,0f,0f,0f,0f,0.7257f,0.688f,1.3142f,0f,0.688f,-0.7257f,-0.133f,0f,0f,0f,1f],start_interpolation: 0,interpolation_duration: 1}
$data merge entity $(bone_left_arm1) {transformation: [-0.6545f,0.7351f,0.1766f,0.25f,0.2831f,0.455f,-0.8443f,1.2583f,-0.701f,-0.5026f,-0.5059f,-0.1051f,0f,0f,0f,1f],start_interpolation: 0,interpolation_duration: 1}
$data merge entity $(bone_right_arm1) {transformation: [-0.6545f,-0.7392f,-0.1588f,-0.25f,-0.2831f,0.4344f,-0.8551f,1.2583f,0.701f,-0.5147f,-0.4936f,-0.1051f,0f,0f,0f,1f],start_interpolation: 0,interpolation_duration: 1}
data modify entity @s data merge value {"cameras":{},"locators":{"mouse":{"posx":-1.640093862591236e-17,"posy":1.3078800571612719,"posz":0.13392382715842105,"roty":0,"rotx":21.907500000000002},"left_arm":{"posx":-0.21447867030435463,"posy":0.9277723766664283,"posz":0.28427433608397834,"roty":19.245801098086133,"rotx":-57.59696127881976},"right_arm":{"posx":0.21727360533954077,"posy":0.9419335420728845,"posz":0.292603443630593,"roty":342.1694944892207,"rotx":-58.76847617325716}}}

