# This file was generated by Animated Java via MC-Build. It is not recommended to edit this file directly.
$data merge entity $(bone_eyes) {transformation: [-1f,0f,0f,-0.0156f,0f,0.8499f,0.5269f,1.4791f,0f,0.5269f,-0.8499f,0.2685f,0f,0f,0f,1f],start_interpolation: 0,interpolation_duration: 1}
$data merge entity $(bone_head) {transformation: [-1f,0f,0f,0f,0f,0.8499f,0.5269f,1.3193f,0f,0.5269f,-0.8499f,-0.1262f,0f,0f,0f,1f],start_interpolation: 0,interpolation_duration: 1}
$data merge entity $(bone_fabric_overray) {transformation: [-1f,0f,0f,0f,0f,0.5046f,0.8633f,1.3193f,0f,0.8633f,-0.5046f,-0.1262f,0f,0f,0f,1f],start_interpolation: 0,interpolation_duration: 1}
$data merge entity $(bone_fabric) {transformation: [-1f,0f,0f,0f,0f,0.5046f,0.8633f,1.3193f,0f,0.8633f,-0.5046f,-0.1262f,0f,0f,0f,1f],start_interpolation: 0,interpolation_duration: 1}
$data merge entity $(bone_bone_overray) {transformation: [-1f,0f,0f,0f,0f,0.5869f,0.8096f,1.3193f,0f,0.8096f,-0.5869f,-0.1262f,0f,0f,0f,1f],start_interpolation: 0,interpolation_duration: 1}
$data merge entity $(bone_bone) {transformation: [-1f,0f,0f,0f,0f,0.5869f,0.8096f,1.3193f,0f,0.8096f,-0.5869f,-0.1262f,0f,0f,0f,1f],start_interpolation: 0,interpolation_duration: 1}
$data merge entity $(bone_left_arm1) {transformation: [-0.6682f,0.719f,0.1912f,0.25f,0.3182f,0.5085f,-0.8001f,1.2627f,-0.6725f,-0.4738f,-0.5686f,-0.0998f,0f,0f,0f,1f],start_interpolation: 0,interpolation_duration: 1}
$data merge entity $(bone_right_arm1) {transformation: [-0.6682f,-0.7032f,-0.2429f,-0.25f,-0.3182f,0.5653f,-0.761f,1.2627f,0.6725f,-0.4312f,-0.6015f,-0.0998f,0f,0f,0f,1f],start_interpolation: 0,interpolation_duration: 1}
data modify entity @s data merge value {"cameras":{},"locators":{"mouse":{"posx":-1.6614253429521734e-17,"posy":1.2672603163417167,"posz":0.1356656747160832,"roty":0,"rotx":31.796875000000014},"left_arm":{"posx":-0.20253450814531143,"posy":0.8931806280998316,"posz":0.2679750007926814,"roty":18.58327863159215,"rotx":-53.13958830702768},"right_arm":{"posx":0.19167877391527843,"posy":0.8541377871272104,"posz":0.23871155457382698,"roty":338.0103134780499,"rotx":-49.55579621369538}}}
tag @n[tag=aj.ginunga.root,tag=ch_tm.boss.ginunga.action.cut_attack] remove ch_tm.boss.ginunga.action.cut_attack.particle