# This file was generated by Animated Java via MC-Build. It is not recommended to edit this file directly.
$data merge entity $(bone_eyes) {transformation: [-1f,0f,0f,-0.0156f,0f,0.7899f,0.6132f,1.4532f,0f,0.6132f,-0.7899f,0.3077f,0f,0f,0f,1f],start_interpolation: 0,interpolation_duration: 1}
$data merge entity $(bone_head) {transformation: [-1f,0f,0f,0f,0f,0.7899f,0.6132f,1.3357f,0f,0.6132f,-0.7899f,-0.1016f,0f,0f,0f,1f],start_interpolation: 0,interpolation_duration: 1}
$data merge entity $(bone_fabric_overray) {transformation: [-1f,0f,0f,0f,0f,0.6472f,0.7624f,1.3357f,0f,0.7624f,-0.6472f,-0.1016f,0f,0f,0f,1f],start_interpolation: 0,interpolation_duration: 1}
$data merge entity $(bone_fabric) {transformation: [-1f,0f,0f,0f,0f,0.6472f,0.7624f,1.3357f,0f,0.7624f,-0.6472f,-0.1016f,0f,0f,0f,1f],start_interpolation: 0,interpolation_duration: 1}
$data merge entity $(bone_bone_overray) {transformation: [-1f,0f,0f,0f,0f,0.5927f,0.8054f,1.3357f,0f,0.8054f,-0.5927f,-0.1016f,0f,0f,0f,1f],start_interpolation: 0,interpolation_duration: 1}
$data merge entity $(bone_bone) {transformation: [-1f,0f,0f,0f,0f,0.5927f,0.8054f,1.3357f,0f,0.8054f,-0.5927f,-0.1016f,0f,0f,0f,1f],start_interpolation: 0,interpolation_duration: 1}
$data merge entity $(bone_left_arm1) {transformation: [-0.736f,0.6684f,0.1078f,0.25f,0.3643f,0.5252f,-0.7691f,1.2768f,-0.5706f,-0.5268f,-0.63f,-0.0805f,0f,0f,0f,1f],start_interpolation: 0,interpolation_duration: 1}
$data merge entity $(bone_right_arm1) {transformation: [-0.736f,-0.6486f,-0.1941f,-0.25f,-0.3643f,0.621f,-0.694f,1.2768f,0.5706f,-0.44f,-0.6934f,-0.0805f,0f,0f,0f,1f],start_interpolation: 0,interpolation_duration: 1}
data modify entity @s data merge value {"cameras":{},"locators":{"mouse":{"posx":-1.878391700395387e-17,"posy":1.256459648501521,"posz":0.15338232229106352,"roty":0,"rotx":37.81999999999999},"left_arm":{"posx":-0.1635157919283275,"posy":0.8930359258472838,"posz":0.31727137821006796,"roty":9.706424778292927,"rotx":-50.271411452309344},"right_arm":{"posx":0.14991447262157298,"posy":0.8271098897460061,"posz":0.2576388253579675,"roty":344.3625428043608,"rotx":-43.943987699870064}}}