# This file was generated by Animated Java via MC-Build. It is not recommended to edit this file directly.
$data merge entity $(bone_eyes) {transformation: [-1f,0f,0f,-0.0156f,0f,0.9961f,-0.0885f,1.7329f,0f,-0.0885f,-0.9961f,0.1924f,0f,0f,0f,1f],start_interpolation: 0,interpolation_duration: 1}
$data merge entity $(bone_head) {transformation: [-1f,0f,0f,0f,0f,0.9961f,-0.0885f,1.3682f,0f,-0.0885f,-0.9961f,-0.0274f,0f,0f,0f,1f],start_interpolation: 0,interpolation_duration: 1}
$data merge entity $(bone_fabric_overray) {transformation: [-1f,0f,0f,0f,0f,0.9997f,0.0228f,1.3682f,0f,0.0228f,-0.9997f,-0.0274f,0f,0f,0f,1f],start_interpolation: 0,interpolation_duration: 1}
$data merge entity $(bone_fabric) {transformation: [-1f,0f,0f,0f,0f,0.9997f,0.0228f,1.3682f,0f,0.0228f,-0.9997f,-0.0274f,0f,0f,0f,1f],start_interpolation: 0,interpolation_duration: 1}
$data merge entity $(bone_bone_overray) {transformation: [-1f,0f,0f,0f,0f,0.9961f,-0.0885f,1.3682f,0f,-0.0885f,-0.9961f,-0.0274f,0f,0f,0f,1f],start_interpolation: 0,interpolation_duration: 1}
$data merge entity $(bone_bone) {transformation: [-1f,0f,0f,0f,0f,0.9961f,-0.0885f,1.3682f,0f,-0.0885f,-0.9961f,-0.0274f,0f,0f,0f,1f],start_interpolation: 0,interpolation_duration: 1}
$data merge entity $(bone_left_arm1) {transformation: [-0.9938f,-0.1114f,0.0047f,0.25f,-0.1031f,0.902f,-0.4193f,1.306f,0.0425f,-0.4171f,-0.9079f,-0.0219f,0f,0f,0f,1f],start_interpolation: 0,interpolation_duration: 1}
$data merge entity $(bone_right_arm1) {transformation: [-0.9938f,0.1114f,-0.0047f,-0.25f,0.1031f,0.902f,-0.4193f,1.306f,-0.0425f,-0.4171f,-0.9079f,-0.0219f,0f,0f,0f,1f],start_interpolation: 0,interpolation_duration: 1}
data modify entity @s data merge value {"cameras":{},"locators":{"mouse":{"posx":-2.6122357047633458e-17,"posy":1.4837518181421978,"posz":0.213305232707266,"roty":0,"rotx":-5.078125000000001},"left_arm":{"posx":0.38868562962017983,"posy":0.6923069925082772,"posz":0.2622402494268436,"roty":0.29464911698181595,"rotx":-24.788203232643614},"right_arm":{"posx":-0.38868562962017994,"posy":0.6923069925082772,"posz":0.26224024942684354,"roty":359.70535088301824,"rotx":-24.78820323264362}}}