# This file was generated by Animated Java via MC-Build. It is not recommended to edit this file directly.
$data merge entity $(bone_eyes) {transformation: [-1f,0f,0f,-0.0156f,0f,0.8285f,0.56f,1.4996f,0f,0.56f,-0.8285f,0.3379f,0f,0f,0f,1f],start_interpolation: 0,interpolation_duration: 1}
$data merge entity $(bone_head) {transformation: [-1f,0f,0f,0f,0f,0.8285f,0.56f,1.3555f,0f,0.56f,-0.8285f,-0.0628f,0f,0f,0f,1f],start_interpolation: 0,interpolation_duration: 1}
$data merge entity $(bone_fabric_overray) {transformation: [-1f,0f,0f,0f,0f,0.788f,0.6157f,1.3555f,0f,0.6157f,-0.788f,-0.0628f,0f,0f,0f,1f],start_interpolation: 0,interpolation_duration: 1}
$data merge entity $(bone_fabric) {transformation: [-1f,0f,0f,0f,0f,0.788f,0.6157f,1.3555f,0f,0.6157f,-0.788f,-0.0628f,0f,0f,0f,1f],start_interpolation: 0,interpolation_duration: 1}
$data merge entity $(bone_bone_overray) {transformation: [-1f,0f,0f,0f,0f,0.6842f,0.7293f,1.3555f,0f,0.7293f,-0.6842f,-0.0628f,0f,0f,0f,1f],start_interpolation: 0,interpolation_duration: 1}
$data merge entity $(bone_bone) {transformation: [-1f,0f,0f,0f,0f,0.6842f,0.7293f,1.3555f,0f,0.7293f,-0.6842f,-0.0628f,0f,0f,0f,1f],start_interpolation: 0,interpolation_duration: 1}
$data merge entity $(bone_left_arm1) {transformation: [-0.8262f,0.5631f,-0.0133f,0.25f,0.3777f,0.5364f,-0.7548f,1.2944f,-0.4179f,-0.6286f,-0.6559f,-0.05f,0f,0f,0f,1f],start_interpolation: 0,interpolation_duration: 1}
$data merge entity $(bone_right_arm1) {transformation: [-0.8262f,-0.5607f,-0.054f,-0.25f,-0.3777f,0.6226f,-0.6853f,1.2944f,0.4179f,-0.5459f,-0.7262f,-0.05f,0f,0f,0f,1f],start_interpolation: 0,interpolation_duration: 1}
data modify entity @s data merge value {"cameras":{},"locators":{"mouse":{"posx":-2.4104900453186192e-17,"posy":1.293186879563577,"posz":0.19683144944296566,"roty":0,"rotx":34.0584375},"left_arm":{"posx":-0.08552326674293176,"posy":0.9020080350359992,"posz":0.4083455015741422,"roty":358.83773213060186,"rotx":-49.00403951557197},"right_arm":{"posx":0.08384717891805382,"posy":0.8427064182497455,"posz":0.3514323962551706,"roty":355.74674590632037,"rotx":-43.26218390515431}}}