# This file was generated by Animated Java via MC-Build. It is not recommended to edit this file directly.
$data merge entity $(bone_eyes) {transformation: [-1f,0f,0f,-0.0156f,0f,0.9241f,0.3821f,1.5927f,0f,0.3821f,-0.9241f,0.3464f,0f,0f,0f,1f],start_interpolation: 0,interpolation_duration: 1}
$data merge entity $(bone_head) {transformation: [-1f,0f,0f,0f,0f,0.9241f,0.3821f,1.3711f,0f,0.3821f,-0.9241f,-0.0171f,0f,0f,0f,1f],start_interpolation: 0,interpolation_duration: 1}
$data merge entity $(bone_fabric_overray) {transformation: [-1f,0f,0f,0f,0f,0.8959f,0.4443f,1.3711f,0f,0.4443f,-0.8959f,-0.0171f,0f,0f,0f,1f],start_interpolation: 0,interpolation_duration: 1}
$data merge entity $(bone_fabric) {transformation: [-1f,0f,0f,0f,0f,0.8959f,0.4443f,1.3711f,0f,0.4443f,-0.8959f,-0.0171f,0f,0f,0f,1f],start_interpolation: 0,interpolation_duration: 1}
$data merge entity $(bone_bone_overray) {transformation: [-1f,0f,0f,0f,0f,0.8318f,0.555f,1.3711f,0f,0.555f,-0.8318f,-0.0171f,0f,0f,0f,1f],start_interpolation: 0,interpolation_duration: 1}
$data merge entity $(bone_bone) {transformation: [-1f,0f,0f,0f,0f,0.8318f,0.555f,1.3711f,0f,0.555f,-0.8318f,-0.0171f,0f,0f,0f,1f],start_interpolation: 0,interpolation_duration: 1}
$data merge entity $(bone_left_arm1) {transformation: [-0.929f,0.3543f,-0.107f,0.25f,0.3537f,0.7651f,-0.5381f,1.3087f,-0.1088f,-0.5377f,-0.8361f,-0.0137f,0f,0f,0f,1f],start_interpolation: 0,interpolation_duration: 1}
$data merge entity $(bone_right_arm1) {transformation: [-0.929f,-0.3617f,0.0786f,-0.25f,-0.3537f,0.8052f,-0.4759f,1.3087f,0.1088f,-0.47f,-0.876f,-0.0137f,0f,0f,0f,1f],start_interpolation: 0,interpolation_duration: 1}
data modify entity @s data merge value {"cameras":{},"locators":{"mouse":{"posx":-3.0581950837025765e-17,"posy":1.362185420099498,"posz":0.2497205795035607,"roty":0,"rotx":22.464999999999982},"left_arm":{"posx":0.06447444278710582,"posy":0.7605752280156601,"posz":0.3627841730454352,"roty":352.7100669632274,"rotx":-32.55260988425842},"right_arm":{"posx":-0.05942657012141528,"posy":0.7329940920909105,"posz":0.3162172790685959,"roty":5.129414976271931,"rotx":-28.421140867884077}}}