# This file was generated by Animated Java via MC-Build. It is not recommended to edit this file directly.
$data merge entity $(bone_eyes) {transformation: [-1f,0f,0f,-0.0156f,0f,0.9874f,0.1581f,1.6788f,0f,0.1581f,-0.9874f,0.3281f,0f,0f,0f,1f],start_interpolation: 0,interpolation_duration: 1}
$data merge entity $(bone_head) {transformation: [-1f,0f,0f,0f,0f,0.9874f,0.1581f,1.3791f,0f,0.1581f,-0.9874f,0.0257f,0f,0f,0f,1f],start_interpolation: 0,interpolation_duration: 1}
$data merge entity $(bone_fabric_overray) {transformation: [-1f,0f,0f,0f,0f,0.9589f,0.2837f,1.3791f,0f,0.2837f,-0.9589f,0.0257f,0f,0f,0f,1f],start_interpolation: 0,interpolation_duration: 1}
$data merge entity $(bone_fabric) {transformation: [-1f,0f,0f,0f,0f,0.9589f,0.2837f,1.3791f,0f,0.2837f,-0.9589f,0.0257f,0f,0f,0f,1f],start_interpolation: 0,interpolation_duration: 1}
$data merge entity $(bone_bone_overray) {transformation: [-1f,0f,0f,0f,0f,0.9417f,0.3363f,1.3791f,0f,0.3363f,-0.9417f,0.0257f,0f,0f,0f,1f],start_interpolation: 0,interpolation_duration: 1}
$data merge entity $(bone_bone) {transformation: [-1f,0f,0f,0f,0f,0.9417f,0.3363f,1.3791f,0f,0.3363f,-0.9417f,0.0257f,0f,0f,0f,1f],start_interpolation: 0,interpolation_duration: 1}
$data merge entity $(bone_left_arm1) {transformation: [-0.988f,0.1312f,-0.0809f,0.25f,0.1424f,0.9778f,-0.1534f,1.3168f,0.059f,-0.1631f,-0.9848f,0.0206f,0f,0f,0f,1f],start_interpolation: 0,interpolation_duration: 1}
$data merge entity $(bone_right_arm1) {transformation: [-0.988f,-0.1337f,0.0767f,-0.25f,-0.1424f,0.9822f,-0.1224f,1.3168f,-0.059f,-0.1318f,-0.9895f,0.0206f,0f,0f,0f,1f],start_interpolation: 0,interpolation_duration: 1}
data modify entity @s data merge value {"cameras":{},"locators":{"mouse":{"posx":-3.5193987791002667e-17,"posy":1.4321151607148925,"posz":0.28738071920415004,"roty":0,"rotx":9.094062499999955},"left_arm":{"posx":0.22152612876717032,"posy":0.6356000114542275,"posz":0.12907159113977562,"roty":355.30263046304776,"rotx":-8.826234224710428},"right_arm":{"posx":-0.21980801890372886,"posy":0.6325941312889808,"posz":0.10755395761668565,"roty":4.433582384659331,"rotx":-7.028714395679943}}}