# This file was generated by Animated Java via MC-Build. It is not recommended to edit this file directly.
$data merge entity $(bone_eyes) {transformation: [-1f,0f,0f,-0.0156f,0f,0.9886f,-0.1503f,1.7397f,0f,-0.1503f,-0.9886f,0.1505f,0f,0f,0f,1f],start_interpolation: 0,interpolation_duration: 1}
$data merge entity $(bone_head) {transformation: [-1f,0f,0f,0f,0f,0.9886f,-0.1503f,1.3621f,0f,-0.1503f,-0.9886f,-0.0462f,0f,0f,0f,1f],start_interpolation: 0,interpolation_duration: 1}
$data merge entity $(bone_fabric_overray) {transformation: [-1f,0f,0f,0f,0f,0.9985f,0.0539f,1.3621f,0f,0.0539f,-0.9985f,-0.0462f,0f,0f,0f,1f],start_interpolation: 0,interpolation_duration: 1}
$data merge entity $(bone_fabric) {transformation: [-1f,0f,0f,0f,0f,0.9985f,0.0539f,1.3621f,0f,0.0539f,-0.9985f,-0.0462f,0f,0f,0f,1f],start_interpolation: 0,interpolation_duration: 1}
$data merge entity $(bone_bone_overray) {transformation: [-1f,0f,0f,0f,0f,0.9886f,-0.1503f,1.3621f,0f,-0.1503f,-0.9886f,-0.0462f,0f,0f,0f,1f],start_interpolation: 0,interpolation_duration: 1}
$data merge entity $(bone_bone) {transformation: [-1f,0f,0f,0f,0f,0.9886f,-0.1503f,1.3621f,0f,-0.1503f,-0.9886f,-0.0462f,0f,0f,0f,1f],start_interpolation: 0,interpolation_duration: 1}
$data merge entity $(bone_left_arm1) {transformation: [-0.9797f,-0.1999f,0.0152f,0.25f,-0.1579f,0.7226f,-0.673f,1.3003f,0.1236f,-0.6617f,-0.7395f,-0.0369f,0f,0f,0f,1f],start_interpolation: 0,interpolation_duration: 1}
$data merge entity $(bone_right_arm1) {transformation: [-0.9797f,0.1999f,-0.0152f,-0.25f,0.1579f,0.7226f,-0.673f,1.3003f,-0.1236f,-0.6617f,-0.7395f,-0.0369f,0f,0f,0f,1f],start_interpolation: 0,interpolation_duration: 1}
data modify entity @s data merge value {"cameras":{},"locators":{"mouse":{"posx":-2.2879306641951855e-17,"posy":1.4923126638606898,"posz":0.18682371650243418,"roty":0,"rotx":-8.642578124999996},"left_arm":{"posx":0.4486864813806309,"posy":0.8133294082853333,"posz":0.4103285507535248,"roty":1.1747686205203536,"rotx":-42.29598423046322},"right_arm":{"posx":-0.448686481380631,"posy":0.8133294082853333,"posz":0.4103285507535248,"roty":358.82523137947965,"rotx":-42.29598423046323}}}