# This file was generated by Animated Java via MC-Build. It is not recommended to edit this file directly.
$data merge entity $(bone_eyes) {transformation: [-1f,0f,0f,-0.0156f,0f,0.9763f,-0.2164f,1.744f,0f,-0.2164f,-0.9763f,0.1047f,0f,0f,0f,1f],start_interpolation: 0,interpolation_duration: 1}
$data merge entity $(bone_head) {transformation: [-1f,0f,0f,0f,0f,0.9763f,-0.2164f,1.3541f,0f,-0.2164f,-0.9763f,-0.0662f,0f,0f,0f,1f],start_interpolation: 0,interpolation_duration: 1}
$data merge entity $(bone_fabric_overray) {transformation: [-1f,0f,0f,0f,0f,0.9962f,0.0872f,1.3541f,0f,0.0872f,-0.9962f,-0.0662f,0f,0f,0f,1f],start_interpolation: 0,interpolation_duration: 1}
$data merge entity $(bone_fabric) {transformation: [-1f,0f,0f,0f,0f,0.9962f,0.0872f,1.3541f,0f,0.0872f,-0.9962f,-0.0662f,0f,0f,0f,1f],start_interpolation: 0,interpolation_duration: 1}
$data merge entity $(bone_bone_overray) {transformation: [-1f,0f,0f,0f,0f,0.9836f,-0.1805f,1.3541f,0f,-0.1805f,-0.9836f,-0.0662f,0f,0f,0f,1f],start_interpolation: 0,interpolation_duration: 1}
$data merge entity $(bone_bone) {transformation: [-1f,0f,0f,0f,0f,0.9836f,-0.1805f,1.3541f,0f,-0.1805f,-0.9836f,-0.0662f,0f,0f,0f,1f],start_interpolation: 0,interpolation_duration: 1}
$data merge entity $(bone_left_arm1) {transformation: [-0.9555f,-0.293f,0.033f,0.25f,-0.1705f,0.4577f,-0.8726f,1.293f,0.2405f,-0.8394f,-0.4873f,-0.0526f,0f,0f,0f,1f],start_interpolation: 0,interpolation_duration: 1}
$data merge entity $(bone_right_arm1) {transformation: [-0.9555f,0.293f,-0.033f,-0.25f,0.1705f,0.4577f,-0.8726f,1.293f,-0.2405f,-0.8394f,-0.4873f,-0.0526f,0f,0f,0f,1f],start_interpolation: 0,interpolation_duration: 1}
data modify entity @s data merge value {"cameras":{},"locators":{"mouse":{"posx":-1.9303728855310904e-17,"posy":1.4997026805058673,"posz":0.1576269081726332,"roty":0,"rotx":-12.5},"left_arm":{"posx":0.5111478756451436,"posy":0.9890325747082218,"posz":0.5094568249472117,"roty":3.876567554810862,"rotx":-60.76294109207181},"right_arm":{"posx":-0.5111478756451437,"posy":0.9890325747082218,"posz":0.5094568249472116,"roty":356.12343244518917,"rotx":-60.76294109207179}}}
execute as @n[tag=aj.ginunga.locator.mouse] at @s run playsound trip_magic:entity.ginunga.attack hostile @a ~ ~ ~ 1 1