# This file was generated by Animated Java via MC-Build. It is not recommended to edit this file directly.
$data merge entity $(bone_eyes) {transformation: [-1f,0f,0f,-0.0156f,0f,0.9595f,-0.2816f,1.7453f,0f,-0.2816f,-0.9595f,0.0588f,0f,0f,0f,1f],start_interpolation: 0,interpolation_duration: 1}
$data merge entity $(bone_head) {transformation: [-1f,0f,0f,0f,0f,0.9595f,-0.2816f,1.3447f,0f,-0.2816f,-0.9595f,-0.0855f,0f,0f,0f,1f],start_interpolation: 0,interpolation_duration: 1}
$data merge entity $(bone_fabric_overray) {transformation: [-1f,0f,0f,0f,0f,0.9927f,0.1203f,1.3447f,0f,0.1203f,-0.9927f,-0.0855f,0f,0f,0f,1f],start_interpolation: 0,interpolation_duration: 1}
$data merge entity $(bone_fabric) {transformation: [-1f,0f,0f,0f,0f,0.9927f,0.1203f,1.3447f,0f,0.1203f,-0.9927f,-0.0855f,0f,0f,0f,1f],start_interpolation: 0,interpolation_duration: 1}
$data merge entity $(bone_bone_overray) {transformation: [-1f,0f,0f,0f,0f,0.9807f,-0.1956f,1.3447f,0f,-0.1956f,-0.9807f,-0.0855f,0f,0f,0f,1f],start_interpolation: 0,interpolation_duration: 1}
$data merge entity $(bone_bone) {transformation: [-1f,0f,0f,0f,0f,0.9807f,-0.1956f,1.3447f,0f,-0.1956f,-0.9807f,-0.0855f,0f,0f,0f,1f],start_interpolation: 0,interpolation_duration: 1}
$data merge entity $(bone_left_arm1) {transformation: [-0.9215f,-0.384f,0.0579f,0.25f,-0.1279f,0.1595f,-0.9789f,1.2848f,0.3667f,-0.9094f,-0.1961f,-0.0679f,0f,0f,0f,1f],start_interpolation: 0,interpolation_duration: 1}
$data merge entity $(bone_right_arm1) {transformation: [-0.9215f,0.384f,-0.0579f,-0.25f,0.1279f,0.1595f,-0.9789f,1.2848f,-0.3667f,-0.9094f,-0.1961f,-0.0679f,0f,0f,0f,1f],start_interpolation: 0,interpolation_duration: 1}
data modify entity @s data merge value {"cameras":{},"locators":{"mouse":{"posx":-1.5675367445309952e-17,"posy":1.5051117732956372,"posz":0.12799908884932173,"roty":0,"rotx":-16.357421875000004},"left_arm":{"posx":0.5716072610038727,"posy":1.1831374225369826,"posz":0.5344516704259178,"roty":16.442644478555167,"rotx":-78.20311001609281},"right_arm":{"posx":-0.5716072610038729,"posy":1.1831374225369826,"posz":0.5344516704259178,"roty":343.5573555214449,"rotx":-78.20311001609275}}}