# This file was generated by Animated Java via MC-Build. It is not recommended to edit this file directly.
$data merge entity $(bone_eyes) {transformation: [-1f,0f,0f,-0.0156f,0f,0.9494f,-0.3139f,1.7403f,0f,-0.3139f,-0.9494f,0.0279f,0f,0f,0f,1f],start_interpolation: 0,interpolation_duration: 1}
$data merge entity $(bone_head) {transformation: [-1f,0f,0f,0f,0f,0.9494f,-0.3139f,1.335f,0f,-0.3139f,-0.9494f,-0.1027f,0f,0f,0f,1f],start_interpolation: 0,interpolation_duration: 1}
$data merge entity $(bone_fabric_overray) {transformation: [-1f,0f,0f,0f,0f,0.9885f,0.1512f,1.335f,0f,0.1512f,-0.9885f,-0.1027f,0f,0f,0f,1f],start_interpolation: 0,interpolation_duration: 1}
$data merge entity $(bone_fabric) {transformation: [-1f,0f,0f,0f,0f,0.9885f,0.1512f,1.335f,0f,0.1512f,-0.9885f,-0.1027f,0f,0f,0f,1f],start_interpolation: 0,interpolation_duration: 1}
$data merge entity $(bone_bone_overray) {transformation: [-1f,0f,0f,0f,0f,0.9807f,-0.1956f,1.335f,0f,-0.1956f,-0.9807f,-0.1027f,0f,0f,0f,1f],start_interpolation: 0,interpolation_duration: 1}
$data merge entity $(bone_bone) {transformation: [-1f,0f,0f,0f,0f,0.9807f,-0.1956f,1.335f,0f,-0.1956f,-0.9807f,-0.1027f,0f,0f,0f,1f],start_interpolation: 0,interpolation_duration: 1}
$data merge entity $(bone_left_arm1) {transformation: [-0.8794f,-0.4679f,0.0881f,0.25f,-0.0428f,-0.1066f,-0.9934f,1.2762f,0.4742f,-0.8773f,0.0737f,-0.0814f,0f,0f,0f,1f],start_interpolation: 0,interpolation_duration: 1}
$data merge entity $(bone_right_arm1) {transformation: [-0.8794f,0.4679f,-0.0881f,-0.25f,0.0428f,-0.1066f,-0.9934f,1.2762f,-0.4742f,-0.8773f,0.0737f,-0.0814f,0f,0f,0f,1f],start_interpolation: 0,interpolation_duration: 1}
data modify entity @s data merge value {"cameras":{},"locators":{"mouse":{"posx":-1.2881820112774348e-17,"posy":1.5024986623197352,"posz":0.10518804378326202,"roty":0,"rotx":-18.296875},"left_arm":{"posx":0.6266512001494668,"posy":1.3521899169606972,"posz":0.4920783699577426,"roty":129.91155169382867,"rotx":-83.40490840218563},"right_arm":{"posx":-0.6266512001494671,"posy":1.3521899169606972,"posz":0.49207836995774235,"roty":230.0884483061714,"rotx":-83.40490840218568}}}