# This file was generated by Animated Java via MC-Build. It is not recommended to edit this file directly.
$data merge entity $(bone_eyes) {transformation: [-1f,0f,0f,-0.0156f,0f,0.9444f,-0.3289f,1.7333f,0f,-0.3289f,-0.9444f,0.0075f,0f,0f,0f,1f],start_interpolation: 0,interpolation_duration: 1}
$data merge entity $(bone_head) {transformation: [-1f,0f,0f,0f,0f,0.9444f,-0.3289f,1.326f,0f,-0.3289f,-0.9444f,-0.1167f,0f,0f,0f,1f],start_interpolation: 0,interpolation_duration: 1}
$data merge entity $(bone_fabric_overray) {transformation: [-1f,0f,0f,0f,0f,0.9847f,0.1745f,1.326f,0f,0.1745f,-0.9847f,-0.1167f,0f,0f,0f,1f],start_interpolation: 0,interpolation_duration: 1}
$data merge entity $(bone_fabric) {transformation: [-1f,0f,0f,0f,0f,0.9847f,0.1745f,1.326f,0f,0.1745f,-0.9847f,-0.1167f,0f,0f,0f,1f],start_interpolation: 0,interpolation_duration: 1}
$data merge entity $(bone_bone_overray) {transformation: [-1f,0f,0f,0f,0f,0.9836f,-0.1805f,1.326f,0f,-0.1805f,-0.9836f,-0.1167f,0f,0f,0f,1f],start_interpolation: 0,interpolation_duration: 1}
$data merge entity $(bone_bone) {transformation: [-1f,0f,0f,0f,0f,0.9836f,-0.1805f,1.326f,0f,-0.1805f,-0.9836f,-0.1167f,0f,0f,0f,1f],start_interpolation: 0,interpolation_duration: 1}
$data merge entity $(bone_left_arm1) {transformation: [-0.8329f,-0.5401f,0.1207f,0.25f,0.0521f,-0.2937f,-0.9545f,1.2685f,0.5509f,-0.7887f,0.2727f,-0.0924f,0f,0f,0f,1f],start_interpolation: 0,interpolation_duration: 1}
$data merge entity $(bone_right_arm1) {transformation: [-0.8329f,0.5401f,-0.1207f,-0.25f,-0.0521f,-0.2937f,-0.9545f,1.2685f,-0.5509f,-0.7887f,0.2727f,-0.0924f,0f,0f,0f,1f],start_interpolation: 0,interpolation_duration: 1}
data modify entity @s data merge value {"cameras":{},"locators":{"mouse":{"posx":-1.0848479935435e-17,"posy":1.4968023165965425,"posz":0.0885845612219632,"roty":0,"rotx":-19.200390625000004},"left_arm":{"posx":0.6733461799645148,"posy":1.467120921201558,"posz":0.41546270988073974,"roty":156.12558561376153,"rotx":-72.64707942272993},"right_arm":{"posx":-0.673346179964515,"posy":1.467120921201558,"posz":0.41546270988073947,"roty":203.87441438623847,"rotx":-72.6470794227299}}}
