# This file was generated by Animated Java via MC-Build. It is not recommended to edit this file directly.
$data merge entity $(bone_eyes) {transformation: [-1f,0f,0f,-0.0156f,0f,0.9464f,-0.3231f,1.7258f,0f,-0.3231f,-0.9464f,0.0005f,0f,0f,0f,1f],start_interpolation: 0,interpolation_duration: 1}
$data merge entity $(bone_head) {transformation: [-1f,0f,0f,0f,0f,0.9464f,-0.3231f,1.3193f,0f,-0.3231f,-0.9464f,-0.1262f,0f,0f,0f,1f],start_interpolation: 0,interpolation_duration: 1}
$data merge entity $(bone_fabric_overray) {transformation: [-1f,0f,0f,0f,0f,0.9848f,0.1736f,1.3193f,0f,0.1736f,-0.9848f,-0.1262f,0f,0f,0f,1f],start_interpolation: 0,interpolation_duration: 1}
$data merge entity $(bone_fabric) {transformation: [-1f,0f,0f,0f,0f,0.9848f,0.1736f,1.3193f,0f,0.1736f,-0.9848f,-0.1262f,0f,0f,0f,1f],start_interpolation: 0,interpolation_duration: 1}
$data merge entity $(bone_bone_overray) {transformation: [-1f,0f,0f,0f,0f,0.9886f,-0.1503f,1.3193f,0f,-0.1503f,-0.9886f,-0.1262f,0f,0f,0f,1f],start_interpolation: 0,interpolation_duration: 1}
$data merge entity $(bone_bone) {transformation: [-1f,0f,0f,0f,0f,0.9886f,-0.1503f,1.3193f,0f,-0.1503f,-0.9886f,-0.1262f,0f,0f,0f,1f],start_interpolation: 0,interpolation_duration: 1}
$data merge entity $(bone_left_arm1) {transformation: [-0.7894f,-0.5951f,0.1506f,0.25f,0.1598f,-0.4361f,-0.8856f,1.2627f,0.5927f,-0.675f,0.4394f,-0.0998f,0f,0f,0f,1f],start_interpolation: 0,interpolation_duration: 1}
$data merge entity $(bone_right_arm1) {transformation: [-0.7894f,0.5951f,-0.1506f,-0.25f,-0.1598f,-0.4361f,-0.8856f,1.2627f,-0.5927f,-0.675f,0.4394f,-0.0998f,0f,0f,0f,1f],start_interpolation: 0,interpolation_duration: 1}
data modify entity @s data merge value {"cameras":{},"locators":{"mouse":{"posx":-9.808150779506947e-18,"posy":1.488802431070572,"posz":0.0800896289961788,"roty":0,"rotx":-18.85},"left_arm":{"posx":0.7084579352217266,"posy":1.552507959814269,"posz":0.3272479142187126,"roty":161.08348050204822,"rotx":-62.32294513958674},"right_arm":{"posx":-0.7084579352217266,"posy":1.552507959814269,"posz":0.32724791421871235,"roty":198.9165194979518,"rotx":-62.32294513958672}}}