# This file was generated by Animated Java via MC-Build. It is not recommended to edit this file directly.
$data merge entity $(bone_eyes) {transformation: [-1f,0f,0f,-0.0156f,0f,0.9549f,-0.2969f,1.7182f,0f,-0.2969f,-0.9549f,0.0065f,0f,0f,0f,1f],start_interpolation: 0,interpolation_duration: 1}
$data merge entity $(bone_head) {transformation: [-1f,0f,0f,0f,0f,0.9549f,-0.2969f,1.3154f,0f,-0.2969f,-0.9549f,-0.1314f,0f,0f,0f,1f],start_interpolation: 0,interpolation_duration: 1}
$data merge entity $(bone_fabric_overray) {transformation: [-1f,0f,0f,0f,0f,0.9881f,0.1535f,1.3154f,0f,0.1535f,-0.9881f,-0.1314f,0f,0f,0f,1f],start_interpolation: 0,interpolation_duration: 1}
$data merge entity $(bone_fabric) {transformation: [-1f,0f,0f,0f,0f,0.9881f,0.1535f,1.3154f,0f,0.1535f,-0.9881f,-0.1314f,0f,0f,0f,1f],start_interpolation: 0,interpolation_duration: 1}
$data merge entity $(bone_bone_overray) {transformation: [-1f,0f,0f,0f,0f,0.9941f,-0.1088f,1.3154f,0f,-0.1088f,-0.9941f,-0.1314f,0f,0f,0f,1f],start_interpolation: 0,interpolation_duration: 1}
$data merge entity $(bone_bone) {transformation: [-1f,0f,0f,0f,0f,0.9941f,-0.1088f,1.3154f,0f,-0.1088f,-0.9941f,-0.1314f,0f,0f,0f,1f],start_interpolation: 0,interpolation_duration: 1}
$data merge entity $(bone_left_arm1) {transformation: [-0.766f,-0.6209f,0.1664f,0.25f,0.184f,-0.4598f,-0.8688f,1.2593f,0.6159f,-0.6349f,0.4665f,-0.1039f,0f,0f,0f,1f],start_interpolation: 0,interpolation_duration: 1}
$data merge entity $(bone_right_arm1) {transformation: [-0.766f,0.6209f,-0.1664f,-0.25f,-0.184f,-0.4598f,-0.8688f,1.2593f,-0.6159f,-0.6349f,0.4665f,-0.1039f,0f,0f,0f,1f],start_interpolation: 0,interpolation_duration: 1}
data modify entity @s data merge value {"cameras":{},"locators":{"mouse":{"posx":-9.733521456095856e-18,"posy":1.47914283447958,"posz":0.07948023432448206,"roty":0,"rotx":-17.270000000000007},"left_arm":{"posx":0.7247363203926425,"posy":1.5639139991648694,"posz":0.2941464956936338,"roty":160.37082290732485,"rotx":-60.31460315314693},"right_arm":{"posx":-0.7247363203926425,"posy":1.5639139991648694,"posz":0.2941464956936336,"roty":199.62917709267515,"rotx":-60.31460315314696}}}