# This file was generated by Animated Java via MC-Build. It is not recommended to edit this file directly.
$data merge entity $(bone_eyes) {transformation: [-1f,0f,0f,-0.0156f,0f,1f,-0.0003f,1.725f,0f,-0.0003f,-1f,0.3084f,0f,0f,0f,1f],start_interpolation: 0,interpolation_duration: 1}
$data merge entity $(bone_head) {transformation: [-1f,0f,0f,0f,0f,1f,-0.0003f,1.3811f,0f,-0.0003f,-1f,0.0572f,0f,0f,0f,1f],start_interpolation: 0,interpolation_duration: 1}
$data merge entity $(bone_fabric_overray) {transformation: [-1f,0f,0f,0f,0f,0.9837f,0.1799f,1.3811f,0f,0.1799f,-0.9837f,0.0572f,0f,0f,0f,1f],start_interpolation: 0,interpolation_duration: 1}
$data merge entity $(bone_fabric) {transformation: [-1f,0f,0f,0f,0f,0.9837f,0.1799f,1.3811f,0f,0.1799f,-0.9837f,0.0572f,0f,0f,0f,1f],start_interpolation: 0,interpolation_duration: 1}
$data merge entity $(bone_bone_overray) {transformation: [-1f,0f,0f,0f,0f,0.9837f,0.1799f,1.3811f,0f,0.1799f,-0.9837f,0.0572f,0f,0f,0f,1f],start_interpolation: 0,interpolation_duration: 1}
$data merge entity $(bone_bone) {transformation: [-1f,0f,0f,0f,0f,0.9837f,0.1799f,1.3811f,0f,0.1799f,-0.9837f,0.0572f,0f,0f,0f,1f],start_interpolation: 0,interpolation_duration: 1}
$data merge entity $(bone_left_arm1) {transformation: [-0.9998f,-0.0174f,0.0004f,0.25f,-0.0172f,0.9872f,0.1584f,1.3197f,-0.0031f,0.1584f,-0.9874f,0.046f,0f,0f,0f,1f],start_interpolation: 0,interpolation_duration: 1}
$data merge entity $(bone_right_arm1) {transformation: [-0.9998f,0.0174f,-0.0004f,-0.25f,0.0172f,0.9872f,0.1584f,1.3197f,0.0031f,0.1584f,-0.9874f,0.046f,0f,0f,0f,1f],start_interpolation: 0,interpolation_duration: 1}
data modify entity @s data merge value {"cameras":{},"locators":{"mouse":{"posx":-3.7623738641045453e-17,"posy":1.4749586198406304,"posz":0.30722114055448935,"roty":0,"rotx":-0.01449227676269438},"left_arm":{"posx":0.32448615504782263,"posy":0.6420229270478567,"posz":-0.06269748547214025,"roty":0.022092774534968385,"rotx":9.115278817643773},"right_arm":{"posx":-0.32448615504782263,"posy":0.6420229270478567,"posz":-0.06269748547214032,"roty":359.97790722546506,"rotx":9.115278817643773},"intaract2":{"posx":-1.1481063742006442e-18,"posy":1.2,"posz":0.009375000000000001,"roty":0,"rotx":0},"intaract":{"posx":1.1481063742006442e-18,"posy":0.19999999999999996,"posz":-0.009375000000000001,"roty":0,"rotx":0},"shadow":{"posx":1.1481063742006442e-18,"posy":0,"posz":-0.009375000000000001,"roty":0,"rotx":0}}}