# This file was generated by Animated Java via MC-Build. It is not recommended to edit this file directly.
$data merge entity $(bone_eyes) {transformation: [-1f,0f,0f,-0.0156f,0f,1f,0.0069f,1.7206f,0f,0.0069f,-1f,0.3569f,0f,0f,0f,1f],start_interpolation: 0,interpolation_duration: 1}
$data merge entity $(bone_head) {transformation: [-1f,0f,0f,0f,0f,1f,0.0069f,1.3786f,0f,0.0069f,-1f,0.1033f,0f,0f,0f,1f],start_interpolation: 0,interpolation_duration: 1}
$data merge entity $(bone_fabric_overray) {transformation: [-1f,0f,0f,0f,0f,0.9474f,0.3201f,1.3786f,0f,0.3201f,-0.9474f,0.1033f,0f,0f,0f,1f],start_interpolation: 0,interpolation_duration: 1}
$data merge entity $(bone_fabric) {transformation: [-1f,0f,0f,0f,0f,0.9474f,0.3201f,1.3786f,0f,0.3201f,-0.9474f,0.1033f,0f,0f,0f,1f],start_interpolation: 0,interpolation_duration: 1}
$data merge entity $(bone_bone_overray) {transformation: [-1f,0f,0f,0f,0f,0.9474f,0.3201f,1.3786f,0f,0.3201f,-0.9474f,0.1033f,0f,0f,0f,1f],start_interpolation: 0,interpolation_duration: 1}
$data merge entity $(bone_bone) {transformation: [-1f,0f,0f,0f,0f,0.9474f,0.3201f,1.3786f,0f,0.3201f,-0.9474f,0.1033f,0f,0f,0f,1f],start_interpolation: 0,interpolation_duration: 1}
$data merge entity $(bone_left_arm1) {transformation: [-0.9848f,-0.1695f,0.0376f,0.25f,-0.1645f,0.9802f,0.1106f,1.3194f,-0.0556f,0.1027f,-0.9932f,0.0833f,0f,0f,0f,1f],start_interpolation: 0,interpolation_duration: 1}
$data merge entity $(bone_right_arm1) {transformation: [-0.9848f,0.1695f,-0.0376f,-0.25f,0.1645f,0.9802f,0.1106f,1.3194f,0.0556f,0.1027f,-0.9932f,0.0833f,0f,0f,0f,1f],start_interpolation: 0,interpolation_duration: 1}
data modify entity @s data merge value {"cameras":{},"locators":{"mouse":{"posx":-4.334842788044057e-17,"posy":1.4705843542165564,"posz":0.3539667756501012,"roty":0,"rotx":0.3956567185967436},"left_arm":{"posx":0.42810375003192835,"posy":0.6557766363009572,"posz":0.01616504407656104,"roty":2.167232360842064,"rotx":6.349541844744832},"right_arm":{"posx":-0.42810375003192835,"posy":0.6557766363009572,"posz":0.01616504407656097,"roty":357.83276763915796,"rotx":6.349541844744831},"intaract2":{"posx":-1.1481063742006436e-17,"posy":1.2,"posz":0.09375,"roty":0,"rotx":0},"intaract":{"posx":1.1481063742006436e-17,"posy":0.19999999999999996,"posz":-0.09375,"roty":0,"rotx":0},"shadow":{"posx":1.1481063742006436e-17,"posy":0,"posz":-0.09375,"roty":0,"rotx":0}}}