# This file was generated by Animated Java via MC-Build. It is not recommended to edit this file directly.
$data merge entity $(bone_eyes) {transformation: [-1f,0f,0f,-0.0156f,0f,1f,0.007f,1.7188f,0f,0.007f,-1f,0.3687f,0f,0f,0f,1f],start_interpolation: 0,interpolation_duration: 1}
$data merge entity $(bone_head) {transformation: [-1f,0f,0f,0f,0f,1f,0.007f,1.3768f,0f,0.007f,-1f,0.1151f,0f,0f,0f,1f],start_interpolation: 0,interpolation_duration: 1}
$data merge entity $(bone_fabric_overray) {transformation: [-1f,0f,0f,0f,0f,0.9348f,0.3553f,1.3768f,0f,0.3553f,-0.9348f,0.1151f,0f,0f,0f,1f],start_interpolation: 0,interpolation_duration: 1}
$data merge entity $(bone_fabric) {transformation: [-1f,0f,0f,0f,0f,0.9348f,0.3553f,1.3768f,0f,0.3553f,-0.9348f,0.1151f,0f,0f,0f,1f],start_interpolation: 0,interpolation_duration: 1}
$data merge entity $(bone_bone_overray) {transformation: [-1f,0f,0f,0f,0f,0.9348f,0.3553f,1.3768f,0f,0.3553f,-0.9348f,0.1151f,0f,0f,0f,1f],start_interpolation: 0,interpolation_duration: 1}
$data merge entity $(bone_bone) {transformation: [-1f,0f,0f,0f,0f,0.9348f,0.3553f,1.3768f,0f,0.3553f,-0.9348f,0.1151f,0f,0f,0f,1f],start_interpolation: 0,interpolation_duration: 1}
$data merge entity $(bone_left_arm1) {transformation: [-0.9848f,-0.1677f,0.0449f,0.25f,-0.1623f,0.9811f,0.1049f,1.3184f,-0.0617f,0.096f,-0.9935f,0.0929f,0f,0f,0f,1f],start_interpolation: 0,interpolation_duration: 1}
$data merge entity $(bone_right_arm1) {transformation: [-0.9848f,0.1677f,-0.0449f,-0.25f,0.1623f,0.9811f,0.1049f,1.3184f,0.0617f,0.096f,-0.9935f,0.0929f,0f,0f,0f,1f],start_interpolation: 0,interpolation_duration: 1}
data modify entity @s data merge value {"cameras":{},"locators":{"mouse":{"posx":-4.479089735333382e-17,"posy":1.4688130079066222,"posz":0.36574543276084975,"roty":0,"rotx":0.4018961298398065},"left_arm":{"posx":0.42686572546712087,"posy":0.6540020498920529,"posz":0.03074595860768497,"roty":2.590235593166909,"rotx":6.020774388973858},"right_arm":{"posx":-0.42686572546712087,"posy":0.6540020498920529,"posz":0.0307459586076849,"roty":357.4097644068331,"rotx":6.020774388973856},"intaract2":{"posx":-1.2629170116207081e-17,"posy":1.2,"posz":0.10312500000000001,"roty":0,"rotx":0},"intaract":{"posx":1.2629170116207081e-17,"posy":0.19999999999999996,"posz":-0.10312500000000001,"roty":0,"rotx":0},"shadow":{"posx":1.2629170116207081e-17,"posy":0,"posz":-0.10312500000000001,"roty":0,"rotx":0}}}