# This file was generated by Animated Java via MC-Build. It is not recommended to edit this file directly.
$data merge entity $(bone_eyes) {transformation: [-1f,0f,0f,-0.0156f,0f,1f,0.0061f,1.7165f,0f,0.0061f,-1f,0.3819f,0f,0f,0f,1f],start_interpolation: 0,interpolation_duration: 1}
$data merge entity $(bone_head) {transformation: [-1f,0f,0f,0f,0f,1f,0.0061f,1.3743f,0f,0.0061f,-1f,0.1285f,0f,0f,0f,1f],start_interpolation: 0,interpolation_duration: 1}
$data merge entity $(bone_fabric_overray) {transformation: [-1f,0f,0f,0f,0f,0.9187f,0.395f,1.3743f,0f,0.395f,-0.9187f,0.1285f,0f,0f,0f,1f],start_interpolation: 0,interpolation_duration: 1}
$data merge entity $(bone_fabric) {transformation: [-1f,0f,0f,0f,0f,0.9187f,0.395f,1.3743f,0f,0.395f,-0.9187f,0.1285f,0f,0f,0f,1f],start_interpolation: 0,interpolation_duration: 1}
$data merge entity $(bone_bone_overray) {transformation: [-1f,0f,0f,0f,0f,0.9187f,0.395f,1.3743f,0f,0.395f,-0.9187f,0.1285f,0f,0f,0f,1f],start_interpolation: 0,interpolation_duration: 1}
$data merge entity $(bone_bone) {transformation: [-1f,0f,0f,0f,0f,0.9187f,0.395f,1.3743f,0f,0.395f,-0.9187f,0.1285f,0f,0f,0f,1f],start_interpolation: 0,interpolation_duration: 1}
$data merge entity $(bone_left_arm1) {transformation: [-0.9848f,-0.1656f,0.0522f,0.25f,-0.1595f,0.9816f,0.1047f,1.3169f,-0.0686f,0.0948f,-0.9931f,0.1038f,0f,0f,0f,1f],start_interpolation: 0,interpolation_duration: 1}
$data merge entity $(bone_right_arm1) {transformation: [-0.9848f,0.1656f,-0.0522f,-0.25f,0.1595f,0.9816f,0.1047f,1.3169f,0.0686f,0.0948f,-0.9931f,0.1038f,0f,0f,0f,1f],start_interpolation: 0,interpolation_duration: 1}
data modify entity @s data merge value {"cameras":{},"locators":{"mouse":{"posx":-4.6426469093016084e-17,"posy":1.4664847239687973,"posz":0.3791008895408864,"roty":0,"rotx":0.3522275971152078},"left_arm":{"posx":0.42540819178716316,"posy":0.6519584162767017,"posz":0.04297174626377388,"roty":3.0097303311820554,"rotx":6.009430759446629},"right_arm":{"posx":-0.42540819178716316,"posy":0.6519584162767017,"posz":0.04297174626377381,"roty":356.990269668818,"rotx":6.009430759446627},"intaract2":{"posx":-1.3777276490407722e-17,"posy":1.2,"posz":0.11249999999999999,"roty":0,"rotx":0},"intaract":{"posx":1.3777276490407722e-17,"posy":0.19999999999999996,"posz":-0.11249999999999999,"roty":0,"rotx":0},"shadow":{"posx":1.3777276490407722e-17,"posy":0,"posz":-0.11249999999999999,"roty":0,"rotx":0}}}