# This file was generated by Animated Java via MC-Build. It is not recommended to edit this file directly.
$data merge entity $(bone_eyes) {transformation: [-1f,0f,0f,-0.0156f,0f,1f,0.0058f,1.7131f,0f,0.0058f,-1f,0.3963f,0f,0f,0f,1f],start_interpolation: 0,interpolation_duration: 1}
$data merge entity $(bone_head) {transformation: [-1f,0f,0f,0f,0f,1f,0.0058f,1.3708f,0f,0.0058f,-1f,0.143f,0f,0f,0f,1f],start_interpolation: 0,interpolation_duration: 1}
$data merge entity $(bone_fabric_overray) {transformation: [-1f,0f,0f,0f,0f,0.8992f,0.4375f,1.3708f,0f,0.4375f,-0.8992f,0.143f,0f,0f,0f,1f],start_interpolation: 0,interpolation_duration: 1}
$data merge entity $(bone_fabric) {transformation: [-1f,0f,0f,0f,0f,0.8992f,0.4375f,1.3708f,0f,0.4375f,-0.8992f,0.143f,0f,0f,0f,1f],start_interpolation: 0,interpolation_duration: 1}
$data merge entity $(bone_bone_overray) {transformation: [-1f,0f,0f,0f,0f,0.8992f,0.4375f,1.3708f,0f,0.4375f,-0.8992f,0.143f,0f,0f,0f,1f],start_interpolation: 0,interpolation_duration: 1}
$data merge entity $(bone_bone) {transformation: [-1f,0f,0f,0f,0f,0.8992f,0.4375f,1.3708f,0f,0.4375f,-0.8992f,0.143f,0f,0f,0f,1f],start_interpolation: 0,interpolation_duration: 1}
$data merge entity $(bone_left_arm1) {transformation: [-0.9848f,-0.1632f,0.0594f,0.25f,-0.1561f,0.9818f,0.1083f,1.3146f,-0.076f,0.0974f,-0.9923f,0.1157f,0f,0f,0f,1f],start_interpolation: 0,interpolation_duration: 1}
$data merge entity $(bone_right_arm1) {transformation: [-0.9848f,0.1632f,-0.0594f,-0.25f,0.1561f,0.9818f,0.1083f,1.3146f,0.076f,0.0974f,-0.9923f,0.1157f,0f,0f,0f,1f],start_interpolation: 0,interpolation_duration: 1}
data modify entity @s data merge value {"cameras":{},"locators":{"mouse":{"posx":-4.819854517202454e-17,"posy":1.4631356148797592,"posz":0.3935709888400659,"roty":0,"rotx":0.33451776433533986},"left_arm":{"posx":0.4237339234902557,"posy":0.6494303921309418,"posz":0.05350146988655237,"roty":3.4250251422207327,"rotx":6.215612550595966},"right_arm":{"posx":-0.4237339234902557,"posy":0.6494303921309418,"posz":0.0535014698865523,"roty":356.5749748577793,"rotx":6.2156125505959645},"intaract2":{"posx":-1.492538286460837e-17,"posy":1.2,"posz":0.12187500000000001,"roty":0,"rotx":0},"intaract":{"posx":1.492538286460837e-17,"posy":0.19999999999999996,"posz":-0.12187500000000001,"roty":0,"rotx":0},"shadow":{"posx":1.492538286460837e-17,"posy":0,"posz":-0.12187500000000001,"roty":0,"rotx":0}}}