# This file was generated by Animated Java via MC-Build. It is not recommended to edit this file directly.
$data merge entity $(bone_eyes) {transformation: [-1f,0f,0f,-0.0156f,0f,1f,0.006f,1.7088f,0f,0.006f,-1f,0.4113f,0f,0f,0f,1f],start_interpolation: 0,interpolation_duration: 1}
$data merge entity $(bone_head) {transformation: [-1f,0f,0f,0f,0f,1f,0.006f,1.3665f,0f,0.006f,-1f,0.158f,0f,0f,0f,1f],start_interpolation: 0,interpolation_duration: 1}
$data merge entity $(bone_fabric_overray) {transformation: [-1f,0f,0f,0f,0f,0.8768f,0.4809f,1.3665f,0f,0.4809f,-0.8768f,0.158f,0f,0f,0f,1f],start_interpolation: 0,interpolation_duration: 1}
$data merge entity $(bone_fabric) {transformation: [-1f,0f,0f,0f,0f,0.8768f,0.4809f,1.3665f,0f,0.4809f,-0.8768f,0.158f,0f,0f,0f,1f],start_interpolation: 0,interpolation_duration: 1}
$data merge entity $(bone_bone_overray) {transformation: [-1f,0f,0f,0f,0f,0.8768f,0.4809f,1.3665f,0f,0.4809f,-0.8768f,0.158f,0f,0f,0f,1f],start_interpolation: 0,interpolation_duration: 1}
$data merge entity $(bone_bone) {transformation: [-1f,0f,0f,0f,0f,0.8768f,0.4809f,1.3665f,0f,0.4809f,-0.8768f,0.158f,0f,0f,0f,1f],start_interpolation: 0,interpolation_duration: 1}
$data merge entity $(bone_left_arm1) {transformation: [-0.9848f,-0.1604f,0.0665f,0.25f,-0.1522f,0.9818f,0.1139f,1.3117f,-0.0835f,0.102f,-0.9913f,0.1279f,0f,0f,0f,1f],start_interpolation: 0,interpolation_duration: 1}
$data merge entity $(bone_right_arm1) {transformation: [-0.9848f,0.1604f,-0.0665f,-0.25f,0.1522f,0.9818f,0.1139f,1.3117f,0.0835f,0.102f,-0.9913f,0.1279f,0f,0f,0f,1f],start_interpolation: 0,interpolation_duration: 1}
data modify entity @s data merge value {"cameras":{},"locators":{"mouse":{"posx":-5.00328925645991e-17,"posy":1.4587914214729378,"posz":0.40854957200258846,"roty":0,"rotx":0.344477305699794},"left_arm":{"posx":0.42184610764126085,"posy":0.6463049935222722,"posz":0.0629989809020536,"roty":3.835233843565362,"rotx":6.539526336886113},"right_arm":{"posx":-0.4218461076412608,"posy":0.6463049935222722,"posz":0.06299898090205353,"roty":356.16476615643467,"rotx":6.539526336886111},"intaract2":{"posx":-1.607348923880901e-17,"posy":1.2,"posz":0.13124999999999998,"roty":0,"rotx":0},"intaract":{"posx":1.607348923880901e-17,"posy":0.19999999999999996,"posz":-0.13124999999999998,"roty":0,"rotx":0},"shadow":{"posx":1.607348923880901e-17,"posy":0,"posz":-0.13124999999999998,"roty":0,"rotx":0}}}