# This file was generated by Animated Java via MC-Build. It is not recommended to edit this file directly.
$data merge entity $(bone_eyes) {transformation: [-1f,0f,0f,-0.0156f,0f,1f,0.0061f,1.7037f,0f,0.0061f,-1f,0.4262f,0f,0f,0f,1f],start_interpolation: 0,interpolation_duration: 1}
$data merge entity $(bone_head) {transformation: [-1f,0f,0f,0f,0f,1f,0.0061f,1.3615f,0f,0.0061f,-1f,0.1728f,0f,0f,0f,1f],start_interpolation: 0,interpolation_duration: 1}
$data merge entity $(bone_fabric_overray) {transformation: [-1f,0f,0f,0f,0f,0.852f,0.5235f,1.3615f,0f,0.5235f,-0.852f,0.1728f,0f,0f,0f,1f],start_interpolation: 0,interpolation_duration: 1}
$data merge entity $(bone_fabric) {transformation: [-1f,0f,0f,0f,0f,0.852f,0.5235f,1.3615f,0f,0.5235f,-0.852f,0.1728f,0f,0f,0f,1f],start_interpolation: 0,interpolation_duration: 1}
$data merge entity $(bone_bone_overray) {transformation: [-1f,0f,0f,0f,0f,0.852f,0.5235f,1.3615f,0f,0.5235f,-0.852f,0.1728f,0f,0f,0f,1f],start_interpolation: 0,interpolation_duration: 1}
$data merge entity $(bone_bone) {transformation: [-1f,0f,0f,0f,0f,0.852f,0.5235f,1.3615f,0f,0.5235f,-0.852f,0.1728f,0f,0f,0f,1f],start_interpolation: 0,interpolation_duration: 1}
$data merge entity $(bone_left_arm1) {transformation: [-0.9848f,-0.1574f,0.0734f,0.25f,-0.148f,0.9817f,0.1198f,1.3082f,-0.0909f,0.1071f,-0.9901f,0.1401f,0f,0f,0f,1f],start_interpolation: 0,interpolation_duration: 1}
$data merge entity $(bone_right_arm1) {transformation: [-0.9848f,0.1574f,-0.0734f,-0.25f,0.148f,0.9817f,0.1198f,1.3082f,0.0909f,0.1071f,-0.9901f,0.1401f,0f,0f,0f,1f],start_interpolation: 0,interpolation_duration: 1}
data modify entity @s data merge value {"cameras":{},"locators":{"mouse":{"posx":-5.1851328242352645e-17,"posy":1.4537132622087627,"posz":0.42339822615348,"roty":0,"rotx":0.3470929422340981},"left_arm":{"posx":0.4197483378049436,"posy":0.6425490571398876,"posz":0.07214090667455308,"roty":4.239136488600195,"rotx":6.881537256477122},"right_arm":{"posx":-0.4197483378049436,"posy":0.6425490571398876,"posz":0.07214090667455302,"roty":355.76086351139986,"rotx":6.88153725647712},"intaract2":{"posx":-1.7221595613009655e-17,"posy":1.2,"posz":0.140625,"roty":0,"rotx":0},"intaract":{"posx":1.7221595613009655e-17,"posy":0.19999999999999996,"posz":-0.140625,"roty":0,"rotx":0},"shadow":{"posx":1.7221595613009655e-17,"posy":0,"posz":-0.140625,"roty":0,"rotx":0}}}