# This file was generated by Animated Java via MC-Build. It is not recommended to edit this file directly.
$data merge entity $(bone_eyes) {transformation: [-1f,0f,0f,-0.0156f,0f,1f,0.0052f,1.6983f,0f,0.0052f,-1f,0.4401f,0f,0f,0f,1f],start_interpolation: 0,interpolation_duration: 1}
$data merge entity $(bone_head) {transformation: [-1f,0f,0f,0f,0f,1f,0.0052f,1.3559f,0f,0.0052f,-1f,0.187f,0f,0f,0f,1f],start_interpolation: 0,interpolation_duration: 1}
$data merge entity $(bone_fabric_overray) {transformation: [-1f,0f,0f,0f,0f,0.826f,0.5636f,1.3559f,0f,0.5636f,-0.826f,0.187f,0f,0f,0f,1f],start_interpolation: 0,interpolation_duration: 1}
$data merge entity $(bone_fabric) {transformation: [-1f,0f,0f,0f,0f,0.826f,0.5636f,1.3559f,0f,0.5636f,-0.826f,0.187f,0f,0f,0f,1f],start_interpolation: 0,interpolation_duration: 1}
$data merge entity $(bone_bone_overray) {transformation: [-1f,0f,0f,0f,0f,0.826f,0.5636f,1.3559f,0f,0.5636f,-0.826f,0.187f,0f,0f,0f,1f],start_interpolation: 0,interpolation_duration: 1}
$data merge entity $(bone_bone) {transformation: [-1f,0f,0f,0f,0f,0.826f,0.5636f,1.3559f,0f,0.5636f,-0.826f,0.187f,0f,0f,0f,1f],start_interpolation: 0,interpolation_duration: 1}
$data merge entity $(bone_left_arm1) {transformation: [-0.9848f,-0.154f,0.0802f,0.25f,-0.1434f,0.9818f,0.1243f,1.3042f,-0.0979f,0.1109f,-0.989f,0.1518f,0f,0f,0f,1f],start_interpolation: 0,interpolation_duration: 1}
$data merge entity $(bone_right_arm1) {transformation: [-0.9848f,0.154f,-0.0802f,-0.25f,0.1434f,0.9818f,0.1243f,1.3042f,0.0979f,0.1109f,-0.989f,0.1518f,0f,0f,0f,1f],start_interpolation: 0,interpolation_duration: 1}
data modify entity @s data merge value {"cameras":{},"locators":{"mouse":{"posx":-5.3577953664605547e-17,"posy":1.4483006904375229,"posz":0.4374971926755421,"roty":0,"rotx":0.2996144670696243},"left_arm":{"posx":0.41744460720541676,"posy":0.6381976483707871,"posz":0.08162709464455387,"roty":4.635059024402892,"rotx":7.1422173545846555},"right_arm":{"posx":-0.4174446072054168,"posy":0.6381976483707871,"posz":0.0816270946445538,"roty":355.36494097559716,"rotx":7.142217354584655},"intaract2":{"posx":-1.83697019872103e-17,"posy":1.2,"posz":0.15000000000000002,"roty":0,"rotx":0},"intaract":{"posx":1.83697019872103e-17,"posy":0.19999999999999996,"posz":-0.15000000000000002,"roty":0,"rotx":0},"shadow":{"posx":1.83697019872103e-17,"posy":0,"posz":-0.15000000000000002,"roty":0,"rotx":0}}}