# This file was generated by Animated Java via MC-Build. It is not recommended to edit this file directly.
$data merge entity $(bone_eyes) {transformation: [-1f,0f,0f,-0.0156f,0f,1f,-0.001f,1.6883f,0f,-0.001f,-1f,0.4623f,0f,0f,0f,1f],start_interpolation: 0,interpolation_duration: 1}
$data merge entity $(bone_head) {transformation: [-1f,0f,0f,0f,0f,1f,-0.001f,1.3443f,0f,-0.001f,-1f,0.2114f,0f,0f,0f,1f],start_interpolation: 0,interpolation_duration: 1}
$data merge entity $(bone_fabric_overray) {transformation: [-1f,0f,0f,0f,0f,0.7754f,0.6315f,1.3443f,0f,0.6315f,-0.7754f,0.2114f,0f,0f,0f,1f],start_interpolation: 0,interpolation_duration: 1}
$data merge entity $(bone_fabric) {transformation: [-1f,0f,0f,0f,0f,0.7754f,0.6315f,1.3443f,0f,0.6315f,-0.7754f,0.2114f,0f,0f,0f,1f],start_interpolation: 0,interpolation_duration: 1}
$data merge entity $(bone_bone_overray) {transformation: [-1f,0f,0f,0f,0f,0.7754f,0.6315f,1.3443f,0f,0.6315f,-0.7754f,0.2114f,0f,0f,0f,1f],start_interpolation: 0,interpolation_duration: 1}
$data merge entity $(bone_bone) {transformation: [-1f,0f,0f,0f,0f,0.7754f,0.6315f,1.3443f,0f,0.6315f,-0.7754f,0.2114f,0f,0f,0f,1f],start_interpolation: 0,interpolation_duration: 1}
$data merge entity $(bone_left_arm1) {transformation: [-0.9848f,-0.1465f,0.0933f,0.25f,-0.1346f,0.9833f,0.1223f,1.2958f,-0.1097f,0.1078f,-0.9881f,0.1719f,0f,0f,0f,1f],start_interpolation: 0,interpolation_duration: 1}
$data merge entity $(bone_right_arm1) {transformation: [-0.9848f,0.1465f,-0.0933f,-0.25f,0.1346f,0.9833f,0.1223f,1.2958f,0.1097f,0.1078f,-0.9881f,0.1719f,0f,0f,0f,1f],start_interpolation: 0,interpolation_duration: 1}
data modify entity @s data merge value {"cameras":{},"locators":{"mouse":{"posx":-5.649026630567109e-17,"posy":1.4382712139534573,"posz":0.46127803008183105,"roty":0,"rotx":-0.054953981079468806},"left_arm":{"posx":0.41223718855564656,"posy":0.6282008881007494,"posz":0.10460830794808418,"roty":5.394137255966768,"rotx":7.023142990712292},"right_arm":{"posx":-0.4122371885556466,"posy":0.6282008881007494,"posz":0.10460830794808411,"roty":354.6058627440333,"rotx":7.023142990712292},"intaract2":{"posx":-2.0665914735611586e-17,"posy":1.2,"posz":0.16875,"roty":0,"rotx":0},"intaract":{"posx":2.0665914735611586e-17,"posy":0.19999999999999996,"posz":-0.16875,"roty":0,"rotx":0},"shadow":{"posx":2.0665914735611586e-17,"posy":0,"posz":-0.16875,"roty":0,"rotx":0}}}