# This file was generated by Animated Java via MC-Build. It is not recommended to edit this file directly.
$data merge entity $(bone_eyes) {transformation: [-1f,0f,0f,-0.0156f,0f,1f,-0.0049f,1.6841f,0f,-0.0049f,-1f,0.4703f,0f,0f,0f,1f],start_interpolation: 0,interpolation_duration: 1}
$data merge entity $(bone_head) {transformation: [-1f,0f,0f,0f,0f,1f,-0.0049f,1.3392f,0f,-0.0049f,-1f,0.2207f,0f,0f,0f,1f],start_interpolation: 0,interpolation_duration: 1}
$data merge entity $(bone_fabric_overray) {transformation: [-1f,0f,0f,0f,0f,0.7539f,0.6569f,1.3392f,0f,0.6569f,-0.7539f,0.2207f,0f,0f,0f,1f],start_interpolation: 0,interpolation_duration: 1}
$data merge entity $(bone_fabric) {transformation: [-1f,0f,0f,0f,0f,0.7539f,0.6569f,1.3392f,0f,0.6569f,-0.7539f,0.2207f,0f,0f,0f,1f],start_interpolation: 0,interpolation_duration: 1}
$data merge entity $(bone_bone_overray) {transformation: [-1f,0f,0f,0f,0f,0.7539f,0.6569f,1.3392f,0f,0.6569f,-0.7539f,0.2207f,0f,0f,0f,1f],start_interpolation: 0,interpolation_duration: 1}
$data merge entity $(bone_bone) {transformation: [-1f,0f,0f,0f,0f,0.7539f,0.6569f,1.3392f,0f,0.6569f,-0.7539f,0.2207f,0f,0f,0f,1f],start_interpolation: 0,interpolation_duration: 1}
$data merge entity $(bone_left_arm1) {transformation: [-0.9848f,-0.1422f,0.0996f,0.25f,-0.1309f,0.985f,0.1123f,1.292f,-0.1141f,0.0975f,-0.9887f,0.1796f,0f,0f,0f,1f],start_interpolation: 0,interpolation_duration: 1}
$data merge entity $(bone_right_arm1) {transformation: [-0.9848f,0.1422f,-0.0996f,-0.25f,0.1309f,0.985f,0.1123f,1.292f,0.1141f,0.0975f,-0.9887f,0.1796f,0f,0f,0f,1f],start_interpolation: 0,interpolation_duration: 1}
data modify entity @s data merge value {"cameras":{},"locators":{"mouse":{"posx":-5.75847454057476e-17,"posy":1.434129021451286,"posz":0.4702151301570407,"roty":0,"rotx":-0.27846663595213406},"left_arm":{"posx":0.4093434131227732,"posy":0.6230278813049104,"posz":0.11969995825038474,"roty":5.752653985991202,"rotx":6.44588103004757},"right_arm":{"posx":-0.4093434131227732,"posy":0.6230278813049104,"posz":0.11969995825038467,"roty":354.2473460140088,"rotx":6.44588103004757},"intaract2":{"posx":-2.1814021109812225e-17,"posy":1.2,"posz":0.17812499999999998,"roty":0,"rotx":0},"intaract":{"posx":2.1814021109812225e-17,"posy":0.19999999999999996,"posz":-0.17812499999999998,"roty":0,"rotx":0},"shadow":{"posx":2.1814021109812225e-17,"posy":0,"posz":-0.17812499999999998,"roty":0,"rotx":0}}}