# This file was generated by Animated Java via MC-Build. It is not recommended to edit this file directly.
$data merge entity $(bone_eyes) {transformation: [-1f,0f,0f,-0.0156f,0f,1f,-0.0073f,1.7268f,0f,-0.0073f,-1f,0.3079f,0f,0f,0f,1f],start_interpolation: 0,interpolation_duration: 1}
$data merge entity $(bone_head) {transformation: [-1f,0f,0f,0f,0f,1f,-0.0073f,1.3812f,0f,-0.0073f,-1f,0.0592f,0f,0f,0f,1f],start_interpolation: 0,interpolation_duration: 1}
$data merge entity $(bone_fabric_overray) {transformation: [-1f,0f,0f,0f,0f,0.9825f,0.186f,1.3812f,0f,0.186f,-0.9825f,0.0592f,0f,0f,0f,1f],start_interpolation: 0,interpolation_duration: 1}
$data merge entity $(bone_fabric) {transformation: [-1f,0f,0f,0f,0f,0.9825f,0.186f,1.3812f,0f,0.186f,-0.9825f,0.0592f,0f,0f,0f,1f],start_interpolation: 0,interpolation_duration: 1}
$data merge entity $(bone_bone_overray) {transformation: [-1f,0f,0f,0f,0f,0.9825f,0.186f,1.3812f,0f,0.186f,-0.9825f,0.0592f,0f,0f,0f,1f],start_interpolation: 0,interpolation_duration: 1}
$data merge entity $(bone_bone) {transformation: [-1f,0f,0f,0f,0f,0.9825f,0.186f,1.3812f,0f,0.186f,-0.9825f,0.0592f,0f,0f,0f,1f],start_interpolation: 0,interpolation_duration: 1}
$data merge entity $(bone_left_arm1) {transformation: [-0.9994f,-0.0349f,0.0015f,0.25f,-0.0343f,0.9891f,0.143f,1.3198f,-0.0065f,0.1429f,-0.9897f,0.0476f,0f,0f,0f,1f],start_interpolation: 0,interpolation_duration: 1}
$data merge entity $(bone_right_arm1) {transformation: [-0.9994f,0.0349f,-0.0015f,-0.25f,0.0343f,0.9891f,0.143f,1.3198f,0.0065f,0.1429f,-0.9897f,0.0476f,0f,0f,0f,1f],start_interpolation: 0,interpolation_duration: 1}
data modify entity @s data merge value {"cameras":{},"locators":{"mouse":{"posx":-3.77836188088181e-17,"posy":1.4767484855979238,"posz":0.3085266611983515,"roty":0,"rotx":-0.419216869452361},"left_arm":{"posx":0.33643249426757416,"posy":0.6418801393279507,"posz":-0.050218909909209734,"roty":0.0881268286457555,"rotx":8.22160743169052},"right_arm":{"posx":-0.33643249426757416,"posy":0.6418801393279507,"posz":-0.050218909909209804,"roty":359.9118731713543,"rotx":8.22160743169052},"intaract2":{"posx":-2.2962127484012876e-18,"posy":1.2,"posz":0.018750000000000003,"roty":0,"rotx":0},"intaract":{"posx":2.2962127484012876e-18,"posy":0.19999999999999996,"posz":-0.018750000000000003,"roty":0,"rotx":0},"shadow":{"posx":2.2962127484012876e-18,"posy":0,"posz":-0.018750000000000003,"roty":0,"rotx":0}}}