# This file was generated by Animated Java via MC-Build. It is not recommended to edit this file directly.
$data merge entity $(bone_eyes) {transformation: [-1f,0f,0f,-0.0156f,0f,0.9999f,-0.0165f,1.729f,0f,-0.0165f,-0.9999f,0.3069f,0f,0f,0f,1f],start_interpolation: 0,interpolation_duration: 1}
$data merge entity $(bone_head) {transformation: [-1f,0f,0f,0f,0f,0.9999f,-0.0165f,1.3812f,0f,-0.0165f,-0.9999f,0.0614f,0f,0f,0f,1f],start_interpolation: 0,interpolation_duration: 1}
$data merge entity $(bone_fabric_overray) {transformation: [-1f,0f,0f,0f,0f,0.9812f,0.1927f,1.3812f,0f,0.1927f,-0.9812f,0.0614f,0f,0f,0f,1f],start_interpolation: 0,interpolation_duration: 1}
$data merge entity $(bone_fabric) {transformation: [-1f,0f,0f,0f,0f,0.9812f,0.1927f,1.3812f,0f,0.1927f,-0.9812f,0.0614f,0f,0f,0f,1f],start_interpolation: 0,interpolation_duration: 1}
$data merge entity $(bone_bone_overray) {transformation: [-1f,0f,0f,0f,0f,0.9812f,0.1927f,1.3812f,0f,0.1927f,-0.9812f,0.0614f,0f,0f,0f,1f],start_interpolation: 0,interpolation_duration: 1}
$data merge entity $(bone_bone) {transformation: [-1f,0f,0f,0f,0f,0.9812f,0.1927f,1.3812f,0f,0.1927f,-0.9812f,0.0614f,0f,0f,0f,1f],start_interpolation: 0,interpolation_duration: 1}
$data merge entity $(bone_left_arm1) {transformation: [-0.9986f,-0.0522f,0.0034f,0.25f,-0.0514f,0.9904f,0.1282f,1.3199f,-0.0101f,0.1279f,-0.9917f,0.0494f,0f,0f,0f,1f],start_interpolation: 0,interpolation_duration: 1}
$data merge entity $(bone_right_arm1) {transformation: [-0.9986f,0.0522f,-0.0034f,-0.25f,0.0514f,0.9904f,0.1282f,1.3199f,0.0101f,0.1279f,-0.9917f,0.0494f,0f,0f,0f,1f],start_interpolation: 0,interpolation_duration: 1}
data modify entity @s data merge value {"cameras":{},"locators":{"mouse":{"posx":-3.7942333001165594e-17,"posy":1.4790512448542668,"posz":0.3098226609303395,"roty":0,"rotx":-0.9459239899550543},"left_arm":{"posx":0.3483182778206429,"posy":0.6421599601826061,"posz":-0.03793663821614391,"roty":0.19775301406662038,"rotx":7.3680441699391706},"right_arm":{"posx":-0.3483182778206429,"posy":0.6421599601826061,"posz":-0.03793663821614398,"roty":359.8022469859334,"rotx":7.3680441699391706},"intaract2":{"posx":-3.4443191226019302e-18,"posy":1.2,"posz":0.028124999999999997,"roty":0,"rotx":0},"intaract":{"posx":3.444319122601931e-18,"posy":0.19999999999999996,"posz":-0.028124999999999997,"roty":0,"rotx":0},"shadow":{"posx":3.444319122601931e-18,"posy":0,"posz":-0.028124999999999997,"roty":0,"rotx":0}}}