# This file was generated by Animated Java via MC-Build. It is not recommended to edit this file directly.
$data merge entity $(bone_eyes) {transformation: [-1f,0f,0f,-0.0156f,0f,0.9997f,-0.0255f,1.7312f,0f,-0.0255f,-0.9997f,0.3065f,0f,0f,0f,1f],start_interpolation: 0,interpolation_duration: 1}
$data merge entity $(bone_head) {transformation: [-1f,0f,0f,0f,0f,0.9997f,-0.0255f,1.3812f,0f,-0.0255f,-0.9997f,0.0641f,0f,0f,0f,1f],start_interpolation: 0,interpolation_duration: 1}
$data merge entity $(bone_fabric_overray) {transformation: [-1f,0f,0f,0f,0f,0.9796f,0.2009f,1.3812f,0f,0.2009f,-0.9796f,0.0641f,0f,0f,0f,1f],start_interpolation: 0,interpolation_duration: 1}
$data merge entity $(bone_fabric) {transformation: [-1f,0f,0f,0f,0f,0.9796f,0.2009f,1.3812f,0f,0.2009f,-0.9796f,0.0641f,0f,0f,0f,1f],start_interpolation: 0,interpolation_duration: 1}
$data merge entity $(bone_bone_overray) {transformation: [-1f,0f,0f,0f,0f,0.9796f,0.2009f,1.3812f,0f,0.2009f,-0.9796f,0.0641f,0f,0f,0f,1f],start_interpolation: 0,interpolation_duration: 1}
$data merge entity $(bone_bone) {transformation: [-1f,0f,0f,0f,0f,0.9796f,0.2009f,1.3812f,0f,0.2009f,-0.9796f,0.0641f,0f,0f,0f,1f],start_interpolation: 0,interpolation_duration: 1}
$data merge entity $(bone_left_arm1) {transformation: [-0.9976f,-0.0695f,0.0061f,0.25f,-0.0683f,0.991f,0.115f,1.32f,-0.014f,0.1143f,-0.9933f,0.0515f,0f,0f,0f,1f],start_interpolation: 0,interpolation_duration: 1}
$data merge entity $(bone_right_arm1) {transformation: [-0.9976f,0.0695f,-0.0061f,-0.25f,0.0683f,0.991f,0.115f,1.32f,0.014f,0.1143f,-0.9933f,0.0515f,0f,0f,0f,1f],start_interpolation: 0,interpolation_duration: 1}
data modify entity @s data merge value {"cameras":{},"locators":{"mouse":{"posx":-3.815948435912717e-17,"posy":1.481277156438186,"posz":0.3115958363317104,"roty":0,"rotx":-1.4606855242698265},"left_arm":{"posx":0.3601228357860022,"posy":0.6429094470492946,"posz":-0.026199864319532487,"roty":0.3506685391337214,"rotx":6.6036280140028545},"right_arm":{"posx":-0.3601228357860021,"posy":0.6429094470492946,"posz":-0.026199864319532556,"roty":359.6493314608663,"rotx":6.6036280140028545},"intaract2":{"posx":-4.592425496802575e-18,"posy":1.2,"posz":0.037500000000000006,"roty":0,"rotx":0},"intaract":{"posx":4.592425496802575e-18,"posy":0.19999999999999996,"posz":-0.037500000000000006,"roty":0,"rotx":0},"shadow":{"posx":4.592425496802575e-18,"posy":0,"posz":-0.037500000000000006,"roty":0,"rotx":0}}}