# This file was generated by Animated Java via MC-Build. It is not recommended to edit this file directly.
$data merge entity $(bone_eyes) {transformation: [-1f,0f,0f,-0.0156f,0f,0.9995f,-0.0325f,1.7329f,0f,-0.0325f,-0.9995f,0.3074f,0f,0f,0f,1f],start_interpolation: 0,interpolation_duration: 1}
$data merge entity $(bone_head) {transformation: [-1f,0f,0f,0f,0f,0.9995f,-0.0325f,1.3811f,0f,-0.0325f,-0.9995f,0.0675f,0f,0f,0f,1f],start_interpolation: 0,interpolation_duration: 1}
$data merge entity $(bone_fabric_overray) {transformation: [-1f,0f,0f,0f,0f,0.9774f,0.2114f,1.3811f,0f,0.2114f,-0.9774f,0.0675f,0f,0f,0f,1f],start_interpolation: 0,interpolation_duration: 1}
$data merge entity $(bone_fabric) {transformation: [-1f,0f,0f,0f,0f,0.9774f,0.2114f,1.3811f,0f,0.2114f,-0.9774f,0.0675f,0f,0f,0f,1f],start_interpolation: 0,interpolation_duration: 1}
$data merge entity $(bone_bone_overray) {transformation: [-1f,0f,0f,0f,0f,0.9774f,0.2114f,1.3811f,0f,0.2114f,-0.9774f,0.0675f,0f,0f,0f,1f],start_interpolation: 0,interpolation_duration: 1}
$data merge entity $(bone_bone) {transformation: [-1f,0f,0f,0f,0f,0.9774f,0.2114f,1.3811f,0f,0.2114f,-0.9774f,0.0675f,0f,0f,0f,1f],start_interpolation: 0,interpolation_duration: 1}
$data merge entity $(bone_left_arm1) {transformation: [-0.9962f,-0.0866f,0.0095f,0.25f,-0.0852f,0.9909f,0.1041f,1.3201f,-0.0184f,0.1029f,-0.9945f,0.0543f,0f,0f,0f,1f],start_interpolation: 0,interpolation_duration: 1}
$data merge entity $(bone_right_arm1) {transformation: [-0.9962f,0.0866f,-0.0095f,-0.25f,0.0852f,0.9909f,0.1041f,1.3201f,0.0184f,0.1029f,-0.9945f,0.0543f,0f,0f,0f,1f],start_interpolation: 0,interpolation_duration: 1}
data modify entity @s data merge value {"cameras":{},"locators":{"mouse":{"posx":-3.8489662630993524e-17,"posy":1.4829805379068028,"posz":0.3142919465252473,"roty":0,"rotx":-1.8636354633844938},"left_arm":{"posx":0.3718256000931478,"posy":0.6441370920099325,"posz":-0.015352757238570096,"roty":0.5466239342630956,"rotx":5.977372554083768},"right_arm":{"posx":-0.3718256000931478,"posy":0.6441370920099325,"posz":-0.015352757238570165,"roty":359.45337606573696,"rotx":5.977372554083768},"intaract2":{"posx":-5.740531871003218e-18,"posy":1.2,"posz":0.046875,"roty":0,"rotx":0},"intaract":{"posx":5.740531871003218e-18,"posy":0.19999999999999996,"posz":-0.046875,"roty":0,"rotx":0},"shadow":{"posx":5.740531871003218e-18,"posy":0,"posz":-0.046875,"roty":0,"rotx":0}}}