# This file was generated by Animated Java via MC-Build. It is not recommended to edit this file directly.
$data merge entity $(bone_eyes) {transformation: [-1f,0f,0f,-0.0156f,0f,0.9994f,-0.036f,1.7336f,0f,-0.036f,-0.9994f,0.3106f,0f,0f,0f,1f],start_interpolation: 0,interpolation_duration: 1}
$data merge entity $(bone_head) {transformation: [-1f,0f,0f,0f,0f,0.9994f,-0.036f,1.3811f,0f,-0.036f,-0.9994f,0.0719f,0f,0f,0f,1f],start_interpolation: 0,interpolation_duration: 1}
$data merge entity $(bone_fabric_overray) {transformation: [-1f,0f,0f,0f,0f,0.9744f,0.2249f,1.3811f,0f,0.2249f,-0.9744f,0.0719f,0f,0f,0f,1f],start_interpolation: 0,interpolation_duration: 1}
$data merge entity $(bone_fabric) {transformation: [-1f,0f,0f,0f,0f,0.9744f,0.2249f,1.3811f,0f,0.2249f,-0.9744f,0.0719f,0f,0f,0f,1f],start_interpolation: 0,interpolation_duration: 1}
$data merge entity $(bone_bone_overray) {transformation: [-1f,0f,0f,0f,0f,0.9744f,0.2249f,1.3811f,0f,0.2249f,-0.9744f,0.0719f,0f,0f,0f,1f],start_interpolation: 0,interpolation_duration: 1}
$data merge entity $(bone_bone) {transformation: [-1f,0f,0f,0f,0f,0.9744f,0.2249f,1.3811f,0f,0.2249f,-0.9744f,0.0719f,0f,0f,0f,1f],start_interpolation: 0,interpolation_duration: 1}
$data merge entity $(bone_left_arm1) {transformation: [-0.9945f,-0.1036f,0.0136f,0.25f,-0.1019f,0.9901f,0.0965f,1.3202f,-0.0235f,0.0946f,-0.9952f,0.0578f,0f,0f,0f,1f],start_interpolation: 0,interpolation_duration: 1}
$data merge entity $(bone_right_arm1) {transformation: [-0.9945f,0.1036f,-0.0136f,-0.25f,0.1019f,0.9901f,0.0965f,1.3202f,0.0235f,0.0946f,-0.9952f,0.0578f,0f,0f,0f,1f],start_interpolation: 0,interpolation_duration: 1}
data modify entity @s data merge value {"cameras":{},"locators":{"mouse":{"posx":-3.898687066107357e-17,"posy":1.483739065352249,"posz":0.31835195819903134,"roty":0,"rotx":-2.0629648989338385},"left_arm":{"posx":0.3834061363051532,"posy":0.6458187280650858,"posz":-0.0057312791138494495,"roty":0.785417380446205,"rotx":5.538252835443095},"right_arm":{"posx":-0.38340613630515313,"posy":0.6458187280650858,"posz":-0.005731279113849519,"roty":359.2145826195538,"rotx":5.538252835443095},"intaract2":{"posx":-6.888638245203861e-18,"posy":1.2,"posz":0.056249999999999994,"roty":0,"rotx":0},"intaract":{"posx":6.888638245203861e-18,"posy":0.19999999999999996,"posz":-0.056249999999999994,"roty":0,"rotx":0},"shadow":{"posx":6.888638245203861e-18,"posy":0,"posz":-0.056249999999999994,"roty":0,"rotx":0}}}