# This file was generated by Animated Java via MC-Build. It is not recommended to edit this file directly.
$data merge entity $(bone_eyes) {transformation: [-1f,0f,0f,-0.0156f,0f,0.9994f,-0.0342f,1.733f,0f,-0.0342f,-0.9994f,0.3169f,0f,0f,0f,1f],start_interpolation: 0,interpolation_duration: 1}
$data merge entity $(bone_head) {transformation: [-1f,0f,0f,0f,0f,0.9994f,-0.0342f,1.3808f,0f,-0.0342f,-0.9994f,0.0776f,0f,0f,0f,1f],start_interpolation: 0,interpolation_duration: 1}
$data merge entity $(bone_fabric_overray) {transformation: [-1f,0f,0f,0f,0f,0.9702f,0.2423f,1.3808f,0f,0.2423f,-0.9702f,0.0776f,0f,0f,0f,1f],start_interpolation: 0,interpolation_duration: 1}
$data merge entity $(bone_fabric) {transformation: [-1f,0f,0f,0f,0f,0.9702f,0.2423f,1.3808f,0f,0.2423f,-0.9702f,0.0776f,0f,0f,0f,1f],start_interpolation: 0,interpolation_duration: 1}
$data merge entity $(bone_bone_overray) {transformation: [-1f,0f,0f,0f,0f,0.9702f,0.2423f,1.3808f,0f,0.2423f,-0.9702f,0.0776f,0f,0f,0f,1f],start_interpolation: 0,interpolation_duration: 1}
$data merge entity $(bone_bone) {transformation: [-1f,0f,0f,0f,0f,0.9702f,0.2423f,1.3808f,0f,0.2423f,-0.9702f,0.0776f,0f,0f,0f,1f],start_interpolation: 0,interpolation_duration: 1}
$data merge entity $(bone_left_arm1) {transformation: [-0.9925f,-0.1205f,0.0185f,0.25f,-0.1182f,0.9886f,0.093f,1.3202f,-0.0295f,0.0901f,-0.9955f,0.0624f,0f,0f,0f,1f],start_interpolation: 0,interpolation_duration: 1}
$data merge entity $(bone_right_arm1) {transformation: [-0.9925f,0.1205f,-0.0185f,-0.25f,0.1182f,0.9886f,0.093f,1.3202f,0.0295f,0.0901f,-0.9955f,0.0624f,0f,0f,0f,1f],start_interpolation: 0,interpolation_duration: 1}
data modify entity @s data merge value {"cameras":{},"locators":{"mouse":{"posx":-3.970649267629582e-17,"posy":1.4830722628273179,"posz":0.32422811788624306,"roty":0,"rotx":-1.958807821905665},"left_arm":{"posx":0.39484417520282533,"posy":0.6479061173663466,"posz":0.0023392887114029315,"roty":1.0669000309982835,"rotx":5.335182409031667},"right_arm":{"posx":-0.39484417520282533,"posy":0.6479061173663466,"posz":0.0023392887114028205,"roty":358.9330999690017,"rotx":5.335182409031668},"intaract2":{"posx":-8.036744619404505e-18,"posy":1.2,"posz":0.06562499999999999,"roty":0,"rotx":0},"intaract":{"posx":8.036744619404505e-18,"posy":0.19999999999999996,"posz":-0.06562499999999999,"roty":0,"rotx":0},"shadow":{"posx":8.036744619404505e-18,"posy":0,"posz":-0.06562499999999999,"roty":0,"rotx":0}}}