# This file was generated by Animated Java via MC-Build. It is not recommended to edit this file directly.
$data merge entity $(bone_eyes) {transformation: [-1f,0f,0f,-0.0156f,0f,0.9997f,-0.0247f,1.7303f,0f,-0.0247f,-0.9997f,0.3275f,0f,0f,0f,1f],start_interpolation: 0,interpolation_duration: 1}
$data merge entity $(bone_head) {transformation: [-1f,0f,0f,0f,0f,0.9997f,-0.0247f,1.3804f,0f,-0.0247f,-0.9997f,0.0848f,0f,0f,0f,1f],start_interpolation: 0,interpolation_duration: 1}
$data merge entity $(bone_fabric_overray) {transformation: [-1f,0f,0f,0f,0f,0.9645f,0.2643f,1.3804f,0f,0.2643f,-0.9645f,0.0848f,0f,0f,0f,1f],start_interpolation: 0,interpolation_duration: 1}
$data merge entity $(bone_fabric) {transformation: [-1f,0f,0f,0f,0f,0.9645f,0.2643f,1.3804f,0f,0.2643f,-0.9645f,0.0848f,0f,0f,0f,1f],start_interpolation: 0,interpolation_duration: 1}
$data merge entity $(bone_bone_overray) {transformation: [-1f,0f,0f,0f,0f,0.9645f,0.2643f,1.3804f,0f,0.2643f,-0.9645f,0.0848f,0f,0f,0f,1f],start_interpolation: 0,interpolation_duration: 1}
$data merge entity $(bone_bone) {transformation: [-1f,0f,0f,0f,0f,0.9645f,0.2643f,1.3804f,0f,0.2643f,-0.9645f,0.0848f,0f,0f,0f,1f],start_interpolation: 0,interpolation_duration: 1}
$data merge entity $(bone_left_arm1) {transformation: [-0.9903f,-0.1371f,0.0242f,0.25f,-0.1342f,0.9864f,0.0944f,1.3201f,-0.0368f,0.0902f,-0.9952f,0.0683f,0f,0f,0f,1f],start_interpolation: 0,interpolation_duration: 1}
$data merge entity $(bone_right_arm1) {transformation: [-0.9903f,0.1371f,-0.0242f,-0.25f,0.1342f,0.9864f,0.0944f,1.3201f,0.0368f,0.0902f,-0.9952f,0.0683f,0f,0f,0f,1f],start_interpolation: 0,interpolation_duration: 1}
data modify entity @s data merge value {"cameras":{},"locators":{"mouse":{"posx":-4.0708353541372853e-17,"posy":1.4803118103860862,"posz":0.33240893267932925,"roty":0,"rotx":-1.4172361182990418},"left_arm":{"posx":0.4061196441212516,"posy":0.6503380376178609,"posz":0.008545801930048141,"roty":1.391024306675888,"rotx":5.416977994058362},"right_arm":{"posx":-0.4061196441212516,"posy":0.6503380376178609,"posz":0.008545801930048072,"roty":358.6089756933241,"rotx":5.416977994058361},"intaract2":{"posx":-9.18485099360515e-18,"posy":1.2,"posz":0.07500000000000001,"roty":0,"rotx":0},"intaract":{"posx":9.18485099360515e-18,"posy":0.19999999999999996,"posz":-0.07500000000000001,"roty":0,"rotx":0},"shadow":{"posx":9.18485099360515e-18,"posy":0,"posz":-0.07500000000000001,"roty":0,"rotx":0}}}