# This file was generated by Animated Java via MC-Build. It is not recommended to edit this file directly.
$data merge entity $(bone_eyes) {transformation: [-1f,0f,0f,-0.0156f,0f,1f,-0.003f,1.7241f,0f,-0.003f,-1f,0.344f,0f,0f,0f,1f],start_interpolation: 0,interpolation_duration: 1}
$data merge entity $(bone_head) {transformation: [-1f,0f,0f,0f,0f,1f,-0.003f,1.3796f,0f,-0.003f,-1f,0.0938f,0f,0f,0f,1f],start_interpolation: 0,interpolation_duration: 1}
$data merge entity $(bone_fabric_overray) {transformation: [-1f,0f,0f,0f,0f,0.9566f,0.2915f,1.3796f,0f,0.2915f,-0.9566f,0.0938f,0f,0f,0f,1f],start_interpolation: 0,interpolation_duration: 1}
$data merge entity $(bone_fabric) {transformation: [-1f,0f,0f,0f,0f,0.9566f,0.2915f,1.3796f,0f,0.2915f,-0.9566f,0.0938f,0f,0f,0f,1f],start_interpolation: 0,interpolation_duration: 1}
$data merge entity $(bone_bone_overray) {transformation: [-1f,0f,0f,0f,0f,0.9566f,0.2915f,1.3796f,0f,0.2915f,-0.9566f,0.0938f,0f,0f,0f,1f],start_interpolation: 0,interpolation_duration: 1}
$data merge entity $(bone_bone) {transformation: [-1f,0f,0f,0f,0f,0.9566f,0.2915f,1.3796f,0f,0.2915f,-0.9566f,0.0938f,0f,0f,0f,1f],start_interpolation: 0,interpolation_duration: 1}
$data merge entity $(bone_left_arm1) {transformation: [-0.9877f,-0.1534f,0.0305f,0.25f,-0.1496f,0.9835f,0.1016f,1.3199f,-0.0456f,0.0958f,-0.9944f,0.0756f,0f,0f,0f,1f],start_interpolation: 0,interpolation_duration: 1}
$data merge entity $(bone_right_arm1) {transformation: [-0.9877f,0.1534f,-0.0305f,-0.25f,0.1496f,0.9835f,0.1016f,1.3199f,0.0456f,0.0958f,-0.9944f,0.0756f,0f,0f,0f,1f],start_interpolation: 0,interpolation_duration: 1}
data modify entity @s data merge value {"cameras":{},"locators":{"mouse":{"posx":-4.2071650670489076e-17,"posy":1.474137271893606,"posz":0.34354109854188974,"roty":0,"rotx":-0.17000000000000298},"left_arm":{"posx":0.4172126979904045,"posy":0.6530536761988289,"posz":0.01258760098761795,"roty":1.7579757469004846,"rotx":5.832309204944025},"right_arm":{"posx":-0.4172126979904045,"posy":0.6530536761988289,"posz":0.01258760098761788,"roty":358.24202425309954,"rotx":5.832309204944024},"intaract2":{"posx":-1.0332957367805793e-17,"posy":1.2,"posz":0.084375,"roty":0,"rotx":0},"intaract":{"posx":1.0332957367805793e-17,"posy":0.19999999999999996,"posz":-0.084375,"roty":0,"rotx":0},"shadow":{"posx":1.0332957367805793e-17,"posy":0,"posz":-0.084375,"roty":0,"rotx":0}}}